M 0.185 0.829
C 0.185 0.859 0.21 0.907 0.265 0.907
C 0.329 0.907 0.36 0.868 0.36 0.828
C 0.36 0.77 0.302 0.77 0.291 0.728
C 0.288 0.715 0.297 0.676 0.262 0.676
C 0.249 0.676 0.239 0.685 0.235 0.697
C 0.233 0.704 0.233 0.71 0.233 0.717
C 0.233 0.793 0.302 0.809 0.302 0.829
C 0.302 0.842 0.284 0.851 0.268 0.851
C 0.227 0.851 0.258 0.811 0.223 0.799
C 0.22 0.798 0.217 0.798 0.214 0.798
C 0.199 0.798 0.185 0.811 0.185 0.829
Z
M 0.079 0.031
C 0.079 0.061 0.105 0.061 0.12 0.061
L 0.228 0.061
L 0.228 0.55
L 0.12 0.55
C 0.105 0.55 0.079 0.55 0.079 0.581
C 0.079 0.611 0.105 0.611 0.12 0.611
L 0.405 0.611
C 0.42 0.611 0.446 0.611 0.446 0.58
C 0.446 0.55 0.42 0.55 0.405 0.55
L 0.297 0.55
L 0.297 0.061
L 0.405 0.061
C 0.42 0.061 0.446 0.061 0.446 0.03
C 0.446 0 0.42 0 0.405 0
L 0.12 0
C 0.105 0 0.079 0 0.079 0.031
Z
