M 0.083 -0.132
C 0.083 -0.068 0.136 0.028 0.298 0.028
L 0.298 0.369
L 0.183 0.369
C 0.156 0.369 0.149 0.388 0.149 0.4
C 0.149 0.411 0.154 0.43 0.186 0.43
L 0.332 0.43
C 0.345 0.43 0.368 0.429 0.368 0.395
L 0.368 0.028
L 0.492 0.028
C 0.52 0.028 0.527 0.01 0.527 -0.002
C 0.527 -0.018 0.52 -0.033 0.492 -0.033
L 0.368 -0.033
C 0.368 -0.183 0.277 -0.227 0.216 -0.227
C 0.159 -0.227 0.083 -0.204 0.083 -0.132
Z
M 0.153 -0.128
C 0.153 -0.159 0.195 -0.166 0.219 -0.166
C 0.258 -0.166 0.298 -0.13 0.298 -0.039
L 0.298 -0.033
C 0.167 -0.033 0.153 -0.112 0.153 -0.128
Z
M 0.267 0.561
C 0.267 0.591 0.292 0.611 0.317 0.611
C 0.347 0.611 0.367 0.586 0.367 0.561
C 0.367 0.536 0.346 0.511 0.317 0.511
C 0.287 0.511 0.267 0.536 0.267 0.561
Z
