M 0.212 -0.107
C 0.212 -0.078 0.238 -0.057 0.262 -0.057
C 0.288 -0.057 0.312 -0.078 0.312 -0.107
C 0.312 -0.136 0.288 -0.157 0.264 -0.157
C 0.234 -0.157 0.212 -0.134 0.212 -0.107
Z
M 0.017 0.03
C 0.017 0.061 0.038 0.061 0.07 0.061
L 0.07 0.55
C 0.038 0.55 0.017 0.55 0.017 0.581
C 0.017 0.611 0.042 0.611 0.057 0.611
L 0.113 0.611
C 0.127 0.611 0.152 0.611 0.162 0.587
C 0.164 0.581 0.252 0.322 0.262 0.275
L 0.263 0.275
C 0.269 0.304 0.278 0.333 0.29 0.369
L 0.357 0.571
C 0.366 0.597 0.37 0.611 0.411 0.611
L 0.467 0.611
C 0.482 0.611 0.507 0.611 0.507 0.581
C 0.507 0.55 0.486 0.55 0.454 0.55
L 0.454 0.061
C 0.486 0.061 0.507 0.061 0.507 0.03
C 0.507 0 0.482 0 0.467 0
L 0.385 0
C 0.37 0 0.345 0 0.345 0.03
C 0.345 0.061 0.366 0.061 0.398 0.061
L 0.398 0.538
L 0.397 0.538
C 0.385 0.485 0.3 0.232 0.297 0.226
C 0.289 0.212 0.275 0.204 0.262 0.204
C 0.25 0.204 0.238 0.211 0.232 0.219
C 0.227 0.226 0.214 0.264 0.206 0.287
C 0.202 0.3 0.138 0.492 0.127 0.538
L 0.126 0.538
L 0.126 0.061
C 0.158 0.061 0.179 0.061 0.179 0.03
C 0.179 0 0.154 0 0.139 0
L 0.057 0
C 0.042 0 0.017 0 0.017 0.03
Z
