M 0.078 0.03
C 0.078 0.061 0.103 0.061 0.119 0.061
L 0.24 0.061
L 0.24 0.37
L 0.127 0.37
C 0.112 0.37 0.086 0.37 0.086 0.401
C 0.086 0.431 0.112 0.431 0.127 0.431
L 0.269 0.431
C 0.303 0.431 0.309 0.421 0.309 0.39
L 0.309 0.061
L 0.414 0.061
C 0.429 0.061 0.455 0.061 0.455 0.03
C 0.455 0 0.429 0 0.414 0
L 0.119 0
C 0.104 0 0.078 0 0.078 0.03
Z
M 0.097 0.608
C 0.097 0.627 0.111 0.639 0.128 0.639
C 0.158 0.639 0.159 0.609 0.16 0.604
C 0.17 0.565 0.25 0.563 0.273 0.563
C 0.311 0.563 0.371 0.569 0.385 0.598
C 0.389 0.607 0.386 0.639 0.419 0.639
C 0.437 0.639 0.45 0.627 0.45 0.608
C 0.45 0.564 0.413 0.498 0.274 0.498
C 0.134 0.498 0.097 0.564 0.097 0.608
Z
