M 0.044 0.024
C 0.044 0.043 0.058 0.101 0.058 0.216
C 0.058 0.322 0.044 0.393 0.044 0.407
C 0.044 0.43 0.064 0.444 0.084 0.444
C 0.1 0.444 0.125 0.438 0.125 0.394
L 0.125 0.266
C 0.167 0.339 0.258 0.437 0.393 0.437
C 0.445 0.437 0.477 0.429 0.477 0.398
C 0.477 0.378 0.461 0.364 0.445 0.364
C 0.434 0.364 0.417 0.37 0.391 0.37
C 0.263 0.37 0.187 0.261 0.158 0.193
C 0.249 0.154 0.326 0.071 0.436 0.065
C 0.444 0.065 0.479 0.066 0.479 0.032
C 0.479 0.023 0.475 0 0.442 0
C 0.332 0 0.245 0.099 0.142 0.149
C 0.133 0.115 0.126 0.079 0.125 0.038
L 0.125 0.033
C 0.125 -0.004 0.101 -0.014 0.084 -0.014
C 0.064 -0.014 0.044 0 0.044 0.024
Z
