M 0.172 0.727
C 0.172 0.749 0.192 0.754 0.204 0.758
C 0.345 0.806 0.344 0.807 0.354 0.807
C 0.371 0.807 0.388 0.793 0.388 0.772
C 0.388 0.75 0.372 0.741 0.356 0.736
C 0.22 0.69 0.21 0.686 0.204 0.686
C 0.178 0.686 0.172 0.718 0.172 0.727
Z
M 0.028 0.031
C 0.028 0.061 0.053 0.061 0.068 0.061
L 0.093 0.061
L 0.093 0.55
L 0.068 0.55
C 0.052 0.55 0.028 0.55 0.028 0.581
C 0.028 0.611 0.053 0.611 0.068 0.611
L 0.136 0.611
C 0.163 0.611 0.178 0.608 0.19 0.575
L 0.374 0.075
L 0.375 0.075
L 0.375 0.55
L 0.35 0.55
C 0.335 0.55 0.31 0.55 0.31 0.58
C 0.31 0.611 0.334 0.611 0.35 0.611
L 0.456 0.611
C 0.472 0.611 0.496 0.611 0.496 0.58
C 0.496 0.55 0.471 0.55 0.456 0.55
L 0.431 0.55
L 0.431 0.041
C 0.431 0.003 0.419 0 0.389 0
C 0.363 0 0.347 0.001 0.334 0.036
L 0.15 0.536
L 0.149 0.536
L 0.149 0.061
L 0.174 0.061
C 0.19 0.061 0.214 0.061 0.214 0.03
C 0.214 0 0.189 0 0.174 0
L 0.068 0
C 0.052 0 0.028 0 0.028 0.031
Z
