M 0.037 0.306
C 0.037 0.317 0.043 0.337 0.077 0.337
L 0.231 0.337
L 0.231 0.489
C 0.231 0.496 0.231 0.503 0.233 0.509
C 0.237 0.521 0.249 0.53 0.262 0.53
C 0.287 0.53 0.293 0.511 0.293 0.489
L 0.293 0.337
L 0.447 0.337
C 0.482 0.337 0.486 0.316 0.486 0.306
C 0.486 0.277 0.461 0.275 0.449 0.275
L 0.293 0.275
L 0.293 0.122
C 0.293 0.115 0.293 0.109 0.291 0.103
C 0.287 0.091 0.275 0.081 0.262 0.081
C 0.249 0.081 0.237 0.091 0.233 0.103
C 0.231 0.109 0.231 0.115 0.231 0.122
L 0.231 0.275
L 0.08 0.275
C 0.073 0.275 0.067 0.274 0.06 0.276
C 0.047 0.28 0.037 0.292 0.037 0.306
Z
