M 0.006 0.296
C 0.006 0.364 0.013 0.436 0.08 0.436
C 0.125 0.436 0.179 0.399 0.179 0.33
L 0.179 0.197
C 0.179 0.142 0.183 0.098 0.218 0.072
C 0.234 0.06 0.253 0.056 0.268 0.056
C 0.348 0.056 0.358 0.183 0.358 0.236
L 0.358 0.369
L 0.31 0.369
C 0.297 0.369 0.273 0.37 0.273 0.399
C 0.273 0.424 0.291 0.43 0.31 0.43
L 0.477 0.43
C 0.506 0.43 0.513 0.414 0.513 0.399
C 0.513 0.37 0.489 0.369 0.476 0.369
L 0.428 0.369
L 0.428 -0.106
C 0.427 -0.153 0.456 -0.163 0.469 -0.166
C 0.474 -0.152 0.475 -0.135 0.475 -0.117
C 0.475 -0.101 0.474 -0.091 0.474 -0.083
C 0.474 -0.058 0.49 -0.05 0.506 -0.05
L 0.508 -0.05
C 0.541 -0.05 0.545 -0.064 0.545 -0.113
C 0.545 -0.177 0.53 -0.227 0.47 -0.227
C 0.425 -0.227 0.358 -0.193 0.358 -0.105
L 0.358 0.03
C 0.321 -0.004 0.283 -0.005 0.27 -0.005
L 0.268 -0.005
C 0.21 -0.005 0.109 0.022 0.109 0.187
L 0.109 0.324
C 0.109 0.349 0.106 0.364 0.083 0.374
C 0.077 0.352 0.076 0.333 0.076 0.317
L 0.076 0.3
C 0.076 0.28 0.075 0.259 0.042 0.259
L 0.038 0.259
C 0.013 0.259 0.006 0.275 0.006 0.296
Z
