M 0.1 -0.174
C 0.1 -0.162 0.106 -0.154 0.12 -0.144
C 0.25 -0.047 0.252 -0.047 0.262 -0.047
L 0.264 -0.047
C 0.275 -0.047 0.276 -0.05 0.408 -0.145
C 0.414 -0.15 0.426 -0.159 0.426 -0.173
C 0.426 -0.189 0.408 -0.212 0.39 -0.212
C 0.372 -0.212 0.304 -0.153 0.262 -0.12
C 0.158 -0.203 0.15 -0.212 0.136 -0.212
C 0.116 -0.212 0.1 -0.188 0.1 -0.174
Z
M 0.026 0.497
L 0.026 0.57
C 0.026 0.603 0.034 0.611 0.067 0.611
L 0.458 0.611
C 0.492 0.611 0.498 0.601 0.498 0.57
L 0.498 0.497
C 0.498 0.477 0.498 0.456 0.463 0.456
C 0.429 0.456 0.429 0.478 0.429 0.497
L 0.429 0.55
L 0.297 0.55
L 0.297 0.061
L 0.349 0.061
C 0.365 0.061 0.389 0.061 0.389 0.03
C 0.389 0 0.364 0 0.349 0
L 0.176 0
C 0.16 0 0.136 0 0.136 0.031
C 0.136 0.061 0.161 0.061 0.176 0.061
L 0.228 0.061
L 0.228 0.55
L 0.095 0.55
L 0.095 0.497
C 0.095 0.477 0.095 0.456 0.06 0.456
C 0.026 0.456 0.026 0.478 0.026 0.497
Z
