M 0 0.72
C 0 0.746 0.016 0.752 0.034 0.752
L 0.492 0.752
C 0.518 0.751 0.524 0.734 0.524 0.72
C 0.524 0.706 0.518 0.689 0.492 0.689
L 0.036 0.689
C 0.017 0.689 0 0.695 0 0.72
Z
M 0.078 0.031
C 0.078 0.061 0.101 0.062 0.112 0.062
L 0.227 0.062
L 0.227 0.577
L 0.113 0.577
C 0.102 0.577 0.078 0.578 0.078 0.608
C 0.078 0.622 0.085 0.639 0.112 0.639
L 0.412 0.639
C 0.421 0.639 0.445 0.638 0.445 0.608
C 0.445 0.584 0.429 0.577 0.409 0.577
L 0.297 0.577
L 0.297 0.062
L 0.409 0.062
C 0.429 0.062 0.445 0.055 0.445 0.031
C 0.445 0.002 0.421 0 0.413 0
L 0.112 0
C 0.085 0.001 0.078 0.017 0.078 0.031
Z
