M 0.021 -0.107
C 0.021 -0.067 0.088 -0.089 0.114 0.003
C 0.108 0.002 0.101 0.001 0.095 0.001
L 0.094 0.001
C 0.057 0.001 0.031 0.029 0.031 0.063
C 0.031 0.094 0.054 0.126 0.095 0.126
C 0.145 0.126 0.178 0.078 0.178 0.026
C 0.178 -0.079 0.083 -0.138 0.053 -0.138
C 0.036 -0.138 0.021 -0.122 0.021 -0.107
Z
M 0.358 -0.106
C 0.358 -0.066 0.424 -0.09 0.45 0.003
C 0.444 0.002 0.437 0.001 0.431 0.001
L 0.43 0.001
C 0.393 0.001 0.368 0.029 0.368 0.063
C 0.368 0.094 0.39 0.126 0.431 0.126
C 0.471 0.126 0.514 0.09 0.514 0.026
C 0.514 -0.079 0.419 -0.138 0.389 -0.138
C 0.372 -0.138 0.358 -0.122 0.358 -0.106
Z
