M 0.072 0.61
C 0.072 0.626 0.086 0.639 0.101 0.639
C 0.124 0.639 0.205 0.562 0.217 0.562
C 0.232 0.562 0.309 0.639 0.333 0.639
C 0.35 0.639 0.362 0.622 0.362 0.61
C 0.362 0.591 0.357 0.592 0.242 0.496
C 0.237 0.492 0.228 0.484 0.217 0.484
L 0.214 0.484
C 0.205 0.484 0.201 0.488 0.092 0.579
C 0.083 0.586 0.072 0.595 0.072 0.61
Z
M 0.012 0.03
C 0.012 0.061 0.037 0.061 0.053 0.061
L 0.097 0.061
L 0.097 0.37
L 0.052 0.37
C 0.038 0.37 0.012 0.37 0.012 0.4
C 0.012 0.431 0.037 0.431 0.053 0.431
L 0.126 0.431
C 0.166 0.431 0.166 0.416 0.166 0.384
C 0.185 0.403 0.23 0.437 0.297 0.437
C 0.376 0.437 0.427 0.394 0.427 0.293
L 0.427 0.061
L 0.471 0.061
C 0.487 0.061 0.512 0.061 0.512 0.03
C 0.512 0 0.486 0 0.472 0
L 0.319 0
C 0.305 0 0.278 0 0.278 0.03
C 0.278 0.061 0.303 0.061 0.319 0.061
L 0.358 0.061
L 0.358 0.288
C 0.358 0.348 0.344 0.376 0.291 0.376
C 0.24 0.376 0.166 0.338 0.166 0.238
L 0.166 0.061
L 0.21 0.061
C 0.226 0.061 0.251 0.061 0.251 0.03
C 0.251 0 0.225 0 0.211 0
L 0.052 0
C 0.038 0 0.012 0 0.012 0.03
Z
