M 0.027 0.03
C 0.027 0.061 0.051 0.061 0.067 0.061
L 0.089 0.061
L 0.222 0.325
L 0.102 0.55
L 0.079 0.55
C 0.064 0.55 0.038 0.55 0.038 0.581
C 0.038 0.611 0.064 0.611 0.079 0.611
L 0.183 0.611
C 0.198 0.611 0.223 0.611 0.223 0.581
C 0.223 0.55 0.2 0.55 0.18 0.55
L 0.257 0.404
L 0.328 0.55
C 0.305 0.55 0.282 0.55 0.282 0.581
C 0.282 0.611 0.307 0.611 0.322 0.611
L 0.426 0.611
C 0.441 0.611 0.467 0.611 0.467 0.58
C 0.467 0.55 0.441 0.55 0.426 0.55
L 0.404 0.55
L 0.291 0.326
L 0.432 0.061
L 0.455 0.061
C 0.47 0.061 0.496 0.061 0.496 0.03
C 0.496 0 0.47 0 0.455 0
L 0.351 0
C 0.336 0 0.311 0 0.311 0.03
C 0.311 0.061 0.333 0.061 0.356 0.061
L 0.257 0.255
L 0.165 0.061
C 0.188 0.061 0.212 0.061 0.212 0.03
C 0.212 0 0.186 0 0.171 0
L 0.067 0
C 0.052 0 0.027 0 0.027 0.03
Z
M 0.11 0.768
C 0.11 0.796 0.132 0.819 0.16 0.819
C 0.186 0.819 0.21 0.798 0.21 0.769
C 0.21 0.742 0.189 0.719 0.16 0.719
C 0.134 0.719 0.11 0.739 0.11 0.768
Z
M 0.314 0.768
C 0.314 0.795 0.336 0.819 0.364 0.819
C 0.39 0.819 0.414 0.798 0.414 0.769
C 0.414 0.741 0.393 0.719 0.364 0.719
C 0.334 0.719 0.314 0.743 0.314 0.768
Z
