M 0.078 0.03
C 0.078 0.061 0.103 0.061 0.119 0.061
L 0.24 0.061
L 0.24 0.37
L 0.127 0.37
C 0.112 0.37 0.086 0.37 0.086 0.401
C 0.086 0.431 0.112 0.431 0.127 0.431
L 0.269 0.431
C 0.303 0.431 0.309 0.421 0.309 0.39
L 0.309 0.061
L 0.414 0.061
C 0.429 0.061 0.455 0.061 0.455 0.03
C 0.455 0 0.429 0 0.414 0
L 0.119 0
C 0.104 0 0.078 0 0.078 0.03
Z
M 0.142 0.604
C 0.142 0.624 0.159 0.639 0.176 0.639
L 0.178 0.639
C 0.187 0.639 0.189 0.637 0.327 0.577
C 0.338 0.572 0.355 0.564 0.355 0.546
C 0.355 0.531 0.343 0.506 0.322 0.506
L 0.321 0.506
C 0.313 0.506 0.311 0.508 0.173 0.568
C 0.161 0.574 0.142 0.582 0.142 0.604
Z
