M 0.04 0.156
C 0.04 0.183 0.057 0.19 0.072 0.19
L 0.075 0.19
C 0.118 0.19 0.106 0.16 0.115 0.132
C 0.129 0.088 0.178 0.051 0.234 0.051
C 0.324 0.051 0.395 0.144 0.412 0.275
L 0.156 0.275
C 0.14 0.275 0.117 0.276 0.117 0.306
C 0.117 0.335 0.14 0.336 0.156 0.336
L 0.413 0.336
C 0.403 0.484 0.313 0.56 0.238 0.56
C 0.181 0.56 0.124 0.517 0.111 0.447
C 0.106 0.421 0.1 0.412 0.074 0.412
L 0.073 0.412
C 0.039 0.413 0.04 0.437 0.04 0.453
L 0.04 0.584
C 0.04 0.592 0.039 0.622 0.07 0.622
C 0.092 0.622 0.1 0.604 0.113 0.577
C 0.138 0.595 0.179 0.622 0.242 0.622
C 0.377 0.622 0.484 0.481 0.484 0.305
C 0.484 0.135 0.382 -0.011 0.242 -0.011
C 0.111 -0.011 0.04 0.085 0.04 0.156
Z
