M 0.29 0.732
C 0.29 0.761 0.314 0.782 0.34 0.782
C 0.366 0.782 0.39 0.761 0.39 0.732
C 0.39 0.703 0.366 0.682 0.34 0.682
C 0.31 0.682 0.29 0.707 0.29 0.732
Z
M 0.133 0.732
C 0.133 0.761 0.157 0.782 0.183 0.782
C 0.209 0.782 0.233 0.761 0.233 0.732
C 0.233 0.703 0.208 0.682 0.184 0.682
C 0.154 0.682 0.133 0.705 0.133 0.732
Z
M 0.078 0.031
C 0.078 0.061 0.101 0.062 0.112 0.062
L 0.227 0.062
L 0.227 0.577
L 0.113 0.577
C 0.102 0.577 0.078 0.578 0.078 0.608
C 0.078 0.622 0.085 0.639 0.112 0.639
L 0.412 0.639
C 0.421 0.639 0.445 0.638 0.445 0.608
C 0.445 0.584 0.429 0.577 0.409 0.577
L 0.297 0.577
L 0.297 0.062
L 0.409 0.062
C 0.429 0.062 0.445 0.055 0.445 0.031
C 0.445 0.002 0.421 0 0.413 0
L 0.112 0
C 0.085 0.001 0.078 0.017 0.078 0.031
Z
