M 0.027 0.031
C 0.027 0.056 0.045 0.062 0.064 0.062
L 0.086 0.062
L 0.207 0.584
C 0.214 0.615 0.225 0.623 0.252 0.623
L 0.275 0.623
C 0.299 0.623 0.311 0.609 0.315 0.589
L 0.437 0.062
L 0.459 0.062
C 0.479 0.062 0.496 0.056 0.496 0.031
C 0.496 0.016 0.49 0 0.461 0
L 0.345 0
C 0.316 0 0.309 0.016 0.309 0.031
C 0.309 0.047 0.317 0.062 0.345 0.062
L 0.365 0.062
L 0.342 0.164
L 0.182 0.164
L 0.158 0.062
L 0.179 0.062
C 0.208 0.062 0.215 0.046 0.215 0.031
C 0.215 0.015 0.207 0 0.179 0
L 0.063 0
C 0.034 0 0.027 0.016 0.027 0.031
Z
M 0.196 0.225
L 0.328 0.225
C 0.279 0.445 0.265 0.509 0.262 0.541
L 0.237 0.411
Z
M 0.227 -0.109
C 0.227 -0.083 0.248 -0.065 0.271 -0.065
C 0.298 -0.065 0.315 -0.087 0.315 -0.109
C 0.315 -0.135 0.295 -0.153 0.272 -0.153
C 0.246 -0.153 0.227 -0.131 0.227 -0.109
Z
