M 0.006 0.172
C 0.006 0.18 0.01 0.191 0.032 0.191
L 0.058 0.191
L 0.058 0.508
L 0.032 0.508
C 0.015 0.508 0.006 0.514 0.006 0.525
C 0.006 0.532 0.009 0.545 0.027 0.545
L 0.075 0.545
C 0.101 0.545 0.1 0.535 0.1 0.52
C 0.124 0.54 0.15 0.549 0.175 0.549
C 0.238 0.549 0.293 0.491 0.293 0.418
C 0.293 0.35 0.244 0.283 0.169 0.283
C 0.131 0.283 0.11 0.304 0.1 0.314
L 0.1 0.191
L 0.126 0.191
C 0.144 0.191 0.151 0.182 0.151 0.173
C 0.151 0.164 0.145 0.154 0.134 0.154
L 0.03 0.154
C 0.014 0.154 0.006 0.163 0.006 0.172
Z
M 0.1 0.403
C 0.1 0.353 0.135 0.321 0.172 0.321
C 0.219 0.321 0.251 0.369 0.251 0.415
C 0.251 0.465 0.218 0.512 0.173 0.512
C 0.146 0.512 0.1 0.491 0.1 0.442
L 0.1 0.403
Z
