M 0.032 0.035
C 0.032 0.05 0.043 0.062 0.049 0.068
C 0.181 0.21 0.197 0.228 0.214 0.245
L 0.214 0.246
C 0.196 0.263 0.18 0.281 0.046 0.426
C 0.039 0.434 0.032 0.442 0.032 0.456
C 0.032 0.473 0.046 0.49 0.067 0.49
L 0.071 0.49
C 0.086 0.49 0.089 0.483 0.262 0.296
L 0.427 0.474
C 0.435 0.482 0.443 0.49 0.458 0.49
C 0.479 0.49 0.492 0.473 0.492 0.455
C 0.492 0.436 0.489 0.439 0.334 0.272
C 0.326 0.263 0.318 0.254 0.31 0.246
L 0.31 0.245
C 0.328 0.228 0.344 0.209 0.478 0.064
C 0.485 0.056 0.492 0.048 0.492 0.034
C 0.492 0.017 0.478 0 0.457 0
C 0.437 0.001 0.449 -0.008 0.262 0.194
L 0.1 0.019
C 0.092 0.01 0.083 0 0.067 0
C 0.049 0 0.032 0.014 0.032 0.035
Z
M 0.032 0.245
C 0.032 0.275 0.057 0.306 0.093 0.306
C 0.125 0.306 0.154 0.281 0.154 0.245
C 0.154 0.208 0.123 0.184 0.093 0.184
C 0.061 0.184 0.032 0.209 0.032 0.245
Z
M 0.201 0.061
C 0.201 0.092 0.226 0.122 0.262 0.122
C 0.298 0.122 0.323 0.093 0.323 0.061
C 0.323 0.03 0.298 0 0.262 0
C 0.225 0 0.201 0.03 0.201 0.061
Z
M 0.201 0.429
C 0.201 0.46 0.226 0.49 0.262 0.49
C 0.294 0.49 0.323 0.464 0.323 0.429
C 0.323 0.398 0.298 0.368 0.262 0.368
C 0.225 0.368 0.201 0.399 0.201 0.429
Z
M 0.37 0.245
C 0.37 0.282 0.401 0.306 0.431 0.306
C 0.463 0.306 0.492 0.281 0.492 0.245
C 0.492 0.215 0.467 0.184 0.431 0.184
C 0.399 0.184 0.37 0.209 0.37 0.245
Z
