M 0.058 0.721
C 0.058 0.741 0.123 0.819 0.189 0.819
C 0.257 0.819 0.291 0.757 0.336 0.757
C 0.381 0.757 0.407 0.819 0.434 0.819
C 0.444 0.819 0.465 0.807 0.465 0.787
C 0.465 0.767 0.401 0.69 0.335 0.69
C 0.27 0.69 0.229 0.752 0.188 0.752
C 0.143 0.752 0.117 0.69 0.09 0.69
C 0.073 0.69 0.058 0.706 0.058 0.721
Z
M 0.018 0.581
C 0.018 0.611 0.044 0.611 0.059 0.611
L 0.161 0.611
C 0.176 0.611 0.202 0.611 0.202 0.581
C 0.202 0.55 0.181 0.55 0.146 0.55
L 0.243 0.161
C 0.252 0.124 0.256 0.107 0.261 0.072
L 0.262 0.072
C 0.269 0.115 0.288 0.191 0.301 0.244
L 0.378 0.55
C 0.343 0.55 0.322 0.55 0.322 0.581
C 0.322 0.611 0.348 0.611 0.363 0.611
L 0.465 0.611
C 0.48 0.611 0.506 0.611 0.506 0.581
C 0.506 0.55 0.485 0.55 0.449 0.55
L 0.317 0.029
C 0.308 -0.008 0.289 -0.008 0.262 -0.008
C 0.233 -0.008 0.217 -0.008 0.207 0.03
L 0.075 0.55
C 0.039 0.55 0.018 0.55 0.018 0.581
Z
