M 0.056 0.305
C 0.056 0.32 0.065 0.332 0.078 0.335
C 0.088 0.337 0.214 0.332 0.226 0.389
C 0.227 0.396 0.227 0.402 0.227 0.409
L 0.227 0.568
C 0.227 0.644 0.276 0.693 0.432 0.694
C 0.46 0.694 0.467 0.678 0.467 0.664
C 0.467 0.612 0.401 0.647 0.329 0.617
C 0.298 0.604 0.297 0.585 0.297 0.57
L 0.297 0.409
C 0.297 0.386 0.298 0.338 0.239 0.306
L 0.239 0.305
C 0.297 0.273 0.297 0.226 0.297 0.202
L 0.297 0.045
C 0.297 0.028 0.295 0.008 0.333 -0.007
C 0.401 -0.033 0.467 -0.003 0.467 -0.052
C 0.467 -0.065 0.461 -0.082 0.434 -0.083
L 0.423 -0.083
C 0.276 -0.08 0.227 -0.033 0.227 0.042
L 0.227 0.202
C 0.227 0.221 0.228 0.242 0.191 0.258
C 0.122 0.288 0.056 0.255 0.056 0.305
Z
