M 0.022 0.321
C 0.022 0.338 0.035 0.347 0.048 0.347
C 0.06 0.347 0.072 0.339 0.073 0.321
L 0.077 0.321
C 0.125 0.321 0.181 0.355 0.181 0.438
L 0.181 0.508
L 0.113 0.508
C 0.102 0.508 0.09 0.51 0.09 0.527
C 0.09 0.54 0.099 0.545 0.113 0.545
L 0.275 0.545
C 0.289 0.545 0.296 0.535 0.296 0.526
C 0.296 0.521 0.294 0.508 0.275 0.508
L 0.223 0.508
L 0.223 0.278
C 0.223 0.215 0.239 0.188 0.282 0.188
C 0.29 0.188 0.298 0.188 0.307 0.19
C 0.304 0.211 0.319 0.223 0.334 0.223
C 0.349 0.223 0.359 0.211 0.359 0.194
C 0.359 0.159 0.316 0.15 0.277 0.15
C 0.222 0.15 0.181 0.194 0.181 0.266
L 0.181 0.332
C 0.151 0.298 0.11 0.283 0.077 0.283
C 0.044 0.283 0.022 0.298 0.022 0.321
Z
