M 0.003 0.58
C 0.003 0.609 0.028 0.611 0.04 0.611
L 0.178 0.611
C 0.194 0.611 0.215 0.608 0.215 0.58
C 0.215 0.552 0.189 0.549 0.179 0.549
L 0.144 0.549
L 0.144 0.215
C 0.144 0.09 0.219 0.051 0.262 0.051
C 0.316 0.051 0.379 0.103 0.379 0.211
L 0.379 0.549
L 0.347 0.549
C 0.335 0.549 0.309 0.549 0.309 0.58
C 0.309 0.604 0.325 0.611 0.345 0.611
L 0.483 0.611
C 0.5 0.611 0.52 0.606 0.52 0.58
C 0.52 0.551 0.495 0.549 0.485 0.549
L 0.449 0.549
L 0.449 0.223
C 0.449 0.177 0.446 0.136 0.421 0.091
C 0.397 0.047 0.344 -0.011 0.262 -0.011
C 0.167 -0.011 0.079 0.071 0.074 0.195
L 0.074 0.549
L 0.038 0.549
C 0.03 0.549 0.003 0.55 0.003 0.58
Z
M 0.239 -0.109
C 0.239 -0.083 0.26 -0.065 0.283 -0.065
C 0.306 -0.065 0.327 -0.084 0.327 -0.11
C 0.327 -0.136 0.307 -0.153 0.284 -0.153
C 0.258 -0.153 0.239 -0.131 0.239 -0.109
Z
