M 0.04 0.298
C 0.04 0.566 0.184 0.622 0.279 0.622
C 0.335 0.622 0.375 0.602 0.41 0.573
C 0.424 0.604 0.431 0.622 0.454 0.622
C 0.486 0.622 0.484 0.59 0.484 0.582
L 0.484 0.441
C 0.484 0.422 0.484 0.4 0.447 0.4
C 0.411 0.4 0.416 0.429 0.408 0.456
C 0.396 0.497 0.356 0.56 0.278 0.56
C 0.206 0.56 0.098 0.52 0.098 0.297
C 0.098 -0.021 0.305 0.06 0.443 -0.025
C 0.514 -0.069 0.521 -0.124 0.521 -0.144
C 0.521 -0.198 0.475 -0.233 0.455 -0.233
C 0.439 -0.233 0.424 -0.219 0.424 -0.203
C 0.424 -0.175 0.461 -0.177 0.461 -0.142
C 0.461 -0.107 0.421 -0.072 0.372 -0.055
C 0.267 -0.019 0.171 -0.023 0.102 0.067
C 0.059 0.123 0.04 0.202 0.04 0.298
Z
