M 0.021 0.031
C 0.021 0.061 0.046 0.061 0.061 0.061
L 0.11 0.061
L 0.11 0.55
L 0.061 0.55
C 0.045 0.55 0.021 0.55 0.021 0.581
C 0.021 0.611 0.046 0.611 0.061 0.611
L 0.126 0.611
C 0.16 0.611 0.166 0.601 0.166 0.57
L 0.166 0.218
L 0.328 0.37
L 0.291 0.37
C 0.276 0.37 0.251 0.37 0.251 0.4
C 0.251 0.431 0.275 0.431 0.291 0.431
L 0.445 0.431
C 0.46 0.431 0.486 0.431 0.486 0.4
C 0.486 0.37 0.46 0.37 0.445 0.37
L 0.41 0.37
L 0.287 0.255
L 0.436 0.061
L 0.467 0.061
C 0.482 0.061 0.508 0.061 0.508 0.03
C 0.508 0 0.482 0 0.467 0
L 0.349 0
C 0.334 0 0.309 0 0.309 0.03
C 0.309 0.061 0.329 0.061 0.365 0.061
L 0.246 0.216
L 0.166 0.142
L 0.166 0.061
L 0.215 0.061
C 0.231 0.061 0.255 0.061 0.255 0.03
C 0.255 0 0.23 0 0.215 0
L 0.061 0
C 0.045 0 0.021 0 0.021 0.031
Z
M 0.122 0.781
C 0.122 0.797 0.136 0.81 0.151 0.81
C 0.174 0.81 0.254 0.733 0.266 0.733
C 0.28 0.733 0.357 0.809 0.382 0.81
C 0.399 0.81 0.411 0.795 0.411 0.781
C 0.411 0.763 0.407 0.763 0.291 0.667
C 0.286 0.663 0.277 0.655 0.266 0.655
L 0.263 0.655
C 0.254 0.655 0.25 0.659 0.141 0.75
C 0.132 0.757 0.122 0.766 0.122 0.781
Z
