M 0.099 0.697
C 0.099 0.709 0.105 0.717 0.119 0.727
C 0.249 0.824 0.251 0.824 0.261 0.824
L 0.263 0.824
C 0.274 0.824 0.275 0.821 0.407 0.726
C 0.413 0.721 0.425 0.712 0.425 0.698
C 0.425 0.682 0.407 0.659 0.389 0.659
C 0.371 0.659 0.303 0.718 0.261 0.751
C 0.157 0.668 0.149 0.659 0.135 0.659
C 0.115 0.659 0.099 0.683 0.099 0.697
Z
M 0.022 0.03
C 0.022 0.061 0.046 0.061 0.062 0.061
L 0.087 0.061
L 0.087 0.55
L 0.062 0.55
C 0.047 0.55 0.022 0.55 0.022 0.58
C 0.022 0.611 0.046 0.611 0.062 0.611
L 0.181 0.611
C 0.197 0.611 0.221 0.611 0.221 0.58
C 0.221 0.55 0.196 0.55 0.181 0.55
L 0.156 0.55
L 0.156 0.348
L 0.368 0.348
L 0.368 0.55
L 0.343 0.55
C 0.327 0.55 0.303 0.55 0.303 0.581
C 0.303 0.611 0.328 0.611 0.343 0.611
L 0.462 0.611
C 0.478 0.611 0.502 0.611 0.502 0.58
C 0.502 0.55 0.477 0.55 0.462 0.55
L 0.437 0.55
L 0.437 0.061
L 0.462 0.061
C 0.478 0.061 0.502 0.061 0.502 0.03
C 0.502 0 0.477 0 0.462 0
L 0.343 0
C 0.327 0 0.303 0 0.303 0.031
C 0.303 0.061 0.328 0.061 0.343 0.061
L 0.368 0.061
L 0.368 0.287
L 0.156 0.287
L 0.156 0.061
L 0.181 0.061
C 0.197 0.061 0.221 0.061 0.221 0.03
C 0.221 0 0.196 0 0.181 0
L 0.062 0
C 0.047 0 0.022 0 0.022 0.03
Z
