M 0.078 0.03
C 0.078 0.061 0.103 0.061 0.119 0.061
L 0.24 0.061
L 0.24 0.37
L 0.127 0.37
C 0.112 0.37 0.086 0.37 0.086 0.401
C 0.086 0.431 0.112 0.431 0.127 0.431
L 0.269 0.431
C 0.303 0.431 0.309 0.421 0.309 0.39
L 0.309 0.061
L 0.414 0.061
C 0.429 0.061 0.455 0.061 0.455 0.03
C 0.455 0 0.429 0 0.414 0
L 0.119 0
C 0.104 0 0.078 0 0.078 0.03
Z
M 0.084 0.55
C 0.084 0.566 0.091 0.582 0.119 0.582
L 0.429 0.582
C 0.456 0.582 0.463 0.564 0.463 0.55
C 0.463 0.535 0.455 0.519 0.427 0.519
L 0.118 0.519
C 0.09 0.52 0.084 0.538 0.084 0.55
Z
