M 0.105 0.751
C 0.105 0.765 0.11 0.775 0.171 0.807
C 0.179 0.811 0.217 0.833 0.245 0.833
C 0.264 0.833 0.287 0.824 0.291 0.785
C 0.345 0.805 0.369 0.833 0.388 0.833
C 0.405 0.833 0.419 0.817 0.419 0.801
C 0.419 0.782 0.404 0.775 0.374 0.757
C 0.321 0.726 0.297 0.719 0.278 0.719
C 0.262 0.719 0.236 0.724 0.232 0.766
C 0.178 0.746 0.154 0.719 0.135 0.719
C 0.118 0.719 0.105 0.735 0.105 0.751
Z
M 0.019 0.581
C 0.019 0.611 0.044 0.611 0.059 0.611
L 0.163 0.611
C 0.178 0.611 0.203 0.611 0.203 0.581
C 0.203 0.55 0.181 0.55 0.157 0.55
C 0.167 0.529 0.248 0.365 0.262 0.314
L 0.367 0.55
C 0.343 0.55 0.321 0.55 0.321 0.581
C 0.321 0.611 0.346 0.611 0.361 0.611
L 0.465 0.611
C 0.481 0.611 0.505 0.611 0.505 0.58
C 0.505 0.55 0.48 0.55 0.465 0.55
L 0.444 0.55
L 0.297 0.244
L 0.297 0.061
L 0.322 0.061
C 0.338 0.061 0.362 0.061 0.362 0.03
C 0.362 0 0.337 0 0.322 0
L 0.203 0
C 0.187 0 0.163 0 0.163 0.031
C 0.163 0.061 0.188 0.061 0.203 0.061
L 0.228 0.061
L 0.228 0.244
L 0.08 0.55
L 0.059 0.55
C 0.043 0.55 0.019 0.55 0.019 0.581
Z
