M 0.086 0.788
C 0.086 0.807 0.098 0.819 0.117 0.819
C 0.149 0.819 0.147 0.787 0.149 0.779
C 0.157 0.742 0.204 0.716 0.263 0.716
C 0.31 0.716 0.371 0.736 0.377 0.786
C 0.378 0.798 0.381 0.819 0.408 0.819
C 0.426 0.819 0.439 0.807 0.439 0.787
C 0.439 0.712 0.362 0.652 0.262 0.652
C 0.157 0.652 0.086 0.716 0.086 0.788
Z
M 0.056 0.305
C 0.056 0.595 0.077 0.622 0.262 0.622
C 0.447 0.622 0.468 0.594 0.468 0.305
C 0.468 0.016 0.446 -0.011 0.262 -0.011
C 0.077 -0.011 0.056 0.016 0.056 0.305
Z
M 0.125 0.314
C 0.125 0.259 0.125 0.172 0.137 0.121
C 0.149 0.071 0.174 0.05 0.262 0.05
C 0.351 0.05 0.377 0.071 0.388 0.127
C 0.399 0.181 0.399 0.252 0.399 0.314
C 0.399 0.375 0.399 0.45 0.387 0.497
C 0.372 0.552 0.337 0.561 0.262 0.561
C 0.18 0.561 0.149 0.549 0.136 0.49
C 0.125 0.444 0.125 0.376 0.125 0.314
Z
