M 0.027 0.03
C 0.027 0.059 0.053 0.062 0.062 0.062
L 0.09 0.062
L 0.216 0.315
C 0.221 0.325 0.22 0.328 0.216 0.336
C 0.104 0.545 0.106 0.543 0.102 0.546
C 0.098 0.549 0.091 0.549 0.086 0.549
L 0.073 0.549
C 0.045 0.55 0.039 0.566 0.039 0.58
C 0.039 0.593 0.045 0.611 0.075 0.611
L 0.188 0.611
C 0.22 0.611 0.224 0.591 0.224 0.58
C 0.224 0.569 0.22 0.549 0.188 0.549
L 0.181 0.549
L 0.257 0.405
L 0.327 0.549
L 0.316 0.549
C 0.285 0.55 0.281 0.569 0.281 0.58
C 0.281 0.59 0.285 0.611 0.318 0.611
L 0.432 0.611
C 0.46 0.611 0.467 0.595 0.467 0.58
C 0.467 0.55 0.441 0.549 0.431 0.549
L 0.404 0.549
L 0.292 0.326
C 0.297 0.316 0.303 0.306 0.308 0.296
L 0.426 0.076
C 0.444 0.042 0.465 0.002 0.465 -0.048
C 0.465 -0.131 0.415 -0.227 0.321 -0.227
C 0.264 -0.227 0.193 -0.208 0.193 -0.146
C 0.193 -0.122 0.209 -0.1 0.238 -0.1
C 0.261 -0.1 0.282 -0.117 0.282 -0.144
C 0.282 -0.149 0.282 -0.155 0.28 -0.16
C 0.295 -0.164 0.307 -0.166 0.317 -0.166
C 0.361 -0.166 0.391 -0.115 0.391 -0.041
L 0.391 -0.031
C 0.391 -0.004 0.384 0.002 0.257 0.253
L 0.166 0.062
L 0.178 0.062
C 0.208 0.062 0.213 0.042 0.213 0.031
C 0.213 0.006 0.196 0 0.176 0
L 0.062 0
C 0.032 0 0.027 0.018 0.027 0.03
Z
