M 0.026 0.215
C 0.026 0.348 0.115 0.436 0.205 0.436
C 0.242 0.436 0.269 0.424 0.299 0.4
L 0.299 0.44
C 0.299 0.585 0.381 0.617 0.427 0.617
C 0.472 0.617 0.512 0.586 0.512 0.542
C 0.512 0.515 0.493 0.497 0.468 0.497
C 0.445 0.497 0.424 0.515 0.424 0.541
C 0.424 0.546 0.425 0.55 0.426 0.555
C 0.4 0.553 0.369 0.531 0.369 0.447
L 0.369 -0.046
C 0.369 -0.155 0.38 -0.165 0.403 -0.165
C 0.402 -0.16 0.401 -0.156 0.401 -0.151
C 0.401 -0.124 0.422 -0.107 0.446 -0.107
C 0.466 -0.107 0.49 -0.121 0.49 -0.152
C 0.49 -0.189 0.456 -0.227 0.4 -0.227
C 0.324 -0.227 0.309 -0.146 0.305 -0.125
C 0.3 -0.095 0.299 -0.065 0.299 -0.034
L 0.299 0.039
C 0.275 0.016 0.244 -0.005 0.197 -0.005
C 0.1 -0.005 0.026 0.095 0.026 0.215
Z
M 0.096 0.215
C 0.096 0.12 0.148 0.056 0.201 0.056
C 0.264 0.056 0.299 0.135 0.299 0.184
L 0.299 0.275
C 0.299 0.31 0.267 0.374 0.209 0.374
C 0.157 0.374 0.096 0.315 0.096 0.215
Z
