M 0.049 -0.018
C 0.049 0.087 0.146 0.17 0.256 0.189
L 0.072 0.362
C 0.055 0.378 0.052 0.384 0.052 0.398
C 0.052 0.412 0.059 0.43 0.086 0.43
L 0.44 0.43
C 0.454 0.43 0.475 0.429 0.475 0.394
L 0.475 0.362
C 0.475 0.345 0.474 0.321 0.443 0.321
L 0.441 0.321
C 0.425 0.321 0.405 0.324 0.405 0.357
L 0.405 0.374
L 0.142 0.374
L 0.344 0.185
C 0.35 0.179 0.359 0.171 0.359 0.158
C 0.359 0.121 0.314 0.133 0.269 0.123
C 0.199 0.107 0.119 0.057 0.119 -0.02
C 0.119 -0.093 0.182 -0.166 0.274 -0.166
C 0.324 -0.166 0.376 -0.147 0.398 -0.108
C 0.392 -0.1 0.386 -0.093 0.386 -0.078
C 0.386 -0.051 0.409 -0.033 0.431 -0.033
C 0.449 -0.033 0.475 -0.045 0.475 -0.081
C 0.475 -0.169 0.38 -0.227 0.273 -0.227
C 0.141 -0.227 0.049 -0.127 0.049 -0.018
Z
