M 0.024 0.4
C 0.024 0.431 0.048 0.431 0.064 0.431
L 0.181 0.431
C 0.197 0.431 0.221 0.431 0.221 0.4
C 0.221 0.37 0.196 0.37 0.181 0.37
L 0.153 0.37
L 0.262 0.048
L 0.371 0.37
L 0.343 0.37
C 0.327 0.37 0.303 0.37 0.303 0.401
C 0.303 0.431 0.328 0.431 0.343 0.431
L 0.46 0.431
C 0.476 0.431 0.5 0.431 0.5 0.4
C 0.5 0.37 0.475 0.37 0.46 0.37
L 0.43 0.37
L 0.315 0.029
C 0.304 -0.004 0.281 -0.004 0.262 -0.004
C 0.241 -0.004 0.221 -0.004 0.209 0.03
L 0.094 0.37
L 0.064 0.37
C 0.049 0.37 0.024 0.37 0.024 0.4
Z
M 0.213 -0.122
C 0.213 -0.093 0.237 -0.072 0.263 -0.072
C 0.289 -0.072 0.313 -0.093 0.313 -0.122
C 0.313 -0.151 0.288 -0.172 0.264 -0.172
C 0.234 -0.172 0.213 -0.149 0.213 -0.122
Z
