M 0.072 0.227
C 0.072 0.321 0.118 0.444 0.303 0.444
C 0.366 0.444 0.453 0.439 0.453 0.366
C 0.453 0.334 0.429 0.32 0.409 0.32
C 0.385 0.32 0.365 0.338 0.365 0.365
C 0.365 0.369 0.365 0.373 0.366 0.377
C 0.348 0.381 0.326 0.382 0.305 0.382
L 0.297 0.382
C 0.163 0.382 0.13 0.296 0.13 0.225
C 0.13 0.069 0.263 0.074 0.356 0.04
C 0.439 0.01 0.486 -0.052 0.486 -0.114
C 0.486 -0.189 0.429 -0.227 0.382 -0.227
C 0.36 -0.227 0.349 -0.211 0.349 -0.196
C 0.349 -0.168 0.383 -0.167 0.385 -0.167
C 0.415 -0.162 0.426 -0.135 0.426 -0.113
C 0.426 -0.072 0.392 -0.034 0.333 -0.012
C 0.257 0.016 0.072 0.022 0.072 0.227
Z
