M 0.01 0.031
C 0.01 0.042 0.015 0.062 0.047 0.062
L 0.054 0.062
L 0.054 0.549
L 0.046 0.549
C 0.018 0.549 0.01 0.564 0.01 0.58
C 0.01 0.594 0.018 0.611 0.046 0.611
L 0.134 0.611
C 0.164 0.611 0.168 0.59 0.168 0.58
C 0.168 0.564 0.16 0.549 0.132 0.549
L 0.124 0.549
L 0.124 0.348
L 0.243 0.348
L 0.243 0.549
L 0.235 0.549
C 0.217 0.549 0.199 0.555 0.199 0.58
C 0.199 0.594 0.206 0.611 0.234 0.611
L 0.322 0.611
C 0.352 0.611 0.357 0.59 0.357 0.58
C 0.357 0.564 0.349 0.549 0.321 0.549
L 0.313 0.549
L 0.313 0.348
L 0.387 0.348
C 0.472 0.348 0.497 0.241 0.497 0.175
C 0.497 0.114 0.475 0 0.386 0
L 0.234 0
C 0.21 0 0.199 0.015 0.199 0.03
C 0.199 0.059 0.221 0.062 0.236 0.062
L 0.243 0.062
L 0.243 0.287
L 0.124 0.287
L 0.124 0.062
L 0.132 0.062
C 0.15 0.062 0.168 0.056 0.168 0.031
C 0.168 0.017 0.161 0.001 0.134 0
L 0.045 0
C 0.017 0 0.01 0.017 0.01 0.031
Z
M 0.313 0.062
L 0.373 0.062
C 0.416 0.062 0.427 0.125 0.427 0.174
C 0.427 0.226 0.417 0.287 0.373 0.287
L 0.313 0.287
L 0.313 0.062
Z
