M 0.005 0.031
C 0.005 0.056 0.022 0.062 0.042 0.062
L 0.067 0.062
L 0.067 0.369
L 0.041 0.369
C 0.032 0.369 0.005 0.37 0.005 0.4
C 0.005 0.414 0.012 0.43 0.04 0.43
L 0.144 0.43
C 0.172 0.43 0.18 0.415 0.18 0.399
C 0.18 0.383 0.172 0.369 0.144 0.369
L 0.123 0.369
L 0.123 0.267
L 0.257 0.267
L 0.257 0.369
L 0.236 0.369
C 0.208 0.369 0.2 0.384 0.2 0.4
C 0.2 0.415 0.207 0.43 0.236 0.43
L 0.34 0.43
C 0.368 0.43 0.375 0.414 0.375 0.4
C 0.375 0.37 0.349 0.369 0.339 0.369
L 0.314 0.369
L 0.314 0.267
L 0.373 0.267
C 0.469 0.267 0.501 0.187 0.501 0.134
C 0.501 0.068 0.456 0 0.377 0
L 0.236 0
C 0.221 0 0.2 0.004 0.2 0.031
C 0.2 0.047 0.208 0.062 0.237 0.062
L 0.257 0.062
L 0.257 0.207
L 0.123 0.207
L 0.123 0.062
L 0.144 0.062
C 0.16 0.062 0.18 0.058 0.18 0.031
C 0.18 0.004 0.16 0 0.144 0
L 0.04 0
C 0.012 0 0.005 0.017 0.005 0.031
Z
M 0.314 0.062
L 0.356 0.062
C 0.416 0.062 0.431 0.108 0.431 0.134
C 0.431 0.162 0.413 0.207 0.357 0.207
L 0.314 0.207
L 0.314 0.062
Z
