M 0.012 0.524
C 0.012 0.532 0.016 0.545 0.032 0.545
L 0.086 0.545
C 0.101 0.545 0.107 0.536 0.107 0.527
C 0.107 0.516 0.099 0.508 0.085 0.508
L 0.073 0.508
L 0.073 0.371
C 0.073 0.347 0.075 0.321 0.095 0.321
C 0.114 0.321 0.144 0.341 0.144 0.405
L 0.144 0.508
C 0.134 0.508 0.118 0.509 0.118 0.524
C 0.118 0.532 0.121 0.545 0.137 0.545
L 0.191 0.545
C 0.206 0.545 0.212 0.536 0.212 0.527
C 0.212 0.516 0.204 0.508 0.19 0.508
L 0.178 0.508
L 0.178 0.371
C 0.178 0.347 0.18 0.321 0.2 0.321
C 0.219 0.321 0.249 0.341 0.249 0.405
L 0.249 0.508
L 0.237 0.508
C 0.227 0.508 0.215 0.511 0.215 0.527
C 0.215 0.536 0.219 0.545 0.236 0.545
L 0.295 0.545
C 0.312 0.545 0.317 0.537 0.317 0.527
C 0.317 0.511 0.304 0.508 0.295 0.508
L 0.283 0.508
L 0.283 0.324
L 0.297 0.324
C 0.304 0.324 0.316 0.323 0.317 0.307
C 0.317 0.298 0.313 0.287 0.296 0.287
L 0.274 0.287
C 0.26 0.287 0.251 0.288 0.249 0.305
C 0.232 0.29 0.214 0.283 0.198 0.283
C 0.178 0.283 0.161 0.294 0.152 0.314
C 0.136 0.294 0.114 0.283 0.094 0.283
C 0.044 0.283 0.039 0.334 0.039 0.37
L 0.039 0.508
C 0.028 0.508 0.012 0.51 0.012 0.524
Z
