M 0.02 0.215
C 0.02 0.328 0.066 0.436 0.135 0.436
C 0.161 0.436 0.182 0.418 0.2 0.391
L 0.2 0.549
L 0.177 0.549
C 0.164 0.549 0.153 0.554 0.153 0.578
C 0.153 0.593 0.157 0.611 0.174 0.611
L 0.219 0.611
C 0.237 0.611 0.239 0.59 0.239 0.578
L 0.239 0.062
L 0.242 0.062
C 0.244 0.07 0.249 0.077 0.251 0.082
L 0.401 0.369
L 0.287 0.369
L 0.287 0.342
C 0.287 0.307 0.279 0.301 0.267 0.301
C 0.251 0.301 0.247 0.318 0.248 0.342
L 0.248 0.39
C 0.247 0.422 0.253 0.43 0.272 0.43
L 0.438 0.43
C 0.455 0.43 0.46 0.412 0.459 0.396
C 0.459 0.373 0.452 0.367 0.444 0.35
L 0.3 0.074
L 0.344 0.074
C 0.364 0.128 0.401 0.201 0.444 0.201
C 0.481 0.201 0.504 0.155 0.504 0.106
C 0.504 0.049 0.475 0.004 0.423 0
L 0.362 0
C 0.313 -0.156 0.319 -0.167 0.299 -0.167
C 0.284 -0.167 0.28 -0.149 0.28 -0.138
C 0.28 -0.131 0.284 -0.112 0.318 0
L 0.219 0
C 0.203 0 0.2 0.02 0.2 0.036
L 0.2 0.051
C 0.184 0.02 0.16 -0.005 0.13 -0.005
C 0.064 -0.005 0.02 0.105 0.02 0.215
Z
M 0.059 0.214
C 0.059 0.136 0.088 0.056 0.132 0.056
C 0.174 0.056 0.2 0.138 0.2 0.191
L 0.2 0.268
C 0.2 0.317 0.173 0.374 0.137 0.374
C 0.09 0.374 0.059 0.294 0.059 0.214
Z
M 0.391 0.074
L 0.417 0.074
C 0.45 0.074 0.465 0.088 0.465 0.107
C 0.465 0.122 0.456 0.139 0.443 0.139
C 0.433 0.139 0.414 0.128 0.391 0.074
Z
