M 0.017 0.4
C 0.017 0.415 0.025 0.43 0.054 0.43
L 0.206 0.43
C 0.219 0.43 0.243 0.43 0.243 0.4
C 0.243 0.371 0.22 0.369 0.207 0.369
L 0.159 0.369
L 0.159 0.313
C 0.159 0.291 0.159 0.268 0.177 0.248
C 0.194 0.23 0.211 0.228 0.222 0.228
L 0.364 0.228
L 0.364 0.369
L 0.316 0.369
C 0.306 0.369 0.279 0.37 0.279 0.399
C 0.279 0.428 0.304 0.43 0.317 0.43
L 0.469 0.43
C 0.498 0.43 0.506 0.415 0.506 0.4
C 0.506 0.371 0.482 0.369 0.469 0.369
L 0.421 0.369
L 0.421 0.062
L 0.469 0.062
C 0.48 0.062 0.506 0.061 0.506 0.031
C 0.506 0.002 0.481 0 0.471 0
L 0.327 0
L 0.327 -0.115
C 0.325 -0.128 0.312 -0.138 0.299 -0.138
C 0.284 -0.138 0.275 -0.126 0.273 -0.121
C 0.27 -0.114 0.271 -0.104 0.271 -0.095
L 0.271 0.024
C 0.271 0.061 0.291 0.062 0.31 0.062
L 0.364 0.062
L 0.364 0.167
L 0.227 0.167
C 0.218 0.167 0.209 0.167 0.2 0.169
C 0.179 0.173 0.102 0.197 0.102 0.305
L 0.102 0.369
L 0.055 0.369
C 0.037 0.369 0.017 0.374 0.017 0.4
Z
