M 0.027 0.03
C 0.027 0.06 0.053 0.062 0.062 0.062
L 0.09 0.062
L 0.216 0.315
C 0.221 0.325 0.22 0.328 0.216 0.336
C 0.104 0.545 0.106 0.543 0.102 0.546
C 0.098 0.549 0.091 0.549 0.086 0.549
L 0.073 0.549
C 0.045 0.55 0.039 0.566 0.039 0.58
C 0.039 0.593 0.045 0.611 0.075 0.611
L 0.188 0.611
C 0.22 0.611 0.224 0.591 0.224 0.58
C 0.224 0.569 0.22 0.549 0.188 0.549
L 0.181 0.549
L 0.257 0.405
L 0.327 0.549
L 0.316 0.549
C 0.286 0.55 0.281 0.568 0.281 0.58
C 0.281 0.61 0.306 0.611 0.318 0.611
L 0.432 0.611
C 0.46 0.611 0.467 0.595 0.467 0.58
C 0.467 0.55 0.441 0.549 0.431 0.549
L 0.404 0.549
L 0.292 0.326
L 0.432 0.062
L 0.461 0.062
C 0.499 0.062 0.501 0.041 0.501 0.029
L 0.501 -0.129
C 0.501 -0.161 0.484 -0.166 0.473 -0.166
C 0.466 -0.166 0.445 -0.163 0.444 -0.133
L 0.444 0
L 0.346 0
C 0.315 0 0.31 0.019 0.31 0.03
C 0.31 0.059 0.332 0.062 0.347 0.062
L 0.355 0.062
L 0.257 0.253
L 0.166 0.062
L 0.178 0.062
C 0.203 0.062 0.213 0.047 0.213 0.032
C 0.213 0.02 0.209 0 0.178 0
L 0.062 0
C 0.031 0 0.027 0.019 0.027 0.03
Z
