M 0.077 0.353
C 0.077 0.382 0.102 0.384 0.114 0.384
L 0.227 0.384
L 0.227 0.55
L 0.141 0.55
C 0.131 0.55 0.106 0.551 0.106 0.581
C 0.106 0.608 0.126 0.611 0.142 0.611
L 0.261 0.611
C 0.299 0.611 0.297 0.585 0.297 0.572
L 0.297 0.384
L 0.412 0.384
C 0.44 0.384 0.447 0.367 0.447 0.352
C 0.447 0.344 0.443 0.322 0.412 0.322
L 0.297 0.322
L 0.297 0.062
L 0.383 0.062
C 0.4 0.062 0.418 0.056 0.418 0.031
C 0.418 0.017 0.411 0.001 0.384 0
L 0.144 0
C 0.134 0 0.106 0.001 0.106 0.031
C 0.106 0.042 0.11 0.062 0.141 0.062
L 0.227 0.062
L 0.227 0.322
L 0.112 0.322
C 0.081 0.322 0.077 0.342 0.077 0.353
Z
