M 0.018 0.579
C 0.018 0.607 0.04 0.611 0.055 0.611
L 0.178 0.611
C 0.21 0.611 0.214 0.591 0.214 0.58
C 0.214 0.55 0.188 0.549 0.179 0.549
L 0.151 0.549
L 0.151 0.407
C 0.151 0.387 0.153 0.303 0.223 0.303
L 0.372 0.303
L 0.372 0.549
L 0.347 0.549
C 0.32 0.549 0.309 0.562 0.309 0.58
C 0.309 0.591 0.314 0.611 0.346 0.611
L 0.469 0.611
C 0.501 0.611 0.505 0.591 0.505 0.58
C 0.505 0.564 0.497 0.549 0.468 0.549
L 0.442 0.549
L 0.442 0.062
L 0.468 0.062
C 0.481 0.062 0.505 0.059 0.505 0.031
C 0.505 0.006 0.487 0 0.468 0
L 0.346 0
C 0.314 0 0.309 0.02 0.309 0.031
C 0.309 0.049 0.32 0.062 0.347 0.062
L 0.372 0.062
L 0.372 0.242
L 0.227 0.242
C 0.2 0.242 0.155 0.242 0.116 0.293
C 0.088 0.33 0.081 0.37 0.081 0.412
L 0.081 0.549
L 0.056 0.549
C 0.036 0.549 0.018 0.555 0.018 0.579
Z
