M 0.002 0.031
C 0.002 0.059 0.028 0.062 0.037 0.062
L 0.069 0.062
L 0.069 0.369
L 0.038 0.369
C 0.027 0.369 0.002 0.37 0.002 0.4
C 0.002 0.424 0.02 0.43 0.039 0.43
L 0.172 0.43
C 0.181 0.43 0.207 0.429 0.207 0.399
C 0.207 0.37 0.182 0.369 0.172 0.369
L 0.139 0.369
L 0.139 0.267
L 0.192 0.267
C 0.208 0.366 0.279 0.439 0.355 0.439
C 0.442 0.439 0.522 0.346 0.522 0.216
C 0.522 0.091 0.447 -0.005 0.355 -0.005
C 0.289 -0.005 0.195 0.056 0.188 0.207
L 0.139 0.207
L 0.139 0.062
L 0.171 0.062
C 0.181 0.062 0.207 0.061 0.207 0.031
C 0.207 0.002 0.182 0 0.17 0
L 0.038 0
C 0.028 0 0.002 0 0.002 0.031
Z
M 0.258 0.223
C 0.258 0.12 0.306 0.057 0.356 0.057
C 0.411 0.057 0.452 0.133 0.452 0.223
C 0.452 0.318 0.404 0.377 0.355 0.377
C 0.291 0.377 0.258 0.292 0.258 0.223
Z
