M 0.045 0.129
C 0.045 0.248 0.214 0.276 0.314 0.277
C 0.315 0.324 0.292 0.377 0.204 0.377
C 0.188 0.377 0.17 0.376 0.156 0.374
L 0.156 0.366
C 0.156 0.337 0.134 0.32 0.112 0.32
C 0.088 0.32 0.068 0.338 0.068 0.366
C 0.068 0.387 0.078 0.405 0.095 0.417
C 0.121 0.436 0.162 0.439 0.204 0.439
C 0.251 0.439 0.292 0.43 0.33 0.399
C 0.384 0.354 0.384 0.3 0.384 0.279
L 0.384 0.069
C 0.431 0.05 0.47 0.081 0.47 0.024
L 0.47 -0.095
C 0.469 -0.133 0.481 -0.165 0.517 -0.165
L 0.525 -0.165
L 0.525 -0.157
C 0.525 -0.129 0.545 -0.111 0.569 -0.111
C 0.591 -0.111 0.613 -0.127 0.613 -0.156
C 0.613 -0.199 0.57 -0.227 0.517 -0.227
C 0.473 -0.227 0.407 -0.197 0.407 -0.096
L 0.407 0
C 0.349 0.003 0.335 0.02 0.325 0.032
C 0.317 0.027 0.273 -0.005 0.196 -0.005
C 0.1 -0.005 0.045 0.066 0.045 0.129
Z
M 0.115 0.129
C 0.115 0.1 0.142 0.056 0.204 0.056
C 0.242 0.056 0.293 0.071 0.309 0.102
C 0.314 0.111 0.314 0.121 0.314 0.131
L 0.314 0.217
C 0.156 0.211 0.115 0.165 0.115 0.129
Z
