M 0.008 0.072
C 0.008 0.097 0.028 0.103 0.041 0.103
L 0.043 0.103
C 0.089 0.103 0.068 0.069 0.089 0.056
C 0.097 0.052 0.105 0.057 0.111 0.06
C 0.119 0.075 0.121 0.083 0.121 0.094
L 0.121 0.13
C 0.121 0.155 0.12 0.183 0.159 0.215
C 0.119 0.237 0.094 0.271 0.094 0.308
C 0.094 0.357 0.145 0.43 0.292 0.43
L 0.441 0.43
C 0.462 0.43 0.48 0.425 0.48 0.402
C 0.48 0.393 0.476 0.374 0.445 0.374
L 0.434 0.374
L 0.434 0.057
L 0.446 0.057
C 0.476 0.057 0.48 0.036 0.48 0.028
C 0.48 0.019 0.476 0 0.445 0
L 0.353 0
C 0.323 0 0.318 0.02 0.318 0.029
C 0.318 0.037 0.322 0.057 0.353 0.057
L 0.364 0.057
L 0.364 0.185
L 0.291 0.185
C 0.256 0.185 0.21 0.18 0.195 0.154
C 0.191 0.147 0.19 0.138 0.19 0.13
L 0.19 0.098
C 0.19 0.008 0.127 -0.008 0.094 -0.008
C 0.035 -0.008 0.008 0.041 0.008 0.072
Z
M 0.165 0.307
C 0.165 0.283 0.199 0.246 0.297 0.246
L 0.364 0.246
L 0.364 0.369
L 0.298 0.369
C 0.201 0.369 0.165 0.334 0.165 0.307
Z
