M 0.143 0.504
C 0.143 0.516 0.152 0.535 0.18 0.535
C 0.208 0.535 0.217 0.516 0.217 0.504
C 0.217 0.492 0.209 0.473 0.179 0.473
C 0.151 0.473 0.143 0.492 0.143 0.504
Z
M 0.185 0.578
C 0.185 0.595 0.199 0.611 0.219 0.611
C 0.24 0.611 0.245 0.6 0.307 0.513
C 0.314 0.528 0.328 0.535 0.343 0.535
C 0.362 0.535 0.38 0.524 0.38 0.504
C 0.38 0.486 0.365 0.473 0.343 0.473
C 0.322 0.473 0.315 0.482 0.308 0.49
C 0.303 0.481 0.296 0.473 0.283 0.473
C 0.266 0.473 0.26 0.483 0.199 0.549
C 0.191 0.558 0.185 0.566 0.185 0.578
Z
