M 0.018 0.031
C 0.018 0.057 0.037 0.062 0.056 0.062
L 0.081 0.062
L 0.081 0.549
L 0.056 0.549
C 0.036 0.549 0.018 0.555 0.018 0.579
C 0.018 0.607 0.04 0.611 0.055 0.611
L 0.178 0.611
C 0.21 0.611 0.214 0.591 0.214 0.58
C 0.214 0.55 0.188 0.549 0.179 0.549
L 0.151 0.549
L 0.151 0.062
L 0.372 0.062
L 0.372 0.549
L 0.347 0.549
C 0.32 0.549 0.309 0.562 0.309 0.58
C 0.309 0.591 0.314 0.611 0.346 0.611
L 0.469 0.611
C 0.501 0.611 0.505 0.592 0.505 0.581
C 0.505 0.551 0.479 0.549 0.469 0.549
L 0.442 0.549
L 0.442 0.062
L 0.469 0.062
C 0.479 0.062 0.505 0.061 0.505 0.031
C 0.505 0.021 0.5 0 0.472 0
L 0.29 0
L 0.29 -0.134
C 0.289 -0.162 0.27 -0.166 0.262 -0.166
C 0.253 -0.166 0.233 -0.162 0.233 -0.129
L 0.233 0
L 0.051 0
C 0.025 0 0.018 0.019 0.018 0.031
Z
