M -0.056 0.488
C -0.056 0.516 -0.031 0.519 -0.021 0.519
L 0.092 0.519
L 0.092 0.549
L 0.06 0.549
C 0.05 0.549 0.024 0.55 0.024 0.58
C 0.024 0.604 0.041 0.611 0.061 0.611
L 0.193 0.611
C 0.212 0.611 0.229 0.605 0.229 0.58
C 0.229 0.55 0.203 0.549 0.193 0.549
L 0.161 0.549
L 0.161 0.519
L 0.404 0.519
C 0.418 0.519 0.442 0.517 0.442 0.487
C 0.442 0.459 0.419 0.457 0.405 0.457
C 0.403 0.457 0.4 0.458 0.399 0.458
L 0.161 0.458
L 0.161 0.408
L 0.236 0.408
C 0.369 0.408 0.435 0.326 0.435 0.24
C 0.435 0.236 0.434 0.233 0.434 0.23
L 0.434 0.062
C 0.461 0.062 0.468 0.043 0.468 0.031
C 0.468 0.016 0.462 0 0.433 0
L 0.364 0
C 0.341 0 0.33 0.015 0.33 0.03
C 0.33 0.039 0.334 0.061 0.364 0.062
L 0.364 0.235
C 0.364 0.323 0.288 0.343 0.254 0.345
C 0.244 0.346 0.234 0.346 0.224 0.346
L 0.161 0.346
L 0.161 0.062
L 0.163 0.062
C 0.185 0.062 0.196 0.046 0.196 0.031
C 0.196 0.019 0.189 0 0.162 0
L 0.093 0
C 0.067 0 0.058 0.015 0.058 0.03
C 0.058 0.043 0.065 0.062 0.092 0.062
L 0.092 0.458
L -0.021 0.458
C -0.051 0.458 -0.056 0.476 -0.056 0.488
Z
