M 0.058 0.322
C 0.058 0.343 0.096 0.436 0.232 0.436
C 0.352 0.436 0.451 0.338 0.451 0.215
C 0.451 0.093 0.357 -0.001 0.245 -0.008
C 0.235 -0.009 0.225 -0.008 0.215 -0.008
L 0.212 -0.008
C 0.185 -0.008 0.156 -0.006 0.133 -0.001
L 0.133 -0.097
C 0.133 -0.151 0.162 -0.162 0.173 -0.165
C 0.183 -0.167 0.193 -0.165 0.203 -0.164
C 0.203 -0.161 0.202 -0.159 0.202 -0.156
C 0.202 -0.126 0.226 -0.111 0.246 -0.111
C 0.273 -0.111 0.291 -0.131 0.291 -0.156
C 0.291 -0.199 0.248 -0.227 0.189 -0.227
C 0.134 -0.227 0.07 -0.19 0.07 -0.096
L 0.07 0.059
C 0.07 0.104 0.101 0.11 0.114 0.11
C 0.138 0.11 0.159 0.09 0.159 0.065
C 0.159 0.062 0.158 0.061 0.158 0.058
C 0.178 0.054 0.202 0.053 0.225 0.053
C 0.331 0.053 0.381 0.14 0.381 0.214
C 0.381 0.306 0.308 0.374 0.225 0.374
C 0.209 0.374 0.158 0.372 0.133 0.327
C 0.126 0.314 0.124 0.293 0.095 0.293
C 0.065 0.293 0.058 0.311 0.058 0.322
Z
