M 0.114 0.633
C 0.114 0.648 0.126 0.661 0.142 0.661
C 0.154 0.661 0.157 0.658 0.316 0.555
C 0.325 0.549 0.343 0.54 0.343 0.521
C 0.343 0.504 0.328 0.493 0.316 0.493
C 0.302 0.494 0.313 0.489 0.141 0.6
C 0.132 0.606 0.114 0.615 0.114 0.633
Z
M 0.056 0.215
C 0.056 0.335 0.145 0.439 0.262 0.439
C 0.3 0.439 0.331 0.428 0.356 0.414
C 0.375 0.422 0.379 0.416 0.393 0.434
C 0.377 0.44 0.362 0.456 0.362 0.48
C 0.362 0.506 0.382 0.529 0.411 0.53
C 0.448 0.53 0.462 0.497 0.462 0.463
C 0.462 0.422 0.443 0.385 0.412 0.368
C 0.446 0.326 0.467 0.277 0.467 0.216
C 0.467 0.088 0.37 -0.005 0.261 -0.005
C 0.153 -0.005 0.056 0.087 0.056 0.215
Z
M 0.126 0.223
C 0.126 0.129 0.189 0.056 0.262 0.056
C 0.334 0.056 0.397 0.128 0.397 0.223
C 0.397 0.313 0.333 0.377 0.262 0.377
C 0.186 0.377 0.126 0.308 0.126 0.223
Z
