M 0.029 0.304
C 0.029 0.415 0.055 0.622 0.159 0.622
C 0.185 0.622 0.224 0.61 0.224 0.529
C 0.224 0.518 0.223 0.51 0.222 0.507
C 0.218 0.488 0.202 0.472 0.179 0.472
C 0.154 0.472 0.135 0.49 0.135 0.516
C 0.135 0.538 0.149 0.549 0.152 0.552
L 0.152 0.557
C 0.122 0.524 0.099 0.423 0.099 0.305
C 0.099 0.195 0.129 0.051 0.175 0.051
C 0.197 0.051 0.227 0.072 0.227 0.105
L 0.227 0.256
C 0.226 0.257 0.204 0.262 0.204 0.287
C 0.204 0.316 0.226 0.318 0.24 0.318
L 0.282 0.318
C 0.295 0.318 0.321 0.317 0.321 0.286
C 0.321 0.262 0.297 0.256 0.297 0.256
L 0.297 0.105
C 0.297 0.07 0.33 0.051 0.348 0.051
C 0.356 0.051 0.364 0.054 0.371 0.061
C 0.384 0.075 0.426 0.153 0.426 0.305
C 0.426 0.418 0.403 0.524 0.373 0.557
L 0.372 0.552
C 0.378 0.547 0.39 0.538 0.39 0.516
C 0.39 0.491 0.371 0.472 0.346 0.472
C 0.323 0.472 0.306 0.488 0.302 0.507
C 0.302 0.509 0.301 0.518 0.301 0.531
C 0.301 0.565 0.309 0.622 0.365 0.622
C 0.469 0.622 0.496 0.415 0.496 0.304
C 0.496 0.197 0.468 -0.011 0.357 -0.011
C 0.313 -0.011 0.281 0.013 0.263 0.038
L 0.262 0.038
C 0.228 -0.008 0.184 -0.011 0.168 -0.011
C 0.057 -0.011 0.029 0.197 0.029 0.304
Z
