M 0.117 0.776
C 0.117 0.791 0.131 0.804 0.147 0.804
C 0.162 0.804 0.182 0.78 0.261 0.711
L 0.263 0.711
C 0.273 0.721 0.333 0.776 0.345 0.785
C 0.355 0.795 0.365 0.804 0.377 0.804
C 0.385 0.804 0.407 0.799 0.407 0.771
C 0.407 0.762 0.401 0.756 0.287 0.649
C 0.281 0.643 0.273 0.636 0.261 0.636
C 0.251 0.636 0.241 0.643 0.235 0.649
C 0.117 0.762 0.117 0.759 0.117 0.776
Z
M 0.056 0.305
C 0.056 0.595 0.077 0.622 0.262 0.622
C 0.447 0.622 0.468 0.594 0.468 0.305
C 0.468 0.016 0.446 -0.011 0.262 -0.011
C 0.077 -0.011 0.056 0.016 0.056 0.305
Z
M 0.125 0.314
C 0.125 0.259 0.125 0.172 0.137 0.121
C 0.149 0.071 0.174 0.05 0.262 0.05
C 0.351 0.05 0.377 0.071 0.388 0.127
C 0.399 0.181 0.399 0.252 0.399 0.314
C 0.399 0.375 0.399 0.45 0.387 0.497
C 0.372 0.552 0.337 0.561 0.262 0.561
C 0.18 0.561 0.149 0.549 0.136 0.49
C 0.125 0.444 0.125 0.376 0.125 0.314
Z
