M 0.026 0.03
C 0.026 0.061 0.051 0.061 0.067 0.061
L 0.097 0.061
L 0.097 0.55
L 0.067 0.55
C 0.052 0.55 0.026 0.55 0.026 0.581
C 0.026 0.611 0.052 0.611 0.067 0.611
L 0.291 0.611
C 0.406 0.611 0.48 0.521 0.48 0.428
C 0.48 0.335 0.407 0.245 0.291 0.245
L 0.166 0.245
L 0.166 0.061
L 0.196 0.061
C 0.211 0.061 0.237 0.061 0.237 0.03
C 0.237 0 0.211 0 0.196 0
L 0.067 0
C 0.052 0 0.026 0 0.026 0.03
Z
M 0.166 0.306
L 0.272 0.306
C 0.368 0.306 0.411 0.375 0.411 0.428
C 0.411 0.481 0.368 0.55 0.272 0.55
L 0.166 0.55
L 0.166 0.306
Z
