M 0.22 0.604
C 0.22 0.624 0.237 0.639 0.254 0.639
L 0.256 0.639
C 0.265 0.639 0.267 0.637 0.405 0.577
C 0.416 0.572 0.433 0.564 0.433 0.546
C 0.433 0.531 0.421 0.506 0.4 0.506
L 0.399 0.506
C 0.391 0.506 0.389 0.508 0.251 0.568
C 0.239 0.574 0.22 0.582 0.22 0.604
Z
M -0.013 0.604
C -0.013 0.624 0.004 0.639 0.021 0.639
L 0.023 0.639
C 0.032 0.639 0.034 0.637 0.172 0.577
C 0.183 0.572 0.2 0.564 0.2 0.546
C 0.2 0.531 0.188 0.506 0.167 0.506
L 0.166 0.506
C 0.158 0.506 0.156 0.508 0.018 0.568
C 0.006 0.574 -0.013 0.582 -0.013 0.604
Z
M 0.078 0.03
C 0.078 0.061 0.103 0.061 0.119 0.061
L 0.24 0.061
L 0.24 0.37
L 0.127 0.37
C 0.112 0.37 0.086 0.37 0.086 0.401
C 0.086 0.431 0.112 0.431 0.127 0.431
L 0.269 0.431
C 0.303 0.431 0.309 0.421 0.309 0.39
L 0.309 0.061
L 0.414 0.061
C 0.429 0.061 0.455 0.061 0.455 0.03
C 0.455 0 0.429 0 0.414 0
L 0.119 0
C 0.104 0 0.078 0 0.078 0.03
Z
