M 0.013 0.031
C 0.013 0.06 0.037 0.062 0.05 0.062
L 0.103 0.062
L 0.103 0.369
L 0.048 0.369
C 0.02 0.369 0.013 0.386 0.013 0.4
C 0.013 0.411 0.018 0.43 0.05 0.43
L 0.14 0.43
C 0.161 0.43 0.174 0.418 0.173 0.396
L 0.173 0.381
C 0.213 0.419 0.263 0.436 0.312 0.436
C 0.428 0.436 0.449 0.358 0.449 0.282
L 0.449 -0.16
L 0.5 -0.16
C 0.518 -0.16 0.538 -0.165 0.538 -0.191
C 0.538 -0.205 0.531 -0.222 0.502 -0.222
L 0.326 -0.222
C 0.311 -0.222 0.29 -0.218 0.29 -0.191
C 0.29 -0.162 0.313 -0.16 0.327 -0.16
L 0.379 -0.16
L 0.379 0.282
C 0.38 0.338 0.37 0.374 0.306 0.374
C 0.26 0.374 0.173 0.346 0.173 0.234
L 0.173 0.062
L 0.225 0.062
C 0.239 0.062 0.262 0.06 0.262 0.031
C 0.262 0.003 0.236 0 0.226 0
L 0.051 0
C 0.04 0 0.013 0.001 0.013 0.031
Z
