M 0.001 0.358
C 0.001 0.375 0.017 0.386 0.027 0.386
C 0.051 0.386 0.144 0.353 0.228 0.33
C 0.234 0.534 0.233 0.531 0.237 0.539
C 0.239 0.544 0.247 0.555 0.262 0.555
C 0.3 0.555 0.291 0.521 0.296 0.33
C 0.379 0.352 0.476 0.386 0.495 0.386
C 0.511 0.386 0.522 0.373 0.522 0.358
C 0.522 0.337 0.502 0.331 0.491 0.327
C 0.352 0.278 0.334 0.27 0.316 0.265
L 0.423 0.109
L 0.431 0.095
L 0.433 0.09
L 0.433 0.081
C 0.43 0.068 0.422 0.06 0.408 0.057
C 0.386 0.058 0.396 0.049 0.262 0.225
L 0.261 0.225
L 0.154 0.085
L 0.136 0.064
L 0.131 0.06
L 0.124 0.058
L 0.115 0.057
C 0.102 0.06 0.093 0.068 0.09 0.081
L 0.09 0.089
L 0.092 0.095
L 0.1 0.109
L 0.207 0.265
C 0.189 0.27 0.172 0.278 0.033 0.327
C 0.019 0.332 0.001 0.338 0.001 0.358
Z
