M 0.035 0.264
C 0.035 0.357 0.115 0.449 0.24 0.449
C 0.275 0.449 0.315 0.445 0.358 0.425
L 0.358 0.51
L 0.165 0.51
C 0.137 0.51 0.13 0.525 0.13 0.541
C 0.13 0.557 0.138 0.572 0.166 0.572
L 0.358 0.572
L 0.358 0.632
L 0.31 0.632
C 0.297 0.632 0.273 0.634 0.273 0.663
C 0.273 0.676 0.278 0.694 0.308 0.694
L 0.391 0.694
C 0.421 0.694 0.428 0.681 0.428 0.658
L 0.428 0.572
L 0.475 0.572
C 0.507 0.572 0.512 0.553 0.512 0.541
C 0.512 0.512 0.488 0.51 0.475 0.51
L 0.428 0.51
L 0.428 0.145
L 0.474 0.145
C 0.485 0.145 0.512 0.143 0.512 0.114
C 0.512 0.089 0.495 0.083 0.475 0.083
L 0.392 0.083
C 0.36 0.084 0.358 0.104 0.358 0.117
C 0.337 0.103 0.294 0.078 0.23 0.078
C 0.115 0.078 0.035 0.168 0.035 0.264
Z
M 0.036 -0.035
C 0.036 -0.024 0.042 0 0.076 0
L 0.477 0
C 0.514 0 0.518 -0.026 0.518 -0.035
C 0.518 -0.045 0.514 -0.069 0.478 -0.07
L 0.077 -0.07
C 0.041 -0.07 0.036 -0.045 0.036 -0.035
Z
M 0.105 0.263
C 0.105 0.199 0.16 0.14 0.236 0.14
C 0.301 0.14 0.358 0.178 0.358 0.22
L 0.358 0.334
C 0.358 0.347 0.356 0.352 0.343 0.363
C 0.329 0.374 0.296 0.387 0.248 0.387
C 0.164 0.387 0.105 0.329 0.105 0.263
Z
