M 0.057 0.398
C 0.057 0.534 0.172 0.607 0.28 0.607
C 0.373 0.607 0.466 0.546 0.466 0.421
C 0.466 0.356 0.437 0.272 0.324 0.228
L 0.324 0.025
C 0.324 -0.001 0.325 -0.017 0.294 -0.039
C 0.282 -0.048 0.263 -0.055 0.243 -0.055
C 0.217 -0.055 0.202 -0.037 0.199 -0.02
C 0.198 -0.013 0.198 -0.007 0.198 0
L 0.198 0.218
C 0.198 0.218 0.057 0.244 0.057 0.398
Z
M 0.116 0.423
C 0.116 0.315 0.195 0.258 0.28 0.258
C 0.377 0.258 0.407 0.336 0.407 0.399
C 0.407 0.505 0.329 0.563 0.243 0.563
C 0.159 0.563 0.116 0.502 0.116 0.423
Z
