M 0.105 0.751
C 0.105 0.765 0.11 0.775 0.171 0.807
C 0.179 0.811 0.217 0.833 0.245 0.833
C 0.264 0.833 0.287 0.824 0.291 0.785
C 0.345 0.805 0.369 0.833 0.388 0.833
C 0.405 0.833 0.419 0.817 0.419 0.801
C 0.419 0.782 0.404 0.775 0.374 0.757
C 0.321 0.726 0.297 0.719 0.278 0.719
C 0.262 0.719 0.236 0.724 0.232 0.766
C 0.178 0.746 0.154 0.719 0.135 0.719
C 0.118 0.719 0.105 0.735 0.105 0.751
Z
M 0.004 0.581
C 0.004 0.611 0.03 0.611 0.045 0.611
L 0.174 0.611
C 0.189 0.611 0.215 0.611 0.215 0.581
C 0.215 0.55 0.189 0.55 0.174 0.55
L 0.144 0.55
L 0.144 0.209
C 0.144 0.102 0.209 0.05 0.262 0.05
C 0.314 0.05 0.38 0.102 0.38 0.209
L 0.38 0.55
L 0.35 0.55
C 0.335 0.55 0.309 0.55 0.309 0.581
C 0.309 0.611 0.335 0.611 0.35 0.611
L 0.479 0.611
C 0.494 0.611 0.52 0.611 0.52 0.581
C 0.52 0.55 0.495 0.55 0.479 0.55
L 0.449 0.55
L 0.449 0.204
C 0.449 0.081 0.362 -0.011 0.262 -0.011
C 0.162 -0.011 0.075 0.081 0.075 0.204
L 0.075 0.55
L 0.045 0.55
C 0.03 0.55 0.004 0.55 0.004 0.581
Z
