M 0.131 0.601
C 0.131 0.622 0.149 0.639 0.171 0.639
C 0.206 0.639 0.246 0.609 0.246 0.562
C 0.246 0.512 0.198 0.485 0.162 0.485
C 0.138 0.485 0.132 0.504 0.132 0.512
C 0.132 0.555 0.195 0.524 0.19 0.57
C 0.182 0.566 0.175 0.564 0.168 0.564
C 0.145 0.564 0.131 0.584 0.131 0.601
Z
M 0.252 0.499
C 0.252 0.512 0.262 0.522 0.312 0.591
C 0.322 0.605 0.331 0.612 0.344 0.612
C 0.361 0.612 0.377 0.598 0.377 0.578
C 0.377 0.561 0.368 0.556 0.309 0.492
C 0.298 0.48 0.291 0.473 0.279 0.473
C 0.265 0.473 0.252 0.484 0.252 0.499
Z
M 0.043 0.216
C 0.043 0.336 0.112 0.436 0.204 0.436
C 0.295 0.436 0.345 0.346 0.37 0.257
C 0.386 0.289 0.429 0.416 0.431 0.42
C 0.439 0.435 0.452 0.436 0.462 0.436
C 0.484 0.436 0.494 0.424 0.494 0.408
C 0.494 0.386 0.425 0.206 0.399 0.16
C 0.41 0.13 0.425 0.075 0.46 0.061
C 0.465 0.076 0.48 0.083 0.494 0.083
C 0.511 0.083 0.526 0.073 0.526 0.053
C 0.526 0.025 0.503 -0.005 0.464 -0.005
C 0.404 -0.005 0.37 0.054 0.355 0.087
C 0.298 0.01 0.242 -0.005 0.204 -0.005
C 0.113 -0.005 0.043 0.092 0.043 0.216
Z
M 0.11 0.216
C 0.11 0.133 0.15 0.061 0.206 0.061
C 0.268 0.061 0.325 0.153 0.325 0.167
C 0.325 0.174 0.322 0.183 0.317 0.201
C 0.29 0.296 0.263 0.37 0.205 0.37
C 0.146 0.37 0.11 0.29 0.11 0.216
Z
