M 0.075 -0.152
C 0.075 -0.125 0.096 -0.107 0.12 -0.107
C 0.143 -0.107 0.164 -0.124 0.164 -0.151
C 0.164 -0.154 0.164 -0.158 0.163 -0.162
C 0.174 -0.164 0.185 -0.166 0.195 -0.166
C 0.264 -0.166 0.265 -0.068 0.265 -0.029
L 0.265 0.188
L 0.168 0.188
C 0.144 0.188 0.133 0.203 0.133 0.218
C 0.133 0.233 0.141 0.25 0.17 0.25
L 0.265 0.25
L 0.265 0.369
L 0.15 0.369
C 0.13 0.369 0.113 0.375 0.113 0.4
C 0.113 0.43 0.138 0.43 0.152 0.43
L 0.421 0.43
C 0.451 0.43 0.456 0.411 0.456 0.4
C 0.456 0.385 0.448 0.369 0.42 0.369
L 0.335 0.369
L 0.335 0.25
L 0.412 0.25
C 0.44 0.25 0.447 0.233 0.447 0.219
C 0.447 0.206 0.441 0.189 0.412 0.188
L 0.335 0.188
L 0.335 -0.035
C 0.335 -0.153 0.279 -0.228 0.195 -0.228
C 0.126 -0.228 0.075 -0.203 0.075 -0.152
Z
