M -0.003 0.031
C -0.003 0.043 0.002 0.062 0.034 0.062
L 0.056 0.062
L 0.056 0.369
L 0.031 0.369
C 0.011 0.369 -0.003 0.38 -0.003 0.399
C -0.003 0.411 0.005 0.43 0.03 0.43
L 0.075 0.43
C 0.091 0.43 0.11 0.428 0.112 0.398
C 0.134 0.418 0.162 0.436 0.201 0.436
C 0.248 0.436 0.27 0.405 0.28 0.383
C 0.307 0.416 0.341 0.436 0.382 0.436
C 0.399 0.436 0.45 0.432 0.468 0.358
C 0.473 0.335 0.474 0.311 0.474 0.288
L 0.474 -0.034
C 0.474 -0.121 0.471 -0.227 0.381 -0.227
C 0.328 -0.227 0.293 -0.189 0.293 -0.152
C 0.293 -0.123 0.316 -0.107 0.338 -0.107
C 0.362 -0.107 0.382 -0.125 0.382 -0.151
C 0.382 -0.156 0.381 -0.161 0.38 -0.166
C 0.401 -0.164 0.417 -0.159 0.417 -0.05
L 0.417 0.296
C 0.416 0.343 0.41 0.374 0.378 0.374
C 0.346 0.374 0.293 0.343 0.293 0.233
L 0.293 0.062
L 0.315 0.062
C 0.329 0.062 0.352 0.059 0.352 0.031
C 0.352 0.02 0.347 0 0.317 0
L 0.226 0
C 0.199 0 0.189 0.014 0.189 0.029
C 0.189 0.041 0.194 0.062 0.225 0.062
L 0.237 0.062
L 0.237 0.288
C 0.237 0.32 0.236 0.374 0.197 0.374
C 0.163 0.374 0.112 0.338 0.112 0.239
L 0.112 0.062
L 0.136 0.062
C 0.144 0.062 0.171 0.061 0.171 0.031
C 0.171 0.016 0.164 0 0.135 0
L 0.032 0
C 0.001 0 -0.003 0.02 -0.003 0.031
Z
