M 0.049 0.028
C 0.049 0.036 0.052 0.057 0.084 0.057
L 0.099 0.057
L 0.099 0.374
L 0.084 0.374
C 0.052 0.374 0.049 0.394 0.049 0.402
C 0.049 0.409 0.052 0.43 0.083 0.43
L 0.44 0.43
C 0.477 0.43 0.475 0.404 0.475 0.389
L 0.475 0.354
C 0.474 0.323 0.455 0.32 0.439 0.32
L 0.437 0.32
C 0.411 0.32 0.405 0.337 0.405 0.357
L 0.405 0.374
L 0.169 0.374
L 0.169 0.252
L 0.295 0.252
C 0.295 0.266 0.3 0.285 0.33 0.285
L 0.333 0.285
C 0.346 0.285 0.365 0.278 0.365 0.252
L 0.365 0.202
C 0.365 0.189 0.367 0.16 0.332 0.16
L 0.327 0.16
C 0.313 0.16 0.296 0.166 0.295 0.194
L 0.169 0.194
L 0.169 0.057
L 0.426 0.057
L 0.426 0.079
C 0.426 0.089 0.426 0.117 0.459 0.117
L 0.461 0.117
C 0.474 0.117 0.496 0.114 0.496 0.081
L 0.496 0.037
C 0.496 0.023 0.495 0.001 0.461 0
L 0.083 0
C 0.052 0.001 0.049 0.02 0.049 0.028
Z
