M 0.035 0.445
C 0.035 0.556 0.136 0.644 0.262 0.644
C 0.388 0.644 0.49 0.556 0.49 0.445
C 0.49 0.347 0.41 0.263 0.297 0.249
L 0.297 0.062
L 0.353 0.062
C 0.37 0.062 0.392 0.06 0.392 0.031
C 0.392 0.006 0.375 0 0.357 0
L 0.168 0
C 0.149 0 0.133 0.006 0.133 0.031
C 0.133 0.059 0.155 0.062 0.169 0.062
L 0.227 0.062
L 0.227 0.249
C 0.131 0.261 0.035 0.334 0.035 0.445
Z
M 0.105 0.446
C 0.105 0.367 0.18 0.313 0.262 0.313
C 0.351 0.313 0.419 0.375 0.419 0.445
C 0.419 0.524 0.344 0.577 0.262 0.577
C 0.185 0.577 0.105 0.527 0.105 0.446
Z
