M 0 0.031
C 0 0.043 0.005 0.062 0.037 0.062
L 0.043 0.062
L 0.043 0.549
L 0.037 0.549
C 0.005 0.549 0 0.568 0 0.58
C 0 0.591 0.005 0.611 0.037 0.611
L 0.122 0.611
C 0.147 0.611 0.157 0.596 0.157 0.581
C 0.157 0.566 0.15 0.549 0.121 0.549
L 0.113 0.549
L 0.113 0.336
L 0.202 0.336
C 0.218 0.557 0.297 0.622 0.361 0.622
C 0.391 0.622 0.415 0.609 0.433 0.595
C 0.438 0.606 0.446 0.622 0.466 0.622
C 0.496 0.622 0.497 0.597 0.497 0.584
L 0.497 0.448
C 0.497 0.438 0.496 0.414 0.463 0.413
C 0.406 0.413 0.442 0.461 0.405 0.53
C 0.394 0.55 0.38 0.56 0.365 0.56
C 0.319 0.56 0.275 0.457 0.272 0.336
L 0.385 0.336
C 0.416 0.336 0.42 0.316 0.42 0.305
C 0.42 0.275 0.394 0.275 0.382 0.275
L 0.272 0.275
C 0.276 0.197 0.31 0.051 0.365 0.051
C 0.399 0.051 0.423 0.094 0.426 0.155
C 0.426 0.173 0.433 0.19 0.459 0.19
L 0.461 0.19
C 0.486 0.19 0.496 0.18 0.496 0.155
C 0.496 0.095 0.457 -0.011 0.361 -0.011
C 0.297 -0.011 0.217 0.056 0.202 0.275
L 0.113 0.275
L 0.113 0.062
L 0.116 0.062
C 0.136 0.062 0.157 0.057 0.157 0.031
C 0.157 0.018 0.152 0 0.122 0
L 0.036 0
C 0.008 0 0 0.015 0 0.031
Z
