M 0.019 0.489
L 0.019 0.574
C 0.019 0.59 0.021 0.611 0.056 0.611
L 0.255 0.611
C 0.291 0.611 0.29 0.586 0.29 0.57
L 0.29 0.495
C 0.29 0.479 0.29 0.455 0.258 0.455
L 0.257 0.455
C 0.242 0.455 0.221 0.456 0.22 0.488
L 0.22 0.549
L 0.189 0.549
L 0.189 0.062
L 0.394 0.062
L 0.394 0.549
L 0.381 0.549
C 0.355 0.549 0.346 0.564 0.346 0.579
C 0.346 0.59 0.35 0.611 0.38 0.611
L 0.477 0.611
C 0.502 0.611 0.512 0.596 0.512 0.581
C 0.512 0.566 0.505 0.549 0.476 0.549
L 0.464 0.549
L 0.464 0.062
L 0.482 0.062
C 0.519 0.062 0.517 0.036 0.517 0.024
L 0.517 -0.13
C 0.517 -0.141 0.516 -0.166 0.489 -0.166
C 0.482 -0.166 0.462 -0.163 0.461 -0.133
L 0.461 0
L 0.109 0
C 0.096 0 0.071 0 0.071 0.031
C 0.071 0.042 0.076 0.062 0.106 0.062
L 0.119 0.062
L 0.119 0.549
L 0.089 0.549
L 0.089 0.488
C 0.088 0.455 0.065 0.455 0.055 0.455
L 0.051 0.455
C 0.038 0.455 0.019 0.46 0.019 0.489
Z
