M 0.277 0.578
C 0.277 0.598 0.294 0.611 0.31 0.611
C 0.331 0.611 0.336 0.599 0.39 0.525
C 0.395 0.518 0.401 0.509 0.401 0.499
C 0.401 0.483 0.387 0.473 0.374 0.473
C 0.359 0.473 0.355 0.48 0.29 0.55
C 0.282 0.559 0.277 0.567 0.277 0.578
Z
M 0.139 0.562
C 0.139 0.609 0.179 0.639 0.214 0.639
C 0.236 0.639 0.253 0.624 0.253 0.601
C 0.253 0.579 0.236 0.564 0.216 0.564
C 0.208 0.564 0.203 0.566 0.195 0.57
C 0.195 0.568 0.194 0.566 0.194 0.564
C 0.194 0.526 0.253 0.554 0.253 0.512
C 0.253 0.504 0.247 0.485 0.223 0.485
C 0.193 0.485 0.139 0.507 0.139 0.562
Z
M 0.041 0.215
C 0.041 0.332 0.135 0.436 0.262 0.436
C 0.389 0.436 0.483 0.331 0.483 0.215
C 0.483 0.098 0.389 -0.005 0.262 -0.005
C 0.144 -0.005 0.041 0.089 0.041 0.215
Z
M 0.108 0.215
C 0.108 0.126 0.18 0.062 0.262 0.062
C 0.342 0.062 0.416 0.126 0.416 0.215
C 0.416 0.304 0.344 0.369 0.262 0.369
C 0.182 0.369 0.108 0.304 0.108 0.215
Z
