M 0.102 0.031
C 0.102 0.046 0.109 0.062 0.138 0.062
L 0.238 0.062
L 0.238 0.369
L 0.142 0.369
C 0.115 0.369 0.109 0.388 0.109 0.4
C 0.109 0.429 0.133 0.43 0.147 0.43
L 0.27 0.43
C 0.287 0.43 0.308 0.428 0.308 0.395
L 0.308 0.062
L 0.395 0.062
C 0.425 0.062 0.43 0.043 0.43 0.031
C 0.43 0.017 0.424 0.001 0.396 0
L 0.137 0
C 0.128 0 0.102 0.002 0.102 0.031
Z
M 0.121 0.561
C 0.121 0.59 0.144 0.611 0.171 0.611
C 0.197 0.611 0.221 0.59 0.221 0.561
C 0.221 0.533 0.2 0.511 0.171 0.511
C 0.141 0.511 0.121 0.536 0.121 0.561
Z
M 0.325 0.56
C 0.325 0.588 0.348 0.611 0.375 0.611
C 0.4 0.611 0.424 0.59 0.424 0.561
C 0.424 0.534 0.404 0.511 0.375 0.511
C 0.349 0.511 0.325 0.531 0.325 0.56
Z
