M 0.055 0.217
C 0.055 0.34 0.151 0.44 0.27 0.44
C 0.4 0.44 0.464 0.342 0.464 0.228
C 0.464 0.191 0.445 0.191 0.424 0.191
L 0.126 0.191
C 0.142 0.105 0.217 0.055 0.292 0.055
C 0.32 0.055 0.374 0.064 0.396 0.115
C 0.403 0.134 0.411 0.137 0.429 0.137
C 0.435 0.137 0.464 0.137 0.464 0.109
C 0.464 0.084 0.417 -0.006 0.285 -0.006
C 0.156 -0.006 0.055 0.095 0.055 0.217
Z
M 0.127 0.251
L 0.393 0.251
C 0.384 0.354 0.322 0.379 0.27 0.379
C 0.2 0.379 0.141 0.324 0.127 0.251
Z
M 0.078 0.608
C 0.078 0.627 0.092 0.639 0.109 0.639
C 0.139 0.639 0.14 0.609 0.141 0.604
C 0.151 0.565 0.231 0.563 0.254 0.563
C 0.292 0.563 0.352 0.569 0.366 0.598
C 0.37 0.607 0.367 0.639 0.4 0.639
C 0.418 0.639 0.431 0.627 0.431 0.608
C 0.431 0.564 0.394 0.498 0.255 0.498
C 0.115 0.498 0.078 0.564 0.078 0.608
Z
