M 0.017 0.03
C 0.017 0.06 0.04 0.062 0.054 0.062
L 0.102 0.062
L 0.102 0.369
L 0.055 0.369
C 0.039 0.369 0.017 0.372 0.017 0.4
C 0.017 0.411 0.022 0.43 0.054 0.43
L 0.207 0.43
C 0.24 0.43 0.244 0.41 0.244 0.4
C 0.244 0.371 0.219 0.369 0.206 0.369
L 0.159 0.369
L 0.159 0.217
L 0.328 0.369
L 0.312 0.369
C 0.281 0.369 0.277 0.389 0.277 0.399
C 0.277 0.408 0.281 0.43 0.313 0.43
L 0.452 0.43
C 0.48 0.43 0.487 0.415 0.487 0.4
C 0.487 0.385 0.48 0.369 0.451 0.369
L 0.431 0.369
C 0.397 0.369 0.412 0.36 0.285 0.254
C 0.335 0.192 0.429 0.073 0.434 0.068
C 0.44 0.062 0.444 0.062 0.458 0.062
L 0.472 0.062
C 0.5 0.062 0.508 0.047 0.508 0.031
C 0.508 0.006 0.491 0 0.471 0
L 0.352 0
C 0.322 0 0.316 0.017 0.316 0.031
C 0.316 0.047 0.324 0.062 0.35 0.062
L 0.366 0.062
L 0.243 0.216
L 0.242 0.216
L 0.159 0.141
L 0.159 0.062
L 0.206 0.062
C 0.217 0.062 0.244 0.061 0.244 0.031
C 0.244 0.019 0.239 0 0.207 0
L 0.054 0
C 0.022 0 0.017 0.019 0.017 0.03
Z
