M 0.026 0.4
C 0.026 0.431 0.05 0.431 0.066 0.431
L 0.183 0.431
C 0.199 0.431 0.223 0.431 0.223 0.4
C 0.223 0.37 0.198 0.37 0.183 0.37
L 0.158 0.37
L 0.251 0.13
C 0.258 0.111 0.267 0.09 0.272 0.071
L 0.273 0.071
C 0.28 0.102 0.286 0.12 0.299 0.157
L 0.371 0.37
L 0.343 0.37
C 0.327 0.37 0.303 0.37 0.303 0.401
C 0.303 0.431 0.328 0.431 0.343 0.431
L 0.46 0.431
C 0.476 0.431 0.5 0.431 0.5 0.4
C 0.5 0.37 0.475 0.37 0.46 0.37
L 0.43 0.37
L 0.275 -0.085
C 0.271 -0.096 0.226 -0.228 0.126 -0.228
C 0.077 -0.228 0.043 -0.188 0.043 -0.146
C 0.043 -0.12 0.06 -0.102 0.087 -0.102
C 0.112 -0.102 0.13 -0.12 0.13 -0.145
C 0.13 -0.158 0.125 -0.166 0.125 -0.167
C 0.14 -0.166 0.176 -0.164 0.205 -0.109
C 0.218 -0.084 0.243 -0.002 0.243 0
C 0.243 0.001 0.243 0.003 0.239 0.013
L 0.097 0.37
L 0.066 0.37
C 0.051 0.37 0.026 0.37 0.026 0.4
Z
M 0.106 0.527
C 0.106 0.543 0.117 0.55 0.128 0.557
C 0.253 0.64 0.256 0.644 0.268 0.644
L 0.269 0.644
C 0.279 0.644 0.28 0.643 0.408 0.558
C 0.416 0.553 0.431 0.544 0.431 0.526
C 0.431 0.514 0.416 0.488 0.396 0.488
L 0.394 0.488
C 0.373 0.488 0.283 0.568 0.268 0.568
C 0.261 0.568 0.255 0.562 0.237 0.549
C 0.166 0.498 0.155 0.488 0.141 0.488
C 0.121 0.488 0.106 0.513 0.106 0.527
Z
