M 0.075 0.3
C 0.075 0.401 0.164 0.436 0.23 0.436
C 0.295 0.436 0.372 0.407 0.372 0.298
L 0.372 0.062
L 0.463 0.062
C 0.479 0.062 0.499 0.058 0.499 0.031
C 0.499 0.018 0.493 0 0.465 0
L 0.372 0
L 0.372 -0.087
C 0.372 -0.115 0.355 -0.123 0.339 -0.123
L 0.337 -0.123
C 0.319 -0.123 0.302 -0.118 0.302 -0.087
L 0.302 0
L 0.133 0
C 0.126 0 0.098 0 0.098 0.031
C 0.098 0.042 0.101 0.062 0.133 0.062
L 0.302 0.062
L 0.302 0.296
C 0.303 0.333 0.293 0.374 0.227 0.374
C 0.15 0.374 0.144 0.313 0.144 0.295
L 0.144 0.29
C 0.141 0.274 0.126 0.265 0.11 0.265
C 0.095 0.265 0.076 0.271 0.075 0.3
Z
