M 0.022 0.49
L 0.022 0.575
C 0.022 0.608 0.041 0.611 0.059 0.611
L 0.381 0.611
C 0.42 0.611 0.418 0.586 0.418 0.57
L 0.418 0.523
C 0.418 0.512 0.42 0.482 0.383 0.482
C 0.346 0.482 0.348 0.512 0.348 0.523
L 0.348 0.549
L 0.255 0.549
L 0.255 0.389
C 0.29 0.422 0.331 0.442 0.382 0.442
C 0.449 0.442 0.479 0.407 0.493 0.378
C 0.507 0.348 0.509 0.314 0.509 0.281
L 0.509 0.195
C 0.509 0.08 0.46 -0.011 0.387 -0.011
C 0.339 -0.011 0.306 0.035 0.306 0.081
C 0.306 0.118 0.336 0.127 0.35 0.127
C 0.375 0.127 0.395 0.109 0.395 0.083
C 0.395 0.071 0.391 0.063 0.384 0.052
L 0.385 0.052
C 0.412 0.052 0.439 0.107 0.439 0.205
L 0.439 0.279
C 0.439 0.331 0.437 0.38 0.377 0.38
C 0.329 0.38 0.255 0.345 0.255 0.233
L 0.255 0.062
C 0.258 0.061 0.282 0.057 0.282 0.031
C 0.282 0.015 0.274 0 0.245 0
L 0.141 0
C 0.115 0 0.108 0.019 0.108 0.031
C 0.108 0.06 0.132 0.062 0.143 0.062
L 0.185 0.062
L 0.185 0.549
L 0.092 0.549
L 0.092 0.492
C 0.092 0.476 0.091 0.455 0.056 0.455
L 0.054 0.455
C 0.039 0.455 0.022 0.462 0.022 0.49
Z
