M 0.058 -0.145
C 0.058 -0.125 0.123 -0.047 0.189 -0.047
C 0.257 -0.047 0.291 -0.109 0.336 -0.109
C 0.381 -0.109 0.407 -0.047 0.434 -0.047
C 0.444 -0.047 0.465 -0.059 0.465 -0.079
C 0.465 -0.099 0.401 -0.176 0.335 -0.176
C 0.27 -0.176 0.229 -0.114 0.188 -0.114
C 0.143 -0.114 0.117 -0.176 0.09 -0.176
C 0.073 -0.176 0.058 -0.16 0.058 -0.145
Z
M 0.004 0.581
C 0.004 0.611 0.03 0.611 0.045 0.611
L 0.174 0.611
C 0.189 0.611 0.215 0.611 0.215 0.581
C 0.215 0.55 0.189 0.55 0.174 0.55
L 0.144 0.55
L 0.144 0.209
C 0.144 0.102 0.209 0.05 0.262 0.05
C 0.314 0.05 0.38 0.102 0.38 0.209
L 0.38 0.55
L 0.35 0.55
C 0.335 0.55 0.309 0.55 0.309 0.581
C 0.309 0.611 0.335 0.611 0.35 0.611
L 0.479 0.611
C 0.494 0.611 0.52 0.611 0.52 0.581
C 0.52 0.55 0.495 0.55 0.479 0.55
L 0.449 0.55
L 0.449 0.204
C 0.449 0.081 0.362 -0.011 0.262 -0.011
C 0.162 -0.011 0.075 0.081 0.075 0.204
L 0.075 0.55
L 0.045 0.55
C 0.03 0.55 0.004 0.55 0.004 0.581
Z
