M 0.025 0.4
C 0.025 0.431 0.05 0.431 0.066 0.431
L 0.153 0.431
L 0.153 0.513
C 0.153 0.533 0.153 0.554 0.188 0.554
C 0.222 0.554 0.222 0.532 0.222 0.513
L 0.222 0.431
L 0.386 0.431
C 0.402 0.431 0.426 0.431 0.426 0.4
C 0.426 0.37 0.401 0.37 0.386 0.37
L 0.222 0.37
L 0.222 0.132
C 0.222 0.107 0.222 0.055 0.299 0.055
C 0.322 0.055 0.379 0.065 0.38 0.127
C 0.38 0.144 0.381 0.165 0.414 0.165
C 0.449 0.165 0.449 0.144 0.449 0.126
C 0.449 0.037 0.368 -0.006 0.294 -0.006
C 0.221 -0.006 0.153 0.03 0.153 0.126
L 0.153 0.37
L 0.065 0.37
C 0.05 0.37 0.025 0.37 0.025 0.4
Z
M 0.036 0.674
C 0.036 0.702 0.058 0.725 0.086 0.725
C 0.112 0.725 0.136 0.704 0.136 0.675
C 0.136 0.648 0.115 0.625 0.086 0.625
C 0.06 0.625 0.036 0.645 0.036 0.674
Z
M 0.24 0.674
C 0.24 0.701 0.262 0.725 0.29 0.725
C 0.316 0.725 0.34 0.704 0.34 0.675
C 0.34 0.647 0.319 0.625 0.29 0.625
C 0.26 0.625 0.24 0.649 0.24 0.674
Z
