M 0.205 -0.212
C 0.205 -0.181 0.258 -0.202 0.275 -0.136
C 0.27 -0.137 0.266 -0.137 0.262 -0.137
C 0.236 -0.137 0.218 -0.117 0.218 -0.093
C 0.218 -0.072 0.233 -0.05 0.262 -0.05
C 0.297 -0.05 0.32 -0.082 0.32 -0.119
C 0.32 -0.195 0.251 -0.234 0.227 -0.234
C 0.215 -0.234 0.205 -0.222 0.205 -0.212
Z
M 0.026 0.497
L 0.026 0.57
C 0.026 0.603 0.034 0.611 0.067 0.611
L 0.458 0.611
C 0.492 0.611 0.498 0.601 0.498 0.57
L 0.498 0.497
C 0.498 0.477 0.498 0.456 0.463 0.456
C 0.429 0.456 0.429 0.478 0.429 0.497
L 0.429 0.55
L 0.297 0.55
L 0.297 0.061
L 0.349 0.061
C 0.365 0.061 0.389 0.061 0.389 0.03
C 0.389 0 0.364 0 0.349 0
L 0.176 0
C 0.16 0 0.136 0 0.136 0.031
C 0.136 0.061 0.161 0.061 0.176 0.061
L 0.228 0.061
L 0.228 0.55
L 0.095 0.55
L 0.095 0.497
C 0.095 0.477 0.095 0.456 0.06 0.456
C 0.026 0.456 0.026 0.478 0.026 0.497
Z
