M 0.209 0.562
C 0.209 0.59 0.231 0.612 0.259 0.612
C 0.287 0.612 0.309 0.59 0.309 0.562
C 0.309 0.534 0.287 0.512 0.259 0.512
C 0.231 0.512 0.209 0.534 0.209 0.562
Z
M 0.078 0.03
C 0.078 0.061 0.103 0.061 0.119 0.061
L 0.24 0.061
L 0.24 0.37
L 0.127 0.37
C 0.112 0.37 0.086 0.37 0.086 0.401
C 0.086 0.431 0.112 0.431 0.127 0.431
L 0.269 0.431
C 0.303 0.431 0.309 0.421 0.309 0.39
L 0.309 0.061
L 0.414 0.061
C 0.429 0.061 0.455 0.061 0.455 0.03
C 0.455 0 0.429 0 0.414 0
L 0.119 0
C 0.104 0 0.078 0 0.078 0.03
Z
M 0.1 -0.144
C 0.1 -0.131 0.108 -0.123 0.116 -0.116
C 0.171 -0.065 0.204 -0.056 0.226 -0.056
C 0.28 -0.056 0.3 -0.11 0.325 -0.11
C 0.358 -0.11 0.394 -0.057 0.416 -0.057
C 0.432 -0.057 0.448 -0.071 0.448 -0.088
C 0.448 -0.101 0.439 -0.109 0.432 -0.116
C 0.41 -0.137 0.365 -0.176 0.321 -0.176
C 0.265 -0.176 0.251 -0.123 0.223 -0.123
C 0.191 -0.123 0.154 -0.176 0.131 -0.176
C 0.112 -0.176 0.1 -0.158 0.1 -0.144
Z
