M 0.025 0.03
C 0.025 0.059 0.051 0.062 0.06 0.062
L 0.088 0.062
L 0.088 0.549
L 0.062 0.549
C 0.042 0.549 0.025 0.555 0.025 0.579
C 0.025 0.594 0.032 0.611 0.06 0.611
L 0.171 0.611
C 0.203 0.611 0.207 0.591 0.207 0.58
C 0.207 0.552 0.186 0.549 0.17 0.549
L 0.145 0.549
L 0.145 0.285
L 0.356 0.549
L 0.353 0.549
C 0.34 0.549 0.316 0.55 0.316 0.58
C 0.316 0.593 0.323 0.611 0.35 0.611
L 0.45 0.611
C 0.481 0.611 0.485 0.59 0.485 0.58
C 0.485 0.551 0.462 0.549 0.448 0.549
L 0.443 0.549
C 0.426 0.549 0.425 0.544 0.415 0.531
C 0.304 0.392 0.289 0.375 0.276 0.357
L 0.443 0.062
L 0.458 0.062
C 0.495 0.062 0.495 0.039 0.495 0.024
L 0.495 -0.13
C 0.495 -0.141 0.494 -0.166 0.467 -0.166
C 0.46 -0.166 0.439 -0.163 0.438 -0.133
L 0.438 0
L 0.373 0
C 0.347 0 0.337 0.014 0.337 0.029
C 0.337 0.059 0.363 0.062 0.373 0.062
L 0.378 0.062
L 0.238 0.31
C 0.229 0.3 0.221 0.29 0.156 0.208
C 0.144 0.193 0.145 0.192 0.145 0.176
L 0.145 0.062
L 0.17 0.062
C 0.19 0.062 0.207 0.055 0.207 0.031
C 0.207 0.012 0.197 0 0.171 0
L 0.06 0
C 0.029 0 0.025 0.019 0.025 0.03
Z
