M 0.106 0.546
C 0.106 0.567 0.125 0.573 0.136 0.578
C 0.267 0.635 0.274 0.639 0.285 0.639
C 0.302 0.639 0.319 0.625 0.319 0.604
C 0.319 0.582 0.301 0.573 0.289 0.568
C 0.151 0.508 0.15 0.506 0.14 0.506
C 0.113 0.506 0.106 0.54 0.106 0.546
Z
M 0.306 0.545
C 0.306 0.571 0.312 0.567 0.461 0.632
C 0.468 0.635 0.476 0.639 0.484 0.639
C 0.501 0.639 0.518 0.625 0.518 0.604
C 0.518 0.582 0.5 0.573 0.488 0.568
C 0.35 0.508 0.349 0.506 0.339 0.506
C 0.32 0.506 0.306 0.526 0.306 0.545
Z
M 0.026 0.4
C 0.026 0.431 0.05 0.431 0.066 0.431
L 0.183 0.431
C 0.199 0.431 0.223 0.431 0.223 0.4
C 0.223 0.37 0.198 0.37 0.183 0.37
L 0.158 0.37
L 0.251 0.13
C 0.258 0.111 0.267 0.09 0.272 0.071
L 0.273 0.071
C 0.28 0.102 0.286 0.12 0.299 0.157
L 0.371 0.37
L 0.343 0.37
C 0.327 0.37 0.303 0.37 0.303 0.401
C 0.303 0.431 0.328 0.431 0.343 0.431
L 0.46 0.431
C 0.476 0.431 0.5 0.431 0.5 0.4
C 0.5 0.37 0.475 0.37 0.46 0.37
L 0.43 0.37
L 0.275 -0.085
C 0.271 -0.096 0.226 -0.228 0.126 -0.228
C 0.077 -0.228 0.043 -0.188 0.043 -0.146
C 0.043 -0.12 0.06 -0.102 0.087 -0.102
C 0.112 -0.102 0.13 -0.12 0.13 -0.145
C 0.13 -0.158 0.125 -0.166 0.125 -0.167
C 0.14 -0.166 0.176 -0.164 0.205 -0.109
C 0.218 -0.084 0.243 -0.002 0.243 0
C 0.243 0.001 0.243 0.003 0.239 0.013
L 0.097 0.37
L 0.066 0.37
C 0.051 0.37 0.026 0.37 0.026 0.4
Z
