M -0.084 0.499
C -0.084 0.512 -0.076 0.519 -0.024 0.591
C -0.014 0.605 -0.006 0.611 0.007 0.611
C 0.024 0.611 0.041 0.598 0.041 0.578
C 0.041 0.56 0.029 0.553 -0.027 0.492
C -0.039 0.48 -0.045 0.473 -0.057 0.473
C -0.071 0.473 -0.084 0.483 -0.084 0.499
Z
M -0.084 0.499
C -0.084 0.512 -0.076 0.519 -0.024 0.591
C -0.014 0.605 -0.006 0.611 0.007 0.611
C 0.024 0.611 0.041 0.598 0.041 0.578
C 0.041 0.56 0.029 0.553 -0.027 0.492
C -0.039 0.48 -0.045 0.473 -0.057 0.473
C -0.071 0.473 -0.084 0.483 -0.084 0.499
Z
M 0.041 0.031
C 0.041 0.06 0.066 0.062 0.075 0.062
L 0.106 0.062
L 0.106 0.577
L 0.076 0.577
C 0.065 0.577 0.041 0.578 0.041 0.608
C 0.041 0.632 0.058 0.639 0.077 0.639
L 0.206 0.639
C 0.225 0.639 0.242 0.633 0.242 0.608
C 0.242 0.579 0.217 0.577 0.207 0.577
L 0.176 0.577
L 0.176 0.363
L 0.388 0.363
L 0.388 0.577
L 0.358 0.577
C 0.348 0.577 0.323 0.578 0.323 0.607
C 0.323 0.638 0.348 0.639 0.358 0.639
L 0.489 0.639
C 0.508 0.639 0.524 0.633 0.524 0.608
C 0.524 0.579 0.499 0.577 0.489 0.577
L 0.459 0.577
L 0.459 0.062
L 0.489 0.062
C 0.499 0.062 0.524 0.061 0.524 0.031
C 0.524 0.007 0.507 0 0.488 0
L 0.358 0
C 0.348 0 0.323 0 0.323 0.031
C 0.323 0.06 0.348 0.062 0.358 0.062
L 0.388 0.062
L 0.388 0.301
L 0.176 0.301
L 0.176 0.062
L 0.207 0.062
C 0.217 0.062 0.242 0.061 0.242 0.031
C 0.242 0.007 0.225 0 0.206 0
L 0.076 0
C 0.066 0 0.041 0 0.041 0.031
Z
