M 0.018 0.239
C 0.018 0.267 0.033 0.295 0.061 0.312
C 0.053 0.323 0.047 0.338 0.047 0.355
C 0.047 0.368 0.05 0.382 0.059 0.396
C 0.046 0.413 0.04 0.433 0.04 0.452
C 0.04 0.503 0.082 0.548 0.14 0.548
C 0.157 0.548 0.177 0.544 0.198 0.531
C 0.218 0.545 0.24 0.552 0.26 0.552
C 0.286 0.552 0.306 0.54 0.306 0.519
C 0.306 0.499 0.289 0.495 0.281 0.495
C 0.271 0.495 0.262 0.5 0.258 0.515
C 0.244 0.514 0.236 0.511 0.223 0.505
C 0.234 0.487 0.239 0.469 0.239 0.452
C 0.239 0.4 0.192 0.357 0.139 0.357
C 0.122 0.357 0.103 0.361 0.086 0.372
C 0.084 0.365 0.083 0.36 0.083 0.355
C 0.083 0.325 0.104 0.324 0.127 0.324
L 0.164 0.324
C 0.274 0.324 0.297 0.275 0.297 0.241
C 0.297 0.187 0.233 0.15 0.157 0.15
C 0.08 0.15 0.018 0.186 0.018 0.239
Z
M 0.052 0.242
C 0.052 0.21 0.106 0.186 0.161 0.186
C 0.223 0.186 0.262 0.214 0.262 0.241
C 0.262 0.26 0.248 0.289 0.17 0.289
L 0.112 0.289
C 0.074 0.289 0.052 0.261 0.052 0.242
Z
M 0.083 0.454
C 0.083 0.421 0.111 0.393 0.142 0.393
C 0.17 0.393 0.197 0.418 0.197 0.452
C 0.197 0.488 0.17 0.512 0.141 0.512
C 0.111 0.512 0.083 0.488 0.083 0.454
Z
