M 0.012 -0.136
C 0.012 -0.086 0.05 -0.053 0.082 -0.038
C 0.117 -0.022 0.33 0.05 0.365 0.071
C 0.387 0.084 0.419 0.109 0.419 0.166
C 0.419 0.214 0.395 0.287 0.26 0.287
L 0.225 0.287
C 0.209 0.287 0.184 0.288 0.184 0.318
C 0.184 0.337 0.197 0.348 0.216 0.348
L 0.269 0.348
C 0.365 0.348 0.389 0.417 0.389 0.456
C 0.389 0.492 0.375 0.56 0.265 0.56
C 0.21 0.56 0.159 0.542 0.135 0.502
C 0.143 0.492 0.146 0.484 0.146 0.472
C 0.146 0.446 0.125 0.428 0.102 0.428
C 0.081 0.428 0.058 0.442 0.058 0.476
C 0.058 0.506 0.07 0.58 0.197 0.615
C 0.187 0.623 0.177 0.633 0.1 0.703
C 0.089 0.714 0.085 0.723 0.085 0.731
C 0.085 0.738 0.088 0.758 0.12 0.758
L 0.173 0.758
C 0.195 0.758 0.194 0.755 0.264 0.692
C 0.278 0.707 0.323 0.76 0.377 0.76
C 0.398 0.76 0.412 0.742 0.412 0.726
C 0.412 0.721 0.412 0.717 0.409 0.713
C 0.39 0.685 0.372 0.719 0.34 0.661
C 0.332 0.647 0.326 0.632 0.318 0.618
C 0.449 0.596 0.459 0.487 0.459 0.456
C 0.459 0.375 0.4 0.333 0.382 0.32
C 0.47 0.281 0.485 0.204 0.485 0.159
C 0.485 0.025 0.37 -0.005 0.312 -0.027
C 0.105 -0.105 0.08 -0.106 0.08 -0.141
C 0.08 -0.18 0.133 -0.151 0.133 -0.196
C 0.133 -0.215 0.121 -0.227 0.102 -0.227
C 0.057 -0.227 0.012 -0.191 0.012 -0.136
Z
