M 0.012 -0.192
C 0.012 -0.161 0.037 -0.161 0.053 -0.161
L 0.097 -0.161
L 0.097 0.37
L 0.052 0.37
C 0.038 0.37 0.012 0.37 0.012 0.4
C 0.012 0.431 0.037 0.431 0.053 0.431
L 0.126 0.431
C 0.164 0.431 0.166 0.417 0.166 0.388
C 0.2 0.419 0.245 0.437 0.293 0.437
C 0.399 0.437 0.488 0.339 0.488 0.216
C 0.488 0.089 0.391 -0.006 0.282 -0.006
C 0.25 -0.006 0.207 0.003 0.166 0.045
L 0.166 -0.161
L 0.21 -0.161
C 0.226 -0.161 0.251 -0.161 0.251 -0.192
C 0.251 -0.222 0.225 -0.222 0.211 -0.222
L 0.052 -0.222
C 0.038 -0.222 0.012 -0.222 0.012 -0.192
Z
M 0.166 0.191
C 0.166 0.143 0.201 0.055 0.279 0.055
C 0.349 0.055 0.419 0.12 0.419 0.216
C 0.419 0.303 0.361 0.376 0.287 0.376
C 0.224 0.376 0.166 0.323 0.166 0.264
L 0.166 0.191
Z
M 0.242 0.561
C 0.242 0.59 0.266 0.611 0.292 0.611
C 0.318 0.611 0.342 0.59 0.342 0.561
C 0.342 0.532 0.317 0.511 0.293 0.511
C 0.263 0.511 0.242 0.534 0.242 0.561
Z
