M 0.037 0.057
C 0.037 0.082 0.056 0.1 0.079 0.1
C 0.104 0.1 0.121 0.081 0.122 0.057
C 0.125 0.057 0.129 0.056 0.132 0.056
C 0.2 0.056 0.302 0.107 0.302 0.251
L 0.302 0.369
L 0.188 0.369
C 0.172 0.369 0.151 0.372 0.151 0.4
C 0.151 0.43 0.175 0.43 0.189 0.43
L 0.459 0.43
C 0.487 0.43 0.493 0.414 0.493 0.399
C 0.493 0.389 0.489 0.369 0.458 0.369
L 0.372 0.369
L 0.372 0.062
L 0.455 0.062
C 0.468 0.062 0.493 0.061 0.493 0.031
C 0.493 0.02 0.488 0 0.456 0
L 0.336 0
C 0.301 0.001 0.302 0.025 0.302 0.04
L 0.302 0.075
C 0.26 0.026 0.201 -0.005 0.132 -0.005
C 0.056 -0.005 0.037 0.032 0.037 0.057
Z
