M 0.014 0.399
C 0.014 0.424 0.031 0.43 0.051 0.43
L 0.074 0.43
L 0.074 0.571
C 0.074 0.573 0.073 0.575 0.073 0.579
C 0.073 0.592 0.077 0.615 0.108 0.615
C 0.144 0.615 0.144 0.591 0.144 0.576
L 0.144 0.43
L 0.182 0.43
C 0.194 0.43 0.218 0.429 0.218 0.4
C 0.218 0.371 0.193 0.369 0.183 0.369
L 0.144 0.369
L 0.144 0.132
C 0.144 0.057 0.171 0.056 0.2 0.056
L 0.364 0.056
C 0.386 0.056 0.436 0.058 0.436 0.124
C 0.436 0.203 0.362 0.193 0.317 0.213
C 0.294 0.223 0.244 0.256 0.244 0.321
C 0.244 0.391 0.293 0.439 0.37 0.439
C 0.391 0.439 0.403 0.436 0.423 0.427
C 0.431 0.435 0.441 0.438 0.45 0.438
C 0.465 0.438 0.478 0.428 0.478 0.405
L 0.478 0.327
C 0.478 0.312 0.476 0.29 0.445 0.29
L 0.443 0.29
C 0.407 0.29 0.409 0.316 0.408 0.33
C 0.404 0.369 0.386 0.377 0.367 0.377
C 0.34 0.377 0.306 0.366 0.306 0.322
C 0.306 0.261 0.377 0.265 0.421 0.247
C 0.461 0.229 0.498 0.186 0.498 0.124
C 0.498 0.068 0.471 -0.005 0.366 -0.005
L 0.19 -0.005
C 0.169 -0.005 0.125 -0.005 0.095 0.039
C 0.075 0.069 0.074 0.105 0.074 0.133
L 0.074 0.369
L 0.051 0.369
C 0.032 0.369 0.014 0.375 0.014 0.399
Z
