M 0.009 0.031
C 0.009 0.061 0.033 0.062 0.049 0.062
L 0.09 0.062
L 0.09 0.369
L 0.062 0.369
C 0.049 0.369 0.025 0.369 0.025 0.399
C 0.025 0.429 0.05 0.43 0.06 0.43
L 0.09 0.43
L 0.09 0.483
C 0.09 0.563 0.173 0.616 0.289 0.616
C 0.361 0.616 0.379 0.601 0.393 0.588
C 0.407 0.598 0.438 0.616 0.483 0.616
C 0.555 0.616 0.573 0.58 0.573 0.556
C 0.573 0.53 0.552 0.513 0.53 0.513
C 0.519 0.513 0.49 0.518 0.487 0.554
L 0.482 0.554
C 0.445 0.554 0.409 0.537 0.409 0.482
L 0.409 0.43
L 0.474 0.43
C 0.489 0.43 0.508 0.424 0.508 0.399
C 0.508 0.385 0.501 0.37 0.474 0.369
L 0.409 0.369
L 0.409 0.062
L 0.477 0.062
C 0.505 0.062 0.51 0.044 0.51 0.031
C 0.51 0.016 0.503 0 0.474 0
L 0.298 0
C 0.27 0 0.262 0.016 0.262 0.031
C 0.262 0.059 0.288 0.062 0.298 0.062
L 0.339 0.062
L 0.339 0.475
C 0.339 0.488 0.34 0.5 0.342 0.511
C 0.337 0.516 0.324 0.526 0.324 0.547
L 0.324 0.552
C 0.31 0.554 0.297 0.555 0.283 0.555
C 0.204 0.555 0.171 0.521 0.163 0.503
C 0.159 0.494 0.16 0.484 0.16 0.474
L 0.16 0.43
L 0.224 0.43
C 0.239 0.43 0.258 0.424 0.258 0.399
C 0.258 0.385 0.251 0.37 0.224 0.369
L 0.16 0.369
L 0.16 0.062
L 0.199 0.062
C 0.209 0.062 0.237 0.062 0.237 0.031
C 0.237 0.019 0.232 0 0.2 0
L 0.047 0
C 0.034 0 0.009 0.001 0.009 0.031
Z
