M 0.11 0.56
C 0.11 0.588 0.133 0.611 0.16 0.611
C 0.186 0.611 0.209 0.59 0.209 0.561
C 0.209 0.534 0.189 0.511 0.16 0.511
C 0.13 0.511 0.11 0.535 0.11 0.56
Z
M 0.314 0.56
C 0.314 0.587 0.336 0.611 0.364 0.611
C 0.394 0.611 0.414 0.586 0.414 0.561
C 0.414 0.533 0.393 0.511 0.364 0.511
C 0.334 0.511 0.314 0.535 0.314 0.56
Z
M 0.057 0.216
C 0.057 0.341 0.15 0.44 0.262 0.44
C 0.374 0.44 0.467 0.341 0.467 0.216
C 0.467 0.09 0.372 -0.006 0.262 -0.006
C 0.152 -0.006 0.057 0.089 0.057 0.216
Z
M 0.126 0.223
C 0.126 0.13 0.188 0.055 0.262 0.055
C 0.336 0.055 0.398 0.13 0.398 0.223
C 0.398 0.314 0.334 0.379 0.262 0.379
C 0.191 0.379 0.126 0.314 0.126 0.223
Z
