M 0.027 0.031
C 0.027 0.057 0.047 0.062 0.064 0.062
L 0.086 0.062
L 0.207 0.584
C 0.214 0.615 0.225 0.623 0.252 0.623
L 0.275 0.623
C 0.299 0.623 0.311 0.609 0.315 0.589
L 0.437 0.062
L 0.46 0.062
C 0.49 0.062 0.497 0.044 0.497 0.03
C 0.497 -0.004 0.467 0.004 0.449 -0.006
C 0.4 -0.034 0.359 -0.074 0.359 -0.115
C 0.359 -0.146 0.386 -0.171 0.415 -0.171
C 0.459 -0.171 0.462 -0.124 0.49 -0.124
C 0.506 -0.124 0.522 -0.138 0.522 -0.155
C 0.522 -0.176 0.481 -0.233 0.414 -0.233
C 0.356 -0.233 0.295 -0.188 0.295 -0.115
C 0.296 -0.068 0.323 -0.031 0.355 0
L 0.344 0
C 0.318 0 0.309 0.015 0.309 0.029
C 0.309 0.041 0.313 0.062 0.344 0.062
L 0.365 0.062
L 0.342 0.164
L 0.182 0.164
L 0.158 0.062
L 0.179 0.062
C 0.208 0.062 0.215 0.046 0.215 0.031
C 0.215 0.015 0.207 0 0.179 0
L 0.063 0
C 0.034 0 0.027 0.016 0.027 0.031
Z
M 0.196 0.225
L 0.328 0.225
C 0.279 0.445 0.265 0.509 0.262 0.541
L 0.237 0.411
Z
