M 0.314 0.769
C 0.314 0.799 0.339 0.819 0.364 0.819
C 0.394 0.819 0.414 0.794 0.414 0.769
C 0.414 0.744 0.393 0.719 0.364 0.719
C 0.334 0.719 0.314 0.744 0.314 0.769
Z
M 0.11 0.769
C 0.11 0.799 0.135 0.819 0.16 0.819
C 0.19 0.819 0.21 0.794 0.21 0.769
C 0.21 0.744 0.189 0.719 0.16 0.719
C 0.13 0.719 0.11 0.744 0.11 0.769
Z
M 0.056 0.305
C 0.056 0.595 0.077 0.622 0.262 0.622
C 0.447 0.622 0.468 0.594 0.468 0.305
C 0.468 0.016 0.446 -0.011 0.262 -0.011
C 0.077 -0.011 0.056 0.016 0.056 0.305
Z
M 0.125 0.314
C 0.125 0.259 0.125 0.172 0.137 0.121
C 0.149 0.071 0.174 0.05 0.262 0.05
C 0.351 0.05 0.377 0.071 0.388 0.127
C 0.399 0.181 0.399 0.252 0.399 0.314
C 0.399 0.375 0.399 0.45 0.387 0.497
C 0.372 0.552 0.337 0.561 0.262 0.561
C 0.18 0.561 0.149 0.549 0.136 0.49
C 0.125 0.444 0.125 0.376 0.125 0.314
Z
