M 0.015 0.49
C 0.015 0.502 0.021 0.52 0.049 0.521
L 0.115 0.521
L 0.115 0.55
L 0.071 0.55
C 0.061 0.55 0.034 0.551 0.034 0.582
C 0.034 0.597 0.044 0.611 0.069 0.611
L 0.148 0.611
C 0.183 0.611 0.185 0.591 0.185 0.576
L 0.185 0.521
L 0.274 0.521
C 0.302 0.521 0.31 0.506 0.31 0.49
C 0.31 0.475 0.303 0.459 0.274 0.459
L 0.185 0.459
L 0.185 0.385
C 0.211 0.409 0.253 0.436 0.31 0.436
C 0.371 0.436 0.409 0.406 0.424 0.362
C 0.433 0.337 0.435 0.309 0.435 0.282
L 0.435 0.062
L 0.479 0.062
C 0.491 0.062 0.515 0.06 0.515 0.031
C 0.515 0.006 0.499 0 0.478 0
L 0.328 0
C 0.313 0 0.291 0.003 0.291 0.03
C 0.291 0.059 0.316 0.062 0.327 0.062
L 0.365 0.062
L 0.365 0.287
C 0.365 0.333 0.359 0.374 0.305 0.374
C 0.26 0.374 0.185 0.343 0.185 0.234
L 0.185 0.062
L 0.229 0.062
C 0.241 0.062 0.266 0.06 0.266 0.031
C 0.266 0.004 0.245 0 0.229 0
L 0.072 0
C 0.052 0 0.034 0.006 0.034 0.031
C 0.034 0.06 0.059 0.062 0.071 0.062
L 0.115 0.062
L 0.115 0.459
L 0.049 0.459
C 0.021 0.46 0.015 0.477 0.015 0.49
Z
