M 0.044 0.306
C 0.044 0.486 0.168 0.617 0.304 0.617
C 0.48 0.617 0.48 0.386 0.48 0.321
C 0.48 0.148 0.384 0.106 0.335 0.106
C 0.261 0.106 0.191 0.187 0.191 0.306
C 0.191 0.419 0.256 0.505 0.336 0.505
C 0.369 0.505 0.397 0.487 0.4 0.485
C 0.377 0.546 0.332 0.556 0.304 0.556
C 0.201 0.556 0.1 0.454 0.1 0.305
C 0.1 0.163 0.197 0.055 0.305 0.055
C 0.339 0.055 0.377 0.066 0.412 0.098
C 0.422 0.108 0.425 0.108 0.442 0.108
C 0.452 0.108 0.48 0.108 0.48 0.08
C 0.48 0.051 0.396 -0.006 0.306 -0.006
C 0.166 -0.006 0.044 0.127 0.044 0.306
Z
M 0.247 0.305
C 0.247 0.227 0.289 0.167 0.336 0.167
C 0.379 0.167 0.424 0.224 0.424 0.305
C 0.424 0.386 0.38 0.444 0.335 0.444
C 0.293 0.444 0.247 0.389 0.247 0.305
Z
