M 0.024 0.399
C 0.024 0.415 0.031 0.43 0.06 0.43
L 0.185 0.43
C 0.205 0.43 0.222 0.424 0.222 0.4
C 0.222 0.37 0.197 0.369 0.186 0.369
L 0.155 0.369
L 0.262 0.072
L 0.368 0.369
L 0.337 0.369
C 0.326 0.369 0.302 0.37 0.302 0.4
C 0.302 0.424 0.319 0.43 0.339 0.43
L 0.464 0.43
C 0.479 0.43 0.499 0.426 0.499 0.399
C 0.499 0.37 0.474 0.369 0.464 0.369
L 0.429 0.369
L 0.313 0.047
L 0.292 0.015
C 0.349 -0.063 0.355 -0.099 0.355 -0.127
C 0.355 -0.177 0.323 -0.233 0.262 -0.233
C 0.206 -0.233 0.168 -0.182 0.168 -0.126
C 0.168 -0.098 0.175 -0.064 0.232 0.015
L 0.211 0.047
L 0.095 0.369
L 0.06 0.369
C 0.05 0.369 0.024 0.37 0.024 0.399
Z
M 0.226 -0.122
C 0.226 -0.148 0.24 -0.171 0.262 -0.171
C 0.288 -0.17 0.298 -0.144 0.298 -0.122
C 0.298 -0.082 0.269 -0.039 0.262 -0.028
C 0.232 -0.073 0.226 -0.103 0.226 -0.122
Z
