M 0.042 0.215
C 0.042 0.347 0.145 0.439 0.252 0.439
C 0.284 0.439 0.325 0.43 0.36 0.405
L 0.36 0.425
C 0.36 0.537 0.429 0.585 0.491 0.585
L 0.492 0.585
C 0.545 0.584 0.588 0.556 0.588 0.512
C 0.588 0.485 0.568 0.471 0.548 0.471
C 0.525 0.471 0.508 0.489 0.508 0.512
L 0.508 0.52
C 0.501 0.522 0.494 0.523 0.487 0.523
C 0.464 0.523 0.43 0.502 0.43 0.426
L 0.43 0.297
C 0.43 0.279 0.428 0.258 0.396 0.258
L 0.393 0.258
C 0.365 0.258 0.361 0.278 0.359 0.29
C 0.349 0.342 0.306 0.377 0.257 0.377
C 0.179 0.377 0.112 0.305 0.112 0.215
C 0.112 0.116 0.188 0.053 0.256 0.053
C 0.288 0.053 0.333 0.067 0.356 0.124
L 0.317 0.124
C 0.307 0.124 0.281 0.126 0.281 0.153
C 0.281 0.161 0.285 0.18 0.316 0.18
L 0.436 0.18
C 0.463 0.18 0.474 0.167 0.474 0.153
C 0.474 0.143 0.468 0.133 0.459 0.128
C 0.45 0.123 0.44 0.124 0.43 0.124
L 0.43 0.035
C 0.43 0.026 0.431 0 0.394 0
C 0.367 0 0.362 0.017 0.36 0.025
C 0.331 0.006 0.295 -0.008 0.252 -0.008
C 0.142 -0.008 0.042 0.084 0.042 0.215
Z
