M 0.011 -0.191
C 0.011 -0.162 0.035 -0.16 0.048 -0.16
L 0.096 -0.16
L 0.096 0.549
L 0.044 0.549
C 0.016 0.55 0.011 0.569 0.011 0.58
C 0.011 0.595 0.018 0.611 0.047 0.611
L 0.131 0.611
C 0.168 0.611 0.166 0.584 0.166 0.571
L 0.166 0.387
C 0.203 0.418 0.242 0.436 0.293 0.436
C 0.397 0.436 0.488 0.342 0.488 0.216
C 0.488 0.084 0.387 -0.005 0.283 -0.005
C 0.232 -0.005 0.198 0.014 0.166 0.045
L 0.166 -0.16
L 0.214 -0.16
C 0.224 -0.16 0.251 -0.162 0.251 -0.191
C 0.251 -0.206 0.244 -0.222 0.215 -0.222
L 0.047 -0.222
C 0.038 -0.222 0.011 -0.222 0.011 -0.191
Z
M 0.166 0.185
C 0.166 0.151 0.199 0.056 0.278 0.056
C 0.349 0.056 0.418 0.12 0.418 0.216
C 0.418 0.304 0.359 0.374 0.288 0.374
C 0.216 0.374 0.166 0.312 0.166 0.267
L 0.166 0.185
Z
