M 0.037 0.172
C 0.037 0.189 0.049 0.201 0.063 0.205
C 0.07 0.207 0.078 0.207 0.085 0.207
L 0.227 0.207
L 0.227 0.327
L 0.081 0.327
C 0.042 0.327 0.037 0.352 0.037 0.362
C 0.037 0.379 0.051 0.395 0.07 0.396
C 0.077 0.397 0.083 0.397 0.09 0.397
L 0.227 0.397
L 0.227 0.543
C 0.227 0.582 0.253 0.586 0.262 0.586
C 0.28 0.586 0.295 0.572 0.296 0.553
C 0.297 0.546 0.297 0.54 0.297 0.533
L 0.297 0.397
L 0.443 0.397
C 0.482 0.397 0.486 0.372 0.486 0.362
C 0.486 0.344 0.472 0.328 0.453 0.327
L 0.297 0.327
L 0.297 0.207
L 0.44 0.207
C 0.448 0.207 0.456 0.207 0.463 0.204
C 0.475 0.2 0.486 0.189 0.486 0.171
C 0.486 0.164 0.483 0.137 0.445 0.137
L 0.077 0.137
C 0.05 0.137 0.037 0.154 0.037 0.172
Z
