M 0.057 0.216
C 0.057 0.341 0.15 0.44 0.262 0.44
C 0.374 0.44 0.467 0.341 0.467 0.216
C 0.467 0.09 0.372 -0.006 0.262 -0.006
C 0.152 -0.006 0.057 0.089 0.057 0.216
Z
M 0.126 0.223
C 0.126 0.13 0.188 0.055 0.262 0.055
C 0.336 0.055 0.398 0.13 0.398 0.223
C 0.398 0.314 0.334 0.379 0.262 0.379
C 0.191 0.379 0.126 0.314 0.126 0.223
Z
M 0.088 0.523
C 0.088 0.536 0.096 0.544 0.104 0.551
C 0.159 0.602 0.192 0.611 0.214 0.611
C 0.268 0.611 0.288 0.557 0.313 0.557
C 0.346 0.557 0.382 0.61 0.404 0.61
C 0.42 0.61 0.436 0.596 0.436 0.579
C 0.436 0.566 0.427 0.558 0.42 0.551
C 0.398 0.53 0.353 0.491 0.309 0.491
C 0.253 0.491 0.239 0.544 0.211 0.544
C 0.179 0.544 0.142 0.491 0.119 0.491
C 0.1 0.491 0.088 0.509 0.088 0.523
Z
