M 0.107 0.751
C 0.107 0.765 0.112 0.775 0.173 0.807
C 0.181 0.811 0.219 0.833 0.247 0.833
C 0.266 0.833 0.289 0.824 0.293 0.785
C 0.347 0.805 0.371 0.833 0.39 0.833
C 0.407 0.833 0.421 0.817 0.421 0.801
C 0.421 0.782 0.406 0.775 0.376 0.757
C 0.323 0.726 0.299 0.719 0.28 0.719
C 0.264 0.719 0.238 0.724 0.234 0.766
C 0.18 0.746 0.156 0.719 0.137 0.719
C 0.12 0.719 0.107 0.735 0.107 0.751
Z
M 0.026 0.03
C 0.026 0.061 0.051 0.061 0.067 0.061
L 0.097 0.061
L 0.097 0.55
L 0.067 0.55
C 0.052 0.55 0.026 0.55 0.026 0.581
C 0.026 0.611 0.052 0.611 0.067 0.611
L 0.44 0.611
C 0.474 0.611 0.48 0.601 0.48 0.57
L 0.48 0.497
C 0.48 0.477 0.48 0.456 0.445 0.456
C 0.411 0.456 0.411 0.478 0.411 0.497
L 0.411 0.55
L 0.166 0.55
L 0.166 0.347
L 0.297 0.347
C 0.297 0.388 0.297 0.404 0.332 0.404
C 0.366 0.404 0.366 0.382 0.366 0.363
L 0.366 0.27
C 0.366 0.251 0.366 0.229 0.332 0.229
C 0.297 0.229 0.297 0.245 0.297 0.286
L 0.166 0.286
L 0.166 0.061
L 0.433 0.061
L 0.433 0.13
C 0.433 0.15 0.433 0.171 0.468 0.171
C 0.502 0.171 0.502 0.149 0.502 0.13
L 0.502 0.041
C 0.502 0.009 0.495 0 0.462 0
L 0.067 0
C 0.052 0 0.026 0 0.026 0.03
Z
