M 0.099 0.697
C 0.099 0.709 0.105 0.717 0.119 0.727
C 0.249 0.824 0.251 0.824 0.261 0.824
L 0.263 0.824
C 0.274 0.824 0.275 0.821 0.407 0.726
C 0.413 0.721 0.425 0.712 0.425 0.698
C 0.425 0.682 0.407 0.659 0.389 0.659
C 0.371 0.659 0.303 0.718 0.261 0.751
C 0.157 0.668 0.149 0.659 0.135 0.659
C 0.115 0.659 0.099 0.683 0.099 0.697
Z
M 0.019 0.581
C 0.019 0.611 0.044 0.611 0.059 0.611
L 0.163 0.611
C 0.178 0.611 0.203 0.611 0.203 0.581
C 0.203 0.55 0.181 0.55 0.157 0.55
C 0.167 0.529 0.248 0.365 0.262 0.314
L 0.367 0.55
C 0.343 0.55 0.321 0.55 0.321 0.581
C 0.321 0.611 0.346 0.611 0.361 0.611
L 0.465 0.611
C 0.481 0.611 0.505 0.611 0.505 0.58
C 0.505 0.55 0.48 0.55 0.465 0.55
L 0.444 0.55
L 0.297 0.244
L 0.297 0.061
L 0.322 0.061
C 0.338 0.061 0.362 0.061 0.362 0.03
C 0.362 0 0.337 0 0.322 0
L 0.203 0
C 0.187 0 0.163 0 0.163 0.031
C 0.163 0.061 0.188 0.061 0.203 0.061
L 0.228 0.061
L 0.228 0.244
L 0.08 0.55
L 0.059 0.55
C 0.043 0.55 0.019 0.55 0.019 0.581
Z
