M 0.168 -0.107
C 0.168 -0.078 0.194 -0.057 0.218 -0.057
C 0.244 -0.057 0.268 -0.078 0.268 -0.107
C 0.268 -0.136 0.244 -0.157 0.22 -0.157
C 0.19 -0.157 0.168 -0.134 0.168 -0.107
Z
M 0.023 0.03
C 0.023 0.061 0.048 0.061 0.064 0.061
L 0.091 0.061
L 0.091 0.55
L 0.064 0.55
C 0.048 0.55 0.023 0.55 0.023 0.581
C 0.023 0.611 0.049 0.611 0.063 0.611
L 0.289 0.611
C 0.4 0.611 0.461 0.529 0.461 0.456
C 0.461 0.394 0.417 0.342 0.353 0.32
C 0.434 0.301 0.482 0.236 0.482 0.167
C 0.482 0.089 0.422 0 0.309 0
L 0.063 0
C 0.049 0 0.023 0 0.023 0.03
Z
M 0.16 0.061
L 0.287 0.061
C 0.374 0.061 0.413 0.12 0.413 0.169
C 0.413 0.214 0.383 0.287 0.298 0.287
L 0.16 0.287
L 0.16 0.061
Z
M 0.16 0.348
L 0.263 0.348
C 0.36 0.348 0.392 0.414 0.392 0.455
C 0.392 0.488 0.37 0.55 0.285 0.55
L 0.16 0.55
L 0.16 0.348
Z
