M 0.314 0.56
C 0.314 0.59 0.339 0.61 0.364 0.61
C 0.394 0.61 0.414 0.585 0.414 0.56
C 0.414 0.535 0.393 0.51 0.364 0.51
C 0.334 0.51 0.314 0.535 0.314 0.56
Z
M 0.109 0.56
C 0.109 0.59 0.134 0.61 0.159 0.61
C 0.189 0.61 0.209 0.585 0.209 0.56
C 0.209 0.535 0.188 0.51 0.159 0.51
C 0.129 0.51 0.109 0.535 0.109 0.56
Z
M 0.057 0.216
C 0.057 0.341 0.15 0.44 0.262 0.44
C 0.374 0.44 0.467 0.341 0.467 0.216
C 0.467 0.09 0.372 -0.006 0.262 -0.006
C 0.152 -0.006 0.057 0.089 0.057 0.216
Z
M 0.126 0.223
C 0.126 0.13 0.188 0.055 0.262 0.055
C 0.336 0.055 0.398 0.13 0.398 0.223
C 0.398 0.314 0.334 0.379 0.262 0.379
C 0.191 0.379 0.126 0.314 0.126 0.223
Z
