M 0.072 0.031
L 0.072 0.14
C 0.072 0.166 0.09 0.172 0.109 0.172
C 0.159 0.172 0.129 0.112 0.196 0.073
C 0.217 0.061 0.242 0.056 0.271 0.056
C 0.312 0.056 0.397 0.059 0.397 0.125
C 0.397 0.139 0.391 0.169 0.325 0.187
C 0.251 0.208 0.072 0.202 0.072 0.321
C 0.072 0.368 0.097 0.439 0.261 0.439
C 0.326 0.439 0.355 0.425 0.369 0.418
C 0.377 0.433 0.389 0.439 0.399 0.439
C 0.407 0.439 0.43 0.435 0.43 0.404
L 0.43 0.329
C 0.43 0.304 0.42 0.288 0.397 0.288
C 0.392 0.288 0.388 0.289 0.382 0.29
C 0.335 0.301 0.397 0.377 0.262 0.377
L 0.26 0.377
C 0.222 0.377 0.134 0.375 0.134 0.321
C 0.134 0.259 0.288 0.27 0.367 0.238
C 0.401 0.225 0.459 0.193 0.459 0.125
C 0.459 0.073 0.432 -0.005 0.27 -0.005
C 0.209 -0.005 0.172 0.008 0.139 0.032
C 0.13 0.012 0.125 -0.005 0.102 -0.005
C 0.091 -0.005 0.072 -0.001 0.072 0.031
Z
M 0.17 0.546
C 0.17 0.567 0.188 0.573 0.199 0.578
C 0.33 0.635 0.337 0.639 0.348 0.639
C 0.365 0.639 0.382 0.625 0.382 0.604
C 0.382 0.582 0.364 0.573 0.352 0.568
C 0.208 0.505 0.213 0.506 0.203 0.506
C 0.181 0.506 0.17 0.532 0.17 0.546
Z
