M 0.141 0.776
C 0.141 0.791 0.155 0.804 0.17 0.804
C 0.185 0.804 0.194 0.793 0.262 0.732
L 0.285 0.711
L 0.286 0.711
C 0.294 0.719 0.302 0.726 0.368 0.785
C 0.38 0.795 0.388 0.804 0.401 0.804
C 0.416 0.804 0.43 0.791 0.43 0.775
C 0.43 0.762 0.42 0.753 0.415 0.748
C 0.297 0.635 0.3 0.636 0.285 0.636
C 0.27 0.636 0.273 0.635 0.155 0.748
C 0.148 0.755 0.141 0.763 0.141 0.776
Z
M 0.04 0.306
C 0.04 0.488 0.152 0.622 0.281 0.622
C 0.332 0.622 0.378 0.602 0.411 0.574
C 0.424 0.599 0.424 0.601 0.426 0.605
C 0.431 0.612 0.436 0.622 0.454 0.622
C 0.484 0.622 0.484 0.597 0.484 0.581
L 0.484 0.442
C 0.484 0.422 0.484 0.401 0.449 0.401
C 0.419 0.401 0.417 0.417 0.414 0.434
C 0.4 0.515 0.345 0.561 0.285 0.561
C 0.196 0.561 0.109 0.455 0.109 0.306
C 0.109 0.156 0.195 0.05 0.286 0.05
C 0.327 0.05 0.408 0.074 0.415 0.172
C 0.417 0.201 0.44 0.201 0.449 0.201
C 0.46 0.201 0.484 0.201 0.484 0.168
C 0.484 0.078 0.398 -0.011 0.282 -0.011
C 0.152 -0.011 0.04 0.123 0.04 0.306
Z
