M 0.314 0.769
C 0.314 0.798 0.337 0.819 0.363 0.819
C 0.389 0.819 0.413 0.798 0.413 0.769
C 0.413 0.74 0.39 0.719 0.364 0.719
C 0.334 0.719 0.314 0.743 0.314 0.769
Z
M 0.109 0.769
C 0.109 0.798 0.133 0.819 0.159 0.819
C 0.185 0.819 0.209 0.798 0.209 0.769
C 0.209 0.74 0.184 0.719 0.16 0.719
C 0.13 0.719 0.109 0.742 0.109 0.769
Z
M 0.004 0.581
C 0.004 0.611 0.03 0.611 0.045 0.611
L 0.174 0.611
C 0.189 0.611 0.215 0.611 0.215 0.581
C 0.215 0.55 0.189 0.55 0.174 0.55
L 0.144 0.55
L 0.144 0.209
C 0.144 0.102 0.209 0.05 0.262 0.05
C 0.314 0.05 0.38 0.102 0.38 0.209
L 0.38 0.55
L 0.35 0.55
C 0.335 0.55 0.309 0.55 0.309 0.581
C 0.309 0.611 0.335 0.611 0.35 0.611
L 0.479 0.611
C 0.494 0.611 0.52 0.611 0.52 0.581
C 0.52 0.55 0.495 0.55 0.479 0.55
L 0.449 0.55
L 0.449 0.204
C 0.449 0.081 0.362 -0.011 0.262 -0.011
C 0.162 -0.011 0.075 0.081 0.075 0.204
L 0.075 0.55
L 0.045 0.55
C 0.03 0.55 0.004 0.55 0.004 0.581
Z
