M 0.314 0.769
C 0.314 0.798 0.337 0.819 0.363 0.819
C 0.389 0.819 0.413 0.798 0.413 0.769
C 0.413 0.74 0.39 0.719 0.364 0.719
C 0.334 0.719 0.314 0.744 0.314 0.769
Z
M 0.109 0.769
C 0.109 0.798 0.133 0.819 0.159 0.819
C 0.185 0.819 0.209 0.798 0.209 0.769
C 0.209 0.74 0.184 0.719 0.16 0.719
C 0.13 0.719 0.109 0.742 0.109 0.769
Z
M 0.079 0.031
C 0.079 0.061 0.105 0.061 0.12 0.061
L 0.228 0.061
L 0.228 0.55
L 0.12 0.55
C 0.105 0.55 0.079 0.55 0.079 0.581
C 0.079 0.611 0.105 0.611 0.12 0.611
L 0.405 0.611
C 0.42 0.611 0.446 0.611 0.446 0.58
C 0.446 0.55 0.42 0.55 0.405 0.55
L 0.297 0.55
L 0.297 0.061
L 0.405 0.061
C 0.42 0.061 0.446 0.061 0.446 0.03
C 0.446 0 0.42 0 0.405 0
L 0.12 0
C 0.105 0 0.079 0 0.079 0.031
Z
