M 0.022 0.509
C 0.022 0.571 0.059 0.611 0.104 0.611
C 0.145 0.611 0.168 0.579 0.168 0.549
C 0.168 0.527 0.155 0.486 0.104 0.486
C 0.098 0.486 0.092 0.487 0.086 0.488
C 0.099 0.434 0.14 0.413 0.149 0.409
C 0.153 0.407 0.177 0.403 0.177 0.378
C 0.177 0.363 0.163 0.347 0.147 0.347
C 0.115 0.347 0.022 0.407 0.022 0.509
Z
M 0.358 0.513
C 0.358 0.579 0.408 0.611 0.441 0.611
C 0.475 0.611 0.505 0.586 0.505 0.549
C 0.505 0.527 0.492 0.486 0.441 0.486
C 0.435 0.486 0.428 0.487 0.422 0.488
C 0.431 0.451 0.461 0.42 0.486 0.409
C 0.49 0.407 0.514 0.403 0.514 0.378
C 0.514 0.36 0.496 0.347 0.483 0.347
C 0.454 0.347 0.358 0.404 0.358 0.513
Z
