M 0.008 0.03
C 0.008 0.045 0.016 0.062 0.042 0.062
L 0.045 0.062
C 0.11 0.266 0.106 0.256 0.11 0.266
C 0.129 0.309 0.172 0.336 0.221 0.345
C 0.116 0.583 0.116 0.579 0.116 0.592
C 0.116 0.605 0.126 0.611 0.141 0.611
L 0.382 0.611
C 0.401 0.611 0.407 0.603 0.407 0.592
C 0.407 0.581 0.408 0.586 0.302 0.345
C 0.351 0.336 0.394 0.308 0.413 0.265
C 0.417 0.255 0.413 0.266 0.478 0.062
C 0.49 0.062 0.515 0.06 0.515 0.03
C 0.515 0.003 0.493 0 0.477 0
L 0.419 0
C 0.392 0 0.383 0.015 0.383 0.03
C 0.383 0.043 0.39 0.062 0.416 0.062
C 0.343 0.265 0.348 0.257 0.339 0.267
C 0.329 0.279 0.313 0.284 0.29 0.286
L 0.29 0.062
L 0.291 0.062
C 0.315 0.062 0.326 0.046 0.326 0.031
C 0.326 0.016 0.318 0 0.289 0
L 0.232 0
C 0.209 0 0.198 0.015 0.198 0.03
C 0.198 0.044 0.204 0.061 0.233 0.062
L 0.233 0.286
C 0.188 0.282 0.181 0.268 0.171 0.24
L 0.107 0.062
C 0.13 0.062 0.14 0.046 0.14 0.031
C 0.14 0.018 0.134 0 0.104 0
L 0.046 0
C 0.015 0 0.008 0.016 0.008 0.03
Z
M 0.188 0.549
L 0.261 0.382
L 0.262 0.382
L 0.335 0.549
L 0.188 0.549
Z
