M 0.043 0.259
C 0.043 0.331 0.066 0.41 0.078 0.427
C 0.085 0.437 0.095 0.441 0.105 0.441
C 0.122 0.441 0.139 0.428 0.139 0.409
C 0.139 0.392 0.11 0.342 0.11 0.26
C 0.11 0.157 0.164 0.085 0.228 0.066
L 0.228 0.607
C 0.227 0.643 0.249 0.65 0.262 0.65
C 0.277 0.65 0.291 0.638 0.294 0.623
C 0.295 0.618 0.295 0.613 0.295 0.607
L 0.295 0.066
C 0.371 0.088 0.413 0.173 0.413 0.258
C 0.413 0.353 0.37 0.38 0.37 0.409
C 0.37 0.43 0.389 0.441 0.403 0.441
C 0.447 0.441 0.48 0.325 0.48 0.258
C 0.48 0.14 0.414 0.018 0.295 -0.003
L 0.295 -0.193
C 0.295 -0.229 0.27 -0.233 0.262 -0.233
C 0.245 -0.233 0.234 -0.222 0.23 -0.21
C 0.227 -0.201 0.228 -0.191 0.228 -0.182
L 0.228 -0.003
C 0.109 0.018 0.043 0.14 0.043 0.259
Z
