M 0.056 0.22
C 0.056 0.407 0.076 0.571 0.237 0.598
C 0.256 0.601 0.398 0.611 0.401 0.611
C 0.426 0.611 0.432 0.592 0.432 0.58
C 0.432 0.55 0.401 0.547 0.387 0.546
C 0.262 0.533 0.221 0.54 0.182 0.5
C 0.154 0.471 0.143 0.43 0.136 0.392
C 0.169 0.418 0.208 0.439 0.262 0.439
C 0.371 0.439 0.467 0.344 0.467 0.215
C 0.467 0.086 0.369 -0.005 0.261 -0.005
C 0.166 -0.005 0.056 0.074 0.056 0.22
Z
M 0.126 0.223
C 0.126 0.129 0.189 0.056 0.262 0.056
C 0.334 0.056 0.397 0.128 0.397 0.223
C 0.397 0.313 0.333 0.377 0.262 0.377
C 0.186 0.377 0.126 0.308 0.126 0.223
Z
