M 0.021 0.399
C 0.021 0.414 0.029 0.43 0.058 0.43
L 0.189 0.43
C 0.205 0.43 0.226 0.427 0.226 0.4
C 0.226 0.37 0.201 0.369 0.191 0.369
L 0.161 0.369
L 0.238 0.11
L 0.249 0.07
L 0.25 0.07
C 0.256 0.099 0.329 0.342 0.335 0.356
C 0.349 0.39 0.383 0.436 0.437 0.436
C 0.473 0.436 0.507 0.412 0.507 0.377
C 0.507 0.35 0.487 0.333 0.463 0.333
C 0.445 0.333 0.425 0.342 0.419 0.368
C 0.406 0.354 0.406 0.35 0.397 0.321
L 0.311 0.037
C 0.304 0.015 0.299 -0.008 0.261 -0.008
L 0.238 -0.008
C 0.204 -0.008 0.197 0.007 0.189 0.032
L 0.088 0.369
L 0.059 0.369
C 0.041 0.369 0.021 0.373 0.021 0.399
Z
