M 0.035 0.198
C 0.035 0.226 0.061 0.229 0.075 0.229
L 0.132 0.229
L 0.152 0.382
L 0.072 0.382
C 0.038 0.382 0.035 0.405 0.035 0.414
C 0.035 0.429 0.047 0.444 0.073 0.444
L 0.16 0.444
L 0.161 0.445
C 0.161 0.446 0.179 0.581 0.181 0.588
C 0.184 0.597 0.192 0.61 0.21 0.61
C 0.228 0.61 0.24 0.596 0.24 0.581
C 0.24 0.564 0.232 0.521 0.223 0.444
L 0.339 0.444
L 0.34 0.445
C 0.34 0.446 0.357 0.581 0.359 0.588
C 0.362 0.597 0.371 0.61 0.389 0.61
C 0.404 0.61 0.419 0.598 0.419 0.581
C 0.419 0.564 0.411 0.521 0.402 0.444
L 0.451 0.444
C 0.485 0.444 0.489 0.423 0.489 0.413
C 0.489 0.408 0.487 0.394 0.472 0.386
C 0.463 0.381 0.453 0.382 0.443 0.382
L 0.393 0.382
L 0.372 0.229
L 0.452 0.229
C 0.486 0.229 0.489 0.206 0.489 0.198
C 0.489 0.189 0.486 0.167 0.452 0.167
L 0.364 0.167
C 0.351 0.078 0.348 0.032 0.343 0.019
C 0.341 0.014 0.332 0 0.315 0
C 0.299 0 0.284 0.013 0.284 0.032
C 0.284 0.047 0.293 0.087 0.302 0.167
L 0.185 0.167
C 0.172 0.078 0.169 0.032 0.164 0.019
C 0.162 0.014 0.153 0 0.136 0
C 0.12 0 0.105 0.013 0.105 0.032
C 0.105 0.047 0.114 0.087 0.123 0.167
L 0.074 0.167
C 0.065 0.167 0.035 0.167 0.035 0.198
Z
M 0.194 0.229
L 0.31 0.229
L 0.331 0.382
L 0.214 0.382
Z
