M 0.102 -0.174
C 0.102 -0.162 0.108 -0.154 0.122 -0.144
C 0.252 -0.047 0.254 -0.047 0.264 -0.047
L 0.266 -0.047
C 0.277 -0.047 0.278 -0.05 0.41 -0.145
C 0.416 -0.15 0.428 -0.159 0.428 -0.173
C 0.428 -0.189 0.41 -0.212 0.392 -0.212
C 0.374 -0.212 0.306 -0.153 0.264 -0.12
C 0.16 -0.203 0.152 -0.212 0.138 -0.212
C 0.118 -0.212 0.102 -0.188 0.102 -0.174
Z
M 0.026 0.03
C 0.026 0.061 0.051 0.061 0.067 0.061
L 0.097 0.061
L 0.097 0.55
L 0.067 0.55
C 0.052 0.55 0.026 0.55 0.026 0.581
C 0.026 0.611 0.052 0.611 0.067 0.611
L 0.44 0.611
C 0.474 0.611 0.48 0.601 0.48 0.57
L 0.48 0.497
C 0.48 0.477 0.48 0.456 0.445 0.456
C 0.411 0.456 0.411 0.478 0.411 0.497
L 0.411 0.55
L 0.166 0.55
L 0.166 0.347
L 0.297 0.347
C 0.297 0.388 0.297 0.404 0.332 0.404
C 0.366 0.404 0.366 0.382 0.366 0.363
L 0.366 0.27
C 0.366 0.251 0.366 0.229 0.332 0.229
C 0.297 0.229 0.297 0.245 0.297 0.286
L 0.166 0.286
L 0.166 0.061
L 0.433 0.061
L 0.433 0.13
C 0.433 0.15 0.433 0.171 0.468 0.171
C 0.502 0.171 0.502 0.149 0.502 0.13
L 0.502 0.041
C 0.502 0.009 0.495 0 0.462 0
L 0.067 0
C 0.052 0 0.026 0 0.026 0.03
Z
