M 0.018 0.579
C 0.018 0.594 0.025 0.611 0.053 0.611
L 0.169 0.611
C 0.178 0.611 0.204 0.61 0.204 0.58
C 0.204 0.57 0.199 0.55 0.169 0.549
L 0.158 0.549
L 0.246 0.358
L 0.259 0.325
L 0.262 0.314
C 0.267 0.338 0.288 0.388 0.365 0.549
L 0.354 0.549
C 0.329 0.549 0.319 0.564 0.319 0.579
C 0.319 0.588 0.323 0.611 0.354 0.611
L 0.469 0.611
C 0.497 0.611 0.505 0.596 0.505 0.58
C 0.505 0.552 0.484 0.549 0.468 0.549
L 0.443 0.549
L 0.297 0.244
L 0.385 0.244
C 0.413 0.244 0.421 0.228 0.421 0.213
C 0.421 0.198 0.414 0.183 0.385 0.183
L 0.297 0.183
L 0.297 0.062
L 0.324 0.062
C 0.344 0.062 0.362 0.056 0.362 0.031
C 0.362 0.02 0.357 0 0.325 0
L 0.198 0
C 0.169 0 0.162 0.016 0.162 0.031
C 0.162 0.056 0.178 0.062 0.199 0.062
L 0.227 0.062
L 0.227 0.183
L 0.138 0.183
L 0.137 0.182
C 0.113 0.182 0.102 0.197 0.102 0.212
C 0.102 0.223 0.106 0.244 0.138 0.244
L 0.227 0.244
L 0.08 0.549
L 0.055 0.549
C 0.039 0.549 0.018 0.553 0.018 0.579
Z
