M 0.072 0.703
C 0.072 0.719 0.079 0.735 0.107 0.735
L 0.417 0.735
C 0.444 0.735 0.451 0.717 0.451 0.703
C 0.451 0.688 0.443 0.672 0.415 0.672
L 0.106 0.672
C 0.078 0.673 0.072 0.691 0.072 0.703
Z
M 0.079 0.031
C 0.079 0.061 0.105 0.061 0.12 0.061
L 0.228 0.061
L 0.228 0.55
L 0.12 0.55
C 0.105 0.55 0.079 0.55 0.079 0.581
C 0.079 0.611 0.105 0.611 0.12 0.611
L 0.405 0.611
C 0.42 0.611 0.446 0.611 0.446 0.58
C 0.446 0.55 0.42 0.55 0.405 0.55
L 0.297 0.55
L 0.297 0.061
L 0.405 0.061
C 0.42 0.061 0.446 0.061 0.446 0.03
C 0.446 0 0.42 0 0.405 0
L 0.12 0
C 0.105 0 0.079 0 0.079 0.031
Z
