M 0.105 0.699
C 0.105 0.721 0.167 0.781 0.216 0.781
C 0.267 0.781 0.285 0.733 0.31 0.733
C 0.337 0.733 0.363 0.78 0.389 0.78
C 0.407 0.78 0.419 0.762 0.419 0.749
C 0.419 0.727 0.357 0.667 0.308 0.667
C 0.257 0.667 0.238 0.715 0.213 0.715
C 0.184 0.715 0.161 0.668 0.136 0.668
C 0.119 0.668 0.105 0.684 0.105 0.699
Z
M 0.085 0.521
C 0.085 0.543 0.11 0.552 0.135 0.564
C 0.242 0.617 0.251 0.623 0.262 0.623
C 0.273 0.623 0.295 0.61 0.411 0.553
C 0.421 0.548 0.438 0.54 0.438 0.521
C 0.438 0.507 0.426 0.493 0.411 0.493
C 0.391 0.493 0.277 0.561 0.262 0.561
C 0.256 0.561 0.251 0.557 0.133 0.499
C 0.127 0.496 0.12 0.493 0.113 0.493
C 0.099 0.493 0.085 0.504 0.085 0.521
Z
M 0.057 0.216
C 0.057 0.341 0.15 0.44 0.262 0.44
C 0.374 0.44 0.467 0.341 0.467 0.216
C 0.467 0.09 0.372 -0.006 0.262 -0.006
C 0.152 -0.006 0.057 0.089 0.057 0.216
Z
M 0.126 0.223
C 0.126 0.13 0.188 0.055 0.262 0.055
C 0.336 0.055 0.398 0.13 0.398 0.223
C 0.398 0.314 0.334 0.379 0.262 0.379
C 0.191 0.379 0.126 0.314 0.126 0.223
Z
