M 0.065 -0.058
C 0.065 -0.028 0.076 0.04 0.151 0.084
C 0.118 0.117 0.104 0.127 0.104 0.143
C 0.104 0.159 0.119 0.175 0.135 0.175
C 0.145 0.175 0.151 0.174 0.211 0.111
L 0.253 0.122
L 0.3 0.131
C 0.285 0.146 0.268 0.158 0.268 0.174
C 0.268 0.187 0.28 0.206 0.299 0.206
C 0.312 0.206 0.315 0.203 0.361 0.157
C 0.376 0.142 0.378 0.139 0.392 0.139
C 0.404 0.139 0.415 0.14 0.45 0.14
C 0.483 0.14 0.487 0.121 0.487 0.11
C 0.487 0.098 0.482 0.079 0.452 0.079
L 0.439 0.079
C 0.451 0.067 0.466 0.055 0.466 0.039
C 0.466 0.023 0.451 0.008 0.435 0.008
C 0.411 0.008 0.374 0.063 0.356 0.072
C 0.354 0.073 0.351 0.074 0.346 0.074
C 0.321 0.074 0.264 0.062 0.261 0.061
C 0.289 0.033 0.302 0.023 0.302 0.008
C 0.302 -0.008 0.287 -0.024 0.271 -0.024
C 0.256 -0.024 0.25 -0.016 0.196 0.039
C 0.148 0.016 0.137 -0.015 0.131 -0.031
C 0.133 -0.033 0.146 -0.044 0.146 -0.063
C 0.146 -0.087 0.127 -0.103 0.105 -0.103
C 0.091 -0.103 0.065 -0.093 0.065 -0.058
Z
