M 0.086 0.512
C 0.086 0.555 0.15 0.524 0.145 0.57
C 0.137 0.566 0.129 0.564 0.122 0.564
C 0.099 0.564 0.086 0.584 0.086 0.601
C 0.086 0.617 0.097 0.639 0.125 0.639
C 0.16 0.639 0.2 0.609 0.2 0.562
C 0.2 0.512 0.153 0.485 0.117 0.485
C 0.093 0.485 0.086 0.504 0.086 0.512
Z
M 0.207 0.499
C 0.207 0.512 0.217 0.522 0.267 0.591
C 0.277 0.605 0.286 0.612 0.299 0.612
C 0.316 0.612 0.332 0.598 0.332 0.578
C 0.332 0.561 0.323 0.556 0.264 0.492
C 0.256 0.483 0.247 0.473 0.234 0.473
C 0.22 0.473 0.207 0.484 0.207 0.499
Z
M 0.043 0.409
C 0.043 0.428 0.062 0.441 0.077 0.441
C 0.093 0.441 0.103 0.431 0.11 0.416
C 0.161 0.304 0.15 0.225 0.155 0.191
C 0.163 0.132 0.206 0.062 0.283 0.062
C 0.348 0.062 0.413 0.121 0.413 0.218
C 0.413 0.33 0.355 0.383 0.355 0.408
C 0.355 0.427 0.372 0.441 0.389 0.441
C 0.411 0.441 0.421 0.42 0.428 0.408
C 0.468 0.34 0.48 0.272 0.48 0.217
C 0.48 0.098 0.397 -0.005 0.284 -0.005
C 0.18 -0.005 0.095 0.083 0.087 0.2
C 0.084 0.242 0.09 0.296 0.051 0.384
C 0.047 0.392 0.043 0.4 0.043 0.409
Z
