M 0.058 0.722
C 0.058 0.742 0.123 0.82 0.189 0.82
C 0.257 0.82 0.291 0.758 0.336 0.758
C 0.381 0.758 0.407 0.82 0.434 0.82
C 0.444 0.82 0.465 0.808 0.465 0.788
C 0.465 0.768 0.401 0.691 0.335 0.691
C 0.27 0.691 0.229 0.753 0.188 0.753
C 0.143 0.753 0.117 0.691 0.09 0.691
C 0.073 0.691 0.058 0.707 0.058 0.722
Z
M 0.056 0.305
C 0.056 0.595 0.077 0.622 0.262 0.622
C 0.447 0.622 0.468 0.594 0.468 0.305
C 0.468 0.016 0.446 -0.011 0.262 -0.011
C 0.077 -0.011 0.056 0.016 0.056 0.305
Z
M 0.125 0.314
C 0.125 0.259 0.125 0.172 0.137 0.121
C 0.149 0.071 0.174 0.05 0.262 0.05
C 0.351 0.05 0.377 0.071 0.388 0.127
C 0.399 0.181 0.399 0.252 0.399 0.314
C 0.399 0.375 0.399 0.45 0.387 0.497
C 0.372 0.552 0.337 0.561 0.262 0.561
C 0.18 0.561 0.149 0.549 0.136 0.49
C 0.125 0.444 0.125 0.376 0.125 0.314
Z
