M 0.058 0.035
C 0.058 0.045 0.063 0.053 0.067 0.06
L 0.391 0.659
C 0.398 0.671 0.407 0.694 0.431 0.694
C 0.452 0.694 0.466 0.676 0.466 0.659
C 0.466 0.65 0.461 0.642 0.458 0.636
L 0.131 0.033
C 0.123 0.018 0.116 0.001 0.093 0
C 0.072 0 0.058 0.017 0.058 0.035
Z
M 0.121 0.609
C 0.121 0.641 0.148 0.666 0.178 0.666
C 0.212 0.666 0.234 0.638 0.234 0.61
C 0.234 0.579 0.212 0.554 0.18 0.553
L 0.179 0.553
C 0.143 0.553 0.121 0.581 0.121 0.609
Z
M 0.29 0.085
C 0.29 0.119 0.318 0.141 0.346 0.141
C 0.376 0.141 0.403 0.118 0.403 0.085
C 0.403 0.051 0.374 0.029 0.346 0.029
C 0.316 0.029 0.29 0.052 0.29 0.085
Z
