M -0.001 0.236
C -0.001 0.25 0.006 0.271 0.044 0.271
L 0.483 0.271
C 0.495 0.271 0.527 0.269 0.527 0.236
C 0.527 0.226 0.522 0.203 0.487 0.202
L 0.04 0.202
C 0.003 0.202 -0.001 0.227 -0.001 0.236
Z
M 0.033 -0.077
C 0.033 -0.06 0.042 -0.055 0.217 0.12
C 0.234 0.137 0.24 0.145 0.272 0.145
L 0.321 0.145
C 0.358 0.145 0.357 0.119 0.357 0.106
L 0.357 -0.064
L 0.459 -0.064
C 0.481 -0.064 0.492 -0.079 0.492 -0.094
C 0.492 -0.119 0.475 -0.125 0.455 -0.125
L 0.357 -0.125
L 0.357 -0.16
L 0.437 -0.16
C 0.466 -0.16 0.471 -0.179 0.471 -0.191
C 0.471 -0.204 0.465 -0.221 0.438 -0.222
L 0.216 -0.222
C 0.195 -0.221 0.185 -0.207 0.185 -0.192
C 0.185 -0.182 0.19 -0.16 0.221 -0.16
L 0.3 -0.16
L 0.3 -0.125
L 0.075 -0.125
C 0.043 -0.125 0.034 -0.12 0.034 -0.083
C 0.034 -0.081 0.033 -0.079 0.033 -0.077
Z
M 0.05 0.409
C 0.05 0.436 0.07 0.455 0.094 0.455
C 0.116 0.455 0.139 0.438 0.139 0.409
C 0.139 0.406 0.138 0.403 0.138 0.4
C 0.177 0.391 0.206 0.391 0.239 0.391
L 0.269 0.391
C 0.36 0.391 0.405 0.424 0.405 0.443
C 0.405 0.464 0.355 0.495 0.264 0.495
L 0.232 0.495
C 0.224 0.495 0.197 0.497 0.197 0.526
C 0.197 0.575 0.263 0.549 0.329 0.57
C 0.365 0.582 0.372 0.599 0.372 0.607
C 0.369 0.627 0.326 0.644 0.263 0.644
C 0.206 0.644 0.185 0.639 0.167 0.633
C 0.17 0.625 0.172 0.617 0.172 0.611
C 0.172 0.586 0.151 0.569 0.127 0.569
C 0.103 0.569 0.083 0.588 0.083 0.616
C 0.083 0.648 0.104 0.682 0.153 0.696
C 0.187 0.706 0.23 0.705 0.259 0.705
L 0.265 0.705
C 0.362 0.705 0.443 0.672 0.443 0.609
C 0.443 0.571 0.419 0.545 0.397 0.53
C 0.453 0.507 0.476 0.478 0.476 0.443
C 0.476 0.375 0.385 0.329 0.269 0.329
L 0.268 0.329
L 0.251 0.33
L 0.222 0.33
C 0.132 0.332 0.05 0.345 0.05 0.409
Z
M 0.118 -0.064
L 0.3 -0.064
L 0.3 0.119
Z
