M -0.039 -0.152
C -0.039 -0.121 -0.014 -0.107 0.006 -0.107
C 0.031 -0.107 0.05 -0.125 0.05 -0.151
C 0.05 -0.155 0.049 -0.16 0.048 -0.165
C 0.051 -0.166 0.055 -0.165 0.058 -0.165
C 0.085 -0.165 0.096 -0.141 0.096 -0.046
L 0.096 0.369
L 0.049 0.369
C 0.035 0.369 0.012 0.371 0.012 0.399
C 0.012 0.427 0.033 0.43 0.05 0.43
L 0.127 0.43
C 0.143 0.43 0.166 0.429 0.166 0.396
L 0.166 0.383
C 0.196 0.41 0.238 0.436 0.298 0.436
C 0.402 0.436 0.428 0.367 0.428 0.282
L 0.428 0.062
L 0.476 0.062
C 0.487 0.062 0.513 0.061 0.513 0.031
C 0.513 0.002 0.489 0 0.479 0
L 0.317 0
C 0.304 0 0.278 0 0.278 0.031
C 0.278 0.059 0.303 0.062 0.314 0.062
L 0.358 0.062
L 0.358 0.279
C 0.358 0.323 0.36 0.374 0.294 0.374
C 0.22 0.374 0.172 0.316 0.167 0.255
C 0.166 0.246 0.166 0.236 0.166 0.227
L 0.166 -0.058
C 0.161 -0.203 0.101 -0.227 0.057 -0.227
C 0.007 -0.227 -0.039 -0.197 -0.039 -0.152
Z
