M 0.055 0.129
C 0.055 0.248 0.239 0.277 0.355 0.277
L 0.355 0.282
C 0.355 0.33 0.32 0.377 0.231 0.377
L 0.229 0.377
C 0.208 0.377 0.189 0.376 0.17 0.373
L 0.17 0.367
C 0.17 0.334 0.146 0.32 0.126 0.32
C 0.102 0.32 0.081 0.339 0.081 0.366
C 0.081 0.437 0.174 0.439 0.222 0.439
L 0.227 0.439
C 0.278 0.439 0.324 0.431 0.367 0.398
C 0.423 0.355 0.425 0.304 0.425 0.28
L 0.425 0.07
C 0.467 0.053 0.524 0.077 0.524 0.031
C 0.524 0.006 0.508 0 0.488 0
L 0.467 0
C 0.415 0.001 0.384 0.007 0.365 0.033
C 0.353 0.025 0.307 -0.005 0.22 -0.005
C 0.113 -0.005 0.055 0.064 0.055 0.129
Z
M 0.125 0.129
C 0.125 0.089 0.169 0.056 0.227 0.056
C 0.269 0.056 0.344 0.068 0.353 0.114
C 0.354 0.119 0.355 0.124 0.355 0.129
L 0.355 0.217
C 0.243 0.216 0.125 0.189 0.125 0.129
Z
M 0.211 -0.109
C 0.211 -0.083 0.232 -0.065 0.255 -0.065
C 0.282 -0.065 0.299 -0.087 0.299 -0.109
C 0.299 -0.135 0.278 -0.153 0.255 -0.153
C 0.229 -0.153 0.211 -0.131 0.211 -0.109
Z
