M 0.184 0.772
C 0.184 0.788 0.196 0.807 0.218 0.807
C 0.225 0.807 0.226 0.806 0.371 0.757
C 0.385 0.752 0.4 0.745 0.4 0.727
C 0.4 0.717 0.394 0.686 0.368 0.686
L 0.367 0.686
C 0.362 0.686 0.358 0.687 0.217 0.735
C 0.199 0.741 0.184 0.75 0.184 0.772
Z
M 0.079 0.031
C 0.079 0.061 0.105 0.061 0.12 0.061
L 0.228 0.061
L 0.228 0.55
L 0.12 0.55
C 0.105 0.55 0.079 0.55 0.079 0.581
C 0.079 0.611 0.105 0.611 0.12 0.611
L 0.405 0.611
C 0.42 0.611 0.446 0.611 0.446 0.58
C 0.446 0.55 0.42 0.55 0.405 0.55
L 0.297 0.55
L 0.297 0.061
L 0.405 0.061
C 0.42 0.061 0.446 0.061 0.446 0.03
C 0.446 0 0.42 0 0.405 0
L 0.12 0
C 0.105 0 0.079 0 0.079 0.031
Z
