M 0.026 0.487
L 0.026 0.574
C 0.026 0.604 0.041 0.611 0.063 0.611
L 0.463 0.611
C 0.5 0.611 0.498 0.583 0.498 0.573
L 0.498 0.491
C 0.498 0.474 0.493 0.455 0.465 0.455
L 0.464 0.455
C 0.451 0.455 0.429 0.455 0.428 0.488
L 0.428 0.549
L 0.297 0.549
L 0.297 0.062
L 0.349 0.062
C 0.389 0.062 0.39 0.041 0.39 0.023
L 0.39 -0.13
C 0.39 -0.162 0.37 -0.166 0.361 -0.166
C 0.356 -0.166 0.334 -0.164 0.333 -0.133
L 0.333 0
L 0.175 0
C 0.162 0 0.135 0.001 0.135 0.031
C 0.135 0.06 0.158 0.062 0.172 0.062
L 0.227 0.062
L 0.227 0.549
L 0.096 0.549
L 0.096 0.495
C 0.096 0.48 0.097 0.455 0.062 0.455
L 0.058 0.455
C 0.044 0.455 0.027 0.46 0.026 0.487
Z
