M 0.018 0.068
C 0.018 0.095 0.037 0.113 0.061 0.113
C 0.086 0.113 0.104 0.093 0.104 0.07
C 0.104 0.063 0.103 0.056 0.101 0.051
C 0.147 0.052 0.167 0.085 0.171 0.369
L 0.121 0.369
C 0.102 0.369 0.082 0.374 0.082 0.4
C 0.082 0.411 0.087 0.43 0.119 0.43
L 0.472 0.43
C 0.502 0.43 0.506 0.41 0.506 0.4
C 0.506 0.371 0.482 0.369 0.469 0.369
L 0.421 0.369
L 0.421 -0.037
C 0.421 -0.153 0.379 -0.227 0.316 -0.227
C 0.263 -0.227 0.22 -0.191 0.22 -0.147
C 0.22 -0.118 0.242 -0.102 0.263 -0.102
C 0.287 -0.102 0.306 -0.12 0.306 -0.145
C 0.306 -0.152 0.304 -0.159 0.303 -0.162
C 0.309 -0.164 0.314 -0.165 0.318 -0.165
C 0.34 -0.165 0.365 -0.113 0.365 -0.052
L 0.365 0.369
L 0.23 0.369
C 0.227 0.101 0.209 -0.008 0.104 -0.008
C 0.039 -0.008 0.018 0.038 0.018 0.068
Z
