M -0.063 0.52
C -0.063 0.546 -0.047 0.552 -0.029 0.552
L 0.429 0.552
C 0.455 0.551 0.461 0.534 0.461 0.52
C 0.461 0.506 0.455 0.489 0.429 0.489
L -0.027 0.489
C -0.046 0.489 -0.063 0.495 -0.063 0.52
Z
M 0.166 0.134
L 0.166 0.398
C 0.166 0.409 0.165 0.436 0.199 0.436
C 0.227 0.436 0.233 0.419 0.233 0.404
L 0.233 0.139
C 0.233 0.076 0.252 0.062 0.265 0.062
C 0.275 0.062 0.286 0.069 0.29 0.087
C 0.292 0.094 0.291 0.122 0.323 0.122
L 0.325 0.122
C 0.352 0.122 0.358 0.106 0.358 0.092
C 0.358 0.045 0.321 -0.005 0.266 -0.005
C 0.212 -0.005 0.166 0.041 0.166 0.134
Z
