M -0.011 0.031
C -0.011 0.061 0.013 0.062 0.028 0.062
L 0.032 0.062
L 0.032 0.369
L 0.027 0.369
C 0.011 0.369 -0.011 0.37 -0.011 0.4
C -0.011 0.411 -0.006 0.43 0.024 0.43
L 0.109 0.43
C 0.135 0.43 0.145 0.416 0.145 0.401
C 0.145 0.385 0.137 0.369 0.108 0.369
L 0.102 0.369
L 0.102 0.267
L 0.282 0.267
C 0.193 0.406 0.197 0.4 0.194 0.407
C 0.193 0.409 0.193 0.411 0.193 0.413
C 0.193 0.421 0.199 0.43 0.213 0.43
L 0.44 0.43
C 0.454 0.429 0.459 0.422 0.459 0.414
C 0.459 0.396 0.41 0.336 0.366 0.26
C 0.439 0.235 0.446 0.185 0.484 0.062
L 0.485 0.062
C 0.504 0.062 0.517 0.05 0.517 0.031
C 0.517 0.02 0.513 0 0.48 0
L 0.465 0
C 0.444 0 0.439 0.011 0.434 0.024
C 0.372 0.191 0.379 0.184 0.354 0.2
L 0.354 0.062
C 0.377 0.062 0.386 0.046 0.386 0.03
C 0.386 0.02 0.383 0 0.351 0
L 0.302 0
C 0.283 0 0.266 0.006 0.266 0.031
C 0.266 0.047 0.276 0.062 0.298 0.062
L 0.298 0.2
C 0.275 0.185 0.281 0.194 0.22 0.03
C 0.213 0.01 0.21 0 0.186 0
L 0.171 0
C 0.155 0 0.149 0.003 0.14 0.012
C 0.133 0.006 0.127 0 0.109 0
L 0.023 0
C -0.004 0 -0.011 0.017 -0.011 0.031
Z
M 0.102 0.062
L 0.106 0.062
C 0.122 0.062 0.126 0.062 0.14 0.05
L 0.15 0.058
L 0.159 0.061
L 0.169 0.062
L 0.201 0.165
L 0.208 0.185
L 0.218 0.207
L 0.102 0.207
L 0.102 0.062
Z
M 0.274 0.369
C 0.29 0.34 0.321 0.298 0.326 0.267
C 0.329 0.288 0.343 0.311 0.378 0.369
L 0.274 0.369
Z
