M 0.101 0.546
C 0.101 0.567 0.119 0.573 0.13 0.578
C 0.261 0.635 0.268 0.639 0.279 0.639
C 0.296 0.639 0.313 0.625 0.313 0.604
C 0.313 0.582 0.295 0.573 0.283 0.568
C 0.145 0.508 0.144 0.506 0.134 0.506
C 0.107 0.506 0.101 0.54 0.101 0.546
Z
M 0.311 0.545
C 0.311 0.571 0.316 0.567 0.465 0.632
C 0.472 0.635 0.481 0.639 0.489 0.639
C 0.506 0.639 0.523 0.625 0.523 0.604
C 0.523 0.582 0.505 0.573 0.493 0.568
C 0.355 0.508 0.354 0.506 0.344 0.506
C 0.325 0.506 0.311 0.526 0.311 0.545
Z
M 0.012 0.4
C 0.012 0.431 0.037 0.431 0.053 0.431
L 0.126 0.431
C 0.16 0.431 0.166 0.421 0.166 0.39
L 0.166 0.12
C 0.166 0.088 0.166 0.055 0.245 0.055
C 0.277 0.055 0.358 0.067 0.358 0.157
L 0.358 0.37
L 0.313 0.37
C 0.299 0.37 0.273 0.37 0.273 0.4
C 0.273 0.431 0.298 0.431 0.314 0.431
L 0.387 0.431
C 0.421 0.431 0.427 0.421 0.427 0.39
L 0.427 0.061
L 0.472 0.061
C 0.486 0.061 0.512 0.061 0.512 0.031
C 0.512 0 0.487 0 0.471 0
L 0.398 0
C 0.38 0 0.359 0 0.358 0.032
C 0.321 0.004 0.28 -0.006 0.239 -0.006
C 0.166 -0.006 0.097 0.018 0.097 0.114
L 0.097 0.37
L 0.052 0.37
C 0.038 0.37 0.012 0.37 0.012 0.4
Z
