M 0.138 0.779
C 0.138 0.794 0.15 0.807 0.166 0.807
C 0.178 0.807 0.18 0.804 0.339 0.701
C 0.348 0.695 0.367 0.687 0.367 0.668
C 0.367 0.651 0.352 0.64 0.34 0.64
C 0.326 0.641 0.337 0.635 0.165 0.746
C 0.156 0.752 0.138 0.761 0.138 0.779
Z
M 0.078 0.521
C 0.078 0.543 0.103 0.552 0.128 0.564
C 0.235 0.617 0.244 0.623 0.255 0.623
C 0.266 0.623 0.289 0.61 0.405 0.553
C 0.415 0.548 0.432 0.54 0.432 0.521
C 0.432 0.507 0.419 0.493 0.404 0.493
C 0.384 0.493 0.27 0.561 0.255 0.561
C 0.249 0.561 0.244 0.557 0.126 0.499
C 0.12 0.496 0.113 0.493 0.106 0.493
C 0.092 0.493 0.078 0.504 0.078 0.521
Z
M 0.055 0.128
C 0.055 0.224 0.178 0.274 0.355 0.277
C 0.355 0.348 0.303 0.379 0.227 0.379
C 0.218 0.379 0.205 0.379 0.191 0.378
C 0.171 0.376 0.17 0.375 0.17 0.367
C 0.169 0.33 0.141 0.321 0.126 0.321
C 0.102 0.321 0.081 0.337 0.081 0.367
C 0.081 0.44 0.183 0.44 0.226 0.44
C 0.37 0.44 0.424 0.356 0.424 0.285
L 0.424 0.069
C 0.432 0.066 0.442 0.061 0.484 0.061
C 0.499 0.061 0.524 0.061 0.524 0.031
C 0.524 0 0.502 0 0.474 0
C 0.436 0 0.388 0.001 0.366 0.032
C 0.319 0.001 0.257 -0.006 0.22 -0.006
C 0.118 -0.006 0.055 0.059 0.055 0.128
Z
M 0.124 0.128
C 0.124 0.089 0.165 0.055 0.227 0.055
C 0.235 0.055 0.28 0.055 0.316 0.072
C 0.355 0.09 0.355 0.111 0.355 0.134
L 0.355 0.218
C 0.21 0.214 0.124 0.177 0.124 0.128
Z
