M 0.065 0.125
C 0.065 0.233 0.206 0.252 0.229 0.256
C 0.329 0.272 0.39 0.281 0.39 0.321
C 0.39 0.355 0.335 0.377 0.267 0.377
C 0.223 0.374 0.177 0.373 0.166 0.33
C 0.163 0.314 0.168 0.289 0.128 0.289
C 0.099 0.289 0.095 0.312 0.095 0.312
C 0.094 0.318 0.094 0.323 0.094 0.329
L 0.094 0.391
L 0.095 0.404
C 0.095 0.435 0.115 0.439 0.125 0.439
C 0.143 0.439 0.151 0.426 0.155 0.418
C 0.185 0.431 0.214 0.438 0.265 0.438
C 0.418 0.438 0.452 0.367 0.452 0.32
C 0.452 0.28 0.423 0.239 0.361 0.219
C 0.272 0.19 0.127 0.199 0.127 0.123
C 0.127 0.083 0.177 0.056 0.258 0.056
C 0.279 0.057 0.319 0.06 0.341 0.082
C 0.395 0.125 0.365 0.172 0.418 0.172
C 0.449 0.172 0.452 0.148 0.452 0.14
L 0.452 0.031
C 0.452 0.019 0.45 -0.005 0.421 -0.005
C 0.402 -0.005 0.396 0.005 0.385 0.032
C 0.344 0.002 0.301 -0.006 0.256 -0.006
C 0.101 -0.006 0.065 0.073 0.065 0.125
Z
