M 0.185 0.562
C 0.185 0.605 0.221 0.639 0.26 0.639
C 0.282 0.639 0.299 0.623 0.299 0.601
C 0.299 0.579 0.282 0.564 0.262 0.564
C 0.254 0.564 0.248 0.566 0.24 0.57
L 0.24 0.564
C 0.24 0.526 0.299 0.554 0.299 0.512
C 0.299 0.504 0.293 0.485 0.269 0.485
C 0.232 0.485 0.185 0.513 0.185 0.562
Z
M 0.043 -0.185
L 0.043 0.211
C 0.043 0.358 0.156 0.436 0.262 0.436
C 0.376 0.436 0.48 0.346 0.48 0.219
C 0.48 0.093 0.38 -0.005 0.262 -0.005
C 0.194 -0.005 0.144 0.024 0.106 0.061
C 0.106 0.042 0.108 -0.093 0.109 -0.132
L 0.109 -0.147
L 0.11 -0.172
L 0.11 -0.188
C 0.11 -0.206 0.105 -0.222 0.076 -0.222
C 0.041 -0.222 0.043 -0.197 0.043 -0.185
Z
M 0.11 0.219
C 0.11 0.13 0.18 0.062 0.262 0.062
C 0.343 0.062 0.413 0.13 0.413 0.219
C 0.413 0.308 0.34 0.369 0.262 0.369
C 0.174 0.369 0.11 0.298 0.11 0.219
Z
