M 0.016 -0.184
C 0.016 -0.169 0.026 -0.154 0.041 -0.15
C 0.049 -0.148 0.057 -0.149 0.065 -0.149
L 0.388 -0.149
C 0.36 -0.106 0.347 -0.061 0.347 -0.039
C 0.347 -0.025 0.353 -0.008 0.381 -0.008
C 0.411 -0.008 0.414 -0.025 0.418 -0.043
C 0.438 -0.144 0.507 -0.15 0.508 -0.184
C 0.508 -0.202 0.491 -0.211 0.483 -0.217
C 0.392 -0.289 0.441 -0.359 0.381 -0.359
C 0.357 -0.359 0.347 -0.346 0.347 -0.329
C 0.347 -0.304 0.364 -0.255 0.388 -0.218
L 0.065 -0.218
C 0.057 -0.218 0.049 -0.219 0.041 -0.217
C 0.026 -0.213 0.016 -0.199 0.016 -0.184
Z
