M 0.039 0.216
C 0.039 0.338 0.138 0.436 0.253 0.436
C 0.309 0.436 0.346 0.413 0.379 0.381
L 0.379 0.399
C 0.379 0.414 0.381 0.436 0.411 0.436
L 0.416 0.436
C 0.446 0.436 0.449 0.414 0.449 0.399
L 0.449 -0.015
C 0.449 -0.171 0.339 -0.234 0.246 -0.234
C 0.085 -0.234 0.055 -0.168 0.055 -0.124
C 0.055 -0.093 0.078 -0.078 0.1 -0.078
C 0.123 -0.078 0.144 -0.096 0.144 -0.122
C 0.144 -0.134 0.139 -0.141 0.136 -0.148
C 0.152 -0.159 0.179 -0.172 0.247 -0.172
C 0.306 -0.172 0.379 -0.13 0.379 -0.018
L 0.379 0.077
C 0.346 0.046 0.302 0.02 0.242 0.02
C 0.13 0.02 0.039 0.108 0.039 0.216
Z
M 0.109 0.216
C 0.109 0.134 0.179 0.082 0.247 0.082
C 0.312 0.082 0.38 0.133 0.379 0.228
L 0.379 0.236
C 0.379 0.294 0.335 0.374 0.258 0.374
C 0.177 0.374 0.109 0.302 0.109 0.216
Z
