M 0.055 0.217
C 0.055 0.34 0.151 0.44 0.27 0.44
C 0.4 0.44 0.464 0.342 0.464 0.228
C 0.464 0.191 0.445 0.191 0.424 0.191
L 0.126 0.191
C 0.142 0.105 0.217 0.055 0.292 0.055
C 0.32 0.055 0.374 0.064 0.396 0.115
C 0.403 0.134 0.411 0.137 0.429 0.137
C 0.435 0.137 0.464 0.137 0.464 0.109
C 0.464 0.084 0.417 -0.006 0.285 -0.006
C 0.156 -0.006 0.055 0.095 0.055 0.217
Z
M 0.127 0.251
L 0.393 0.251
C 0.384 0.354 0.322 0.379 0.27 0.379
C 0.2 0.379 0.141 0.324 0.127 0.251
Z
M 0.192 0.604
C 0.192 0.624 0.209 0.639 0.226 0.639
L 0.228 0.639
C 0.237 0.639 0.239 0.637 0.377 0.577
C 0.388 0.572 0.405 0.564 0.405 0.546
C 0.405 0.531 0.393 0.506 0.372 0.506
L 0.371 0.506
C 0.363 0.506 0.361 0.508 0.223 0.568
C 0.211 0.574 0.192 0.582 0.192 0.604
Z
