M 0.017 0.4
C 0.017 0.415 0.025 0.43 0.054 0.43
L 0.208 0.43
C 0.217 0.43 0.243 0.43 0.243 0.4
C 0.243 0.371 0.22 0.369 0.207 0.369
L 0.159 0.369
L 0.159 0.313
C 0.159 0.291 0.159 0.268 0.177 0.248
C 0.194 0.23 0.211 0.228 0.222 0.228
L 0.364 0.228
L 0.364 0.369
L 0.317 0.369
C 0.305 0.369 0.279 0.37 0.279 0.4
C 0.279 0.412 0.285 0.43 0.316 0.43
L 0.47 0.43
C 0.479 0.43 0.506 0.429 0.506 0.399
C 0.506 0.37 0.482 0.369 0.469 0.369
L 0.421 0.369
L 0.421 0.062
L 0.468 0.062
C 0.48 0.062 0.506 0.061 0.506 0.031
C 0.506 0.006 0.489 0 0.469 0
L 0.316 0
C 0.284 0 0.279 0.02 0.279 0.031
C 0.279 0.06 0.303 0.062 0.316 0.062
L 0.364 0.062
L 0.364 0.167
L 0.227 0.167
C 0.218 0.167 0.209 0.167 0.2 0.169
C 0.179 0.173 0.102 0.197 0.102 0.305
L 0.102 0.369
L 0.055 0.369
C 0.037 0.369 0.017 0.374 0.017 0.4
Z
