M 0.025 0.561
C 0.025 0.6 0.032 0.694 0.088 0.694
C 0.145 0.694 0.15 0.594 0.15 0.561
C 0.15 0.529 0.145 0.428 0.088 0.428
C 0.03 0.428 0.025 0.526 0.025 0.561
Z
M 0.053 -0.048
C 0.053 -0.04 0.056 -0.032 0.057 -0.027
L 0.25 0.657
C 0.251 0.662 0.258 0.694 0.287 0.694
C 0.305 0.694 0.322 0.68 0.322 0.659
C 0.322 0.653 0.32 0.647 0.318 0.641
L 0.125 -0.044
C 0.124 -0.048 0.119 -0.083 0.088 -0.083
C 0.07 -0.083 0.053 -0.068 0.053 -0.048
Z
M 0.087 0.613
C 0.083 0.597 0.082 0.579 0.082 0.56
C 0.082 0.541 0.083 0.53 0.087 0.509
L 0.088 0.509
C 0.092 0.525 0.093 0.542 0.093 0.561
C 0.093 0.58 0.092 0.592 0.088 0.613
L 0.087 0.613
Z
M 0.225 0.05
C 0.225 0.084 0.231 0.183 0.287 0.183
C 0.344 0.183 0.35 0.084 0.35 0.05
C 0.35 0.016 0.344 -0.083 0.288 -0.083
C 0.23 -0.083 0.225 0.016 0.225 0.05
Z
M 0.288 0.102
C 0.283 0.085 0.282 0.068 0.282 0.05
C 0.282 0.032 0.283 0.015 0.288 -0.002
C 0.291 0.013 0.292 0.031 0.293 0.049
L 0.291 0.081
Z
M 0.375 0.05
C 0.375 0.085 0.38 0.183 0.437 0.183
C 0.494 0.183 0.5 0.083 0.5 0.05
C 0.5 0.018 0.494 -0.083 0.437 -0.083
C 0.38 -0.083 0.375 0.016 0.375 0.05
Z
M 0.437 0.102
C 0.433 0.086 0.431 0.068 0.431 0.049
C 0.431 0.031 0.433 0.019 0.437 -0.002
L 0.438 -0.002
C 0.442 0.014 0.443 0.032 0.443 0.051
C 0.443 0.07 0.442 0.081 0.438 0.102
L 0.437 0.102
Z
