M -0.001 0.031
C -0.001 0.056 0.016 0.062 0.036 0.062
L 0.061 0.062
L 0.061 0.55
L 0.037 0.55
C 0.025 0.55 -0.001 0.551 -0.001 0.581
C -0.001 0.592 0.004 0.611 0.036 0.611
L 0.098 0.611
C 0.13 0.611 0.131 0.589 0.131 0.571
L 0.131 0.397
C 0.162 0.425 0.194 0.436 0.222 0.436
C 0.254 0.436 0.28 0.422 0.296 0.401
C 0.316 0.374 0.321 0.337 0.321 0.289
L 0.321 0.274
C 0.321 0.224 0.319 0.125 0.356 0.078
C 0.367 0.064 0.38 0.057 0.39 0.057
C 0.421 0.057 0.429 0.129 0.429 0.238
L 0.429 0.244
C 0.429 0.401 0.418 0.37 0.418 0.401
C 0.418 0.422 0.435 0.435 0.452 0.435
C 0.48 0.435 0.499 0.416 0.499 0.264
L 0.499 0.229
C 0.499 0.142 0.498 -0.005 0.392 -0.005
C 0.366 -0.005 0.288 0.006 0.26 0.137
C 0.251 0.18 0.251 0.224 0.251 0.268
L 0.251 0.293
C 0.251 0.346 0.243 0.355 0.236 0.368
C 0.231 0.371 0.226 0.374 0.218 0.374
C 0.188 0.374 0.131 0.339 0.131 0.239
L 0.131 0.062
L 0.155 0.062
C 0.171 0.062 0.192 0.058 0.192 0.031
C 0.192 0.016 0.185 0 0.156 0
L 0.036 0
C 0.02 0 -0.001 0.004 -0.001 0.031
Z
