M 0.027 0.031
C 0.027 0.061 0.051 0.062 0.067 0.062
L 0.107 0.062
L 0.231 0.222
L 0.114 0.369
L 0.07 0.369
C 0.058 0.369 0.033 0.37 0.033 0.399
C 0.033 0.414 0.04 0.43 0.068 0.43
L 0.195 0.43
C 0.206 0.43 0.231 0.43 0.231 0.399
C 0.231 0.388 0.226 0.369 0.196 0.369
L 0.183 0.369
L 0.259 0.27
L 0.332 0.369
L 0.317 0.369
C 0.291 0.369 0.283 0.383 0.283 0.399
C 0.283 0.417 0.295 0.43 0.316 0.43
L 0.445 0.43
C 0.474 0.43 0.481 0.415 0.481 0.4
C 0.481 0.372 0.46 0.369 0.444 0.369
L 0.412 0.369
C 0.395 0.369 0.394 0.361 0.287 0.222
C 0.42 0.055 0.409 0.063 0.427 0.062
L 0.464 0.062
C 0.479 0.062 0.501 0.06 0.501 0.025
L 0.501 -0.102
C 0.501 -0.133 0.483 -0.138 0.472 -0.138
C 0.442 -0.138 0.444 -0.106 0.444 -0.098
L 0.444 0
L 0.333 0
C 0.302 0 0.297 0.019 0.297 0.031
C 0.297 0.047 0.305 0.062 0.333 0.062
L 0.347 0.062
L 0.259 0.184
L 0.174 0.062
L 0.19 0.062
C 0.216 0.062 0.225 0.047 0.225 0.032
C 0.225 0 0.199 0 0.187 0
L 0.062 0
C 0.034 0 0.027 0.016 0.027 0.031
Z
