M 0.243 0.512
C 0.243 0.554 0.301 0.526 0.301 0.565
L 0.301 0.57
C 0.293 0.566 0.286 0.564 0.279 0.564
C 0.256 0.564 0.243 0.584 0.243 0.601
C 0.243 0.623 0.26 0.639 0.282 0.639
C 0.317 0.639 0.357 0.609 0.357 0.562
C 0.357 0.508 0.304 0.485 0.273 0.485
C 0.254 0.485 0.243 0.497 0.243 0.512
Z
M 0.019 0.403
C 0.019 0.415 0.028 0.442 0.061 0.442
C 0.092 0.442 0.141 0.426 0.169 0.362
C 0.199 0.409 0.25 0.442 0.304 0.442
C 0.375 0.442 0.482 0.382 0.482 0.2
L 0.482 -0.193
C 0.482 -0.229 0.458 -0.233 0.448 -0.233
C 0.438 -0.233 0.415 -0.229 0.415 -0.193
L 0.415 0.203
C 0.415 0.335 0.346 0.374 0.304 0.374
C 0.281 0.374 0.194 0.35 0.194 0.204
L 0.194 0.036
C 0.193 0.026 0.196 -0.011 0.161 -0.011
C 0.146 -0.011 0.131 -0.001 0.128 0.015
C 0.127 0.022 0.127 0.03 0.127 0.037
L 0.127 0.203
C 0.127 0.333 0.093 0.373 0.07 0.373
C 0.064 0.373 0.058 0.37 0.051 0.37
C 0.035 0.37 0.019 0.385 0.019 0.403
Z
M 0.127 -0.089
C 0.127 -0.076 0.128 -0.054 0.161 -0.054
C 0.193 -0.054 0.195 -0.077 0.195 -0.092
L 0.195 -0.143
C 0.195 -0.18 0.17 -0.184 0.161 -0.184
C 0.15 -0.184 0.127 -0.18 0.127 -0.142
L 0.127 -0.089
Z
