M 0.209 0.697
C 0.209 0.709 0.215 0.717 0.229 0.727
C 0.359 0.824 0.361 0.824 0.371 0.824
L 0.373 0.824
C 0.384 0.824 0.385 0.821 0.517 0.726
C 0.523 0.721 0.535 0.712 0.535 0.698
C 0.535 0.682 0.517 0.659 0.499 0.659
C 0.481 0.659 0.413 0.718 0.371 0.751
C 0.267 0.668 0.259 0.659 0.245 0.659
C 0.225 0.659 0.209 0.683 0.209 0.697
Z
M 0.071 0.099
C 0.071 0.131 0.093 0.146 0.116 0.146
C 0.141 0.146 0.16 0.126 0.16 0.102
C 0.16 0.086 0.156 0.081 0.152 0.076
C 0.181 0.05 0.229 0.05 0.237 0.05
C 0.256 0.05 0.338 0.055 0.338 0.14
L 0.338 0.55
L 0.256 0.55
C 0.241 0.55 0.215 0.55 0.215 0.581
C 0.215 0.611 0.241 0.611 0.256 0.611
L 0.437 0.611
C 0.452 0.611 0.478 0.611 0.478 0.581
C 0.478 0.55 0.453 0.55 0.437 0.55
L 0.407 0.55
L 0.407 0.134
C 0.407 0.043 0.326 -0.011 0.237 -0.011
C 0.137 -0.011 0.071 0.036 0.071 0.099
Z
