M 0.059 0.32
C 0.059 0.348 0.102 0.436 0.231 0.436
C 0.354 0.436 0.451 0.337 0.451 0.215
C 0.451 0.112 0.376 -0.008 0.224 -0.008
C 0.164 -0.008 0.07 -0.005 0.07 0.065
C 0.07 0.092 0.09 0.11 0.114 0.11
C 0.137 0.11 0.159 0.093 0.159 0.066
C 0.159 0.063 0.158 0.061 0.158 0.058
C 0.176 0.055 0.196 0.053 0.216 0.053
L 0.218 0.053
C 0.35 0.053 0.381 0.16 0.381 0.214
C 0.381 0.308 0.306 0.374 0.225 0.374
C 0.144 0.374 0.129 0.317 0.124 0.308
C 0.118 0.297 0.105 0.292 0.093 0.292
C 0.075 0.292 0.059 0.302 0.059 0.32
Z
