M 0.086 0.788
C 0.086 0.807 0.098 0.819 0.117 0.819
C 0.149 0.819 0.147 0.787 0.149 0.779
C 0.157 0.742 0.204 0.716 0.263 0.716
C 0.31 0.716 0.371 0.736 0.377 0.786
C 0.378 0.798 0.381 0.819 0.408 0.819
C 0.426 0.819 0.439 0.807 0.439 0.787
C 0.439 0.712 0.362 0.652 0.262 0.652
C 0.157 0.652 0.086 0.716 0.086 0.788
Z
M 0.004 0.581
C 0.004 0.611 0.03 0.611 0.045 0.611
L 0.174 0.611
C 0.189 0.611 0.215 0.611 0.215 0.581
C 0.215 0.55 0.189 0.55 0.174 0.55
L 0.144 0.55
L 0.144 0.209
C 0.144 0.102 0.209 0.05 0.262 0.05
C 0.314 0.05 0.38 0.102 0.38 0.209
L 0.38 0.55
L 0.35 0.55
C 0.335 0.55 0.309 0.55 0.309 0.581
C 0.309 0.611 0.335 0.611 0.35 0.611
L 0.479 0.611
C 0.494 0.611 0.52 0.611 0.52 0.581
C 0.52 0.55 0.495 0.55 0.479 0.55
L 0.449 0.55
L 0.449 0.204
C 0.449 0.081 0.362 -0.011 0.262 -0.011
C 0.162 -0.011 0.075 0.081 0.075 0.204
L 0.075 0.55
L 0.045 0.55
C 0.03 0.55 0.004 0.55 0.004 0.581
Z
