M 0 0.263
C 0.002 0.298 0.028 0.302 0.039 0.302
L 0.044 0.302
L 0.044 0.314
L 0.036 0.314
C 0.005 0.314 0 0.331 0 0.343
C 0 0.343 0.002 0.38 0.039 0.38
L 0.051 0.38
L 0.051 0.381
C 0.069 0.483 0.156 0.616 0.306 0.616
C 0.434 0.616 0.497 0.503 0.497 0.476
C 0.497 0.466 0.489 0.437 0.465 0.437
C 0.44 0.437 0.441 0.463 0.422 0.489
C 0.395 0.527 0.352 0.549 0.305 0.549
C 0.237 0.549 0.157 0.506 0.12 0.38
L 0.419 0.38
C 0.44 0.38 0.448 0.367 0.448 0.352
C 0.448 0.334 0.44 0.314 0.407 0.314
L 0.111 0.314
L 0.111 0.302
L 0.385 0.302
C 0.414 0.302 0.418 0.283 0.418 0.274
C 0.418 0.266 0.415 0.235 0.378 0.235
L 0.12 0.235
C 0.145 0.133 0.221 0.067 0.305 0.067
C 0.386 0.067 0.428 0.126 0.44 0.152
C 0.445 0.161 0.451 0.179 0.47 0.179
C 0.481 0.179 0.497 0.171 0.497 0.147
C 0.497 0.102 0.426 0 0.306 0
C 0.154 0 0.068 0.136 0.051 0.235
L 0.035 0.235
C 0.007 0.235 0 0.252 0 0.263
Z
