M 0.116 0.57
C 0.116 0.592 0.178 0.652 0.227 0.652
C 0.278 0.652 0.297 0.604 0.322 0.604
C 0.349 0.604 0.374 0.651 0.4 0.651
C 0.418 0.651 0.43 0.633 0.43 0.62
C 0.43 0.598 0.369 0.538 0.32 0.538
C 0.269 0.538 0.25 0.586 0.225 0.586
C 0.196 0.586 0.173 0.538 0.148 0.538
C 0.131 0.538 0.116 0.555 0.116 0.57
Z
M 0.026 0.4
C 0.026 0.431 0.05 0.431 0.066 0.431
L 0.183 0.431
C 0.199 0.431 0.223 0.431 0.223 0.4
C 0.223 0.37 0.198 0.37 0.183 0.37
L 0.158 0.37
L 0.251 0.13
C 0.258 0.111 0.267 0.09 0.272 0.071
L 0.273 0.071
C 0.28 0.102 0.286 0.12 0.299 0.157
L 0.371 0.37
L 0.343 0.37
C 0.327 0.37 0.303 0.37 0.303 0.401
C 0.303 0.431 0.328 0.431 0.343 0.431
L 0.46 0.431
C 0.476 0.431 0.5 0.431 0.5 0.4
C 0.5 0.37 0.475 0.37 0.46 0.37
L 0.43 0.37
L 0.275 -0.085
C 0.271 -0.096 0.226 -0.228 0.126 -0.228
C 0.077 -0.228 0.043 -0.188 0.043 -0.146
C 0.043 -0.12 0.06 -0.102 0.087 -0.102
C 0.112 -0.102 0.13 -0.12 0.13 -0.145
C 0.13 -0.158 0.125 -0.166 0.125 -0.167
C 0.14 -0.166 0.176 -0.164 0.205 -0.109
C 0.218 -0.084 0.243 -0.002 0.243 0
C 0.243 0.001 0.243 0.003 0.239 0.013
L 0.097 0.37
L 0.066 0.37
C 0.051 0.37 0.026 0.37 0.026 0.4
Z
