M 0.04 0.027
L 0.04 0.169
C 0.04 0.175 0.04 0.182 0.041 0.188
C 0.041 0.188 0.045 0.21 0.074 0.21
C 0.119 0.21 0.105 0.182 0.12 0.143
C 0.144 0.08 0.196 0.049 0.237 0.049
C 0.24 0.049 0.244 0.05 0.247 0.05
C 0.317 0.05 0.414 0.148 0.414 0.306
C 0.414 0.434 0.344 0.559 0.236 0.559
C 0.157 0.559 0.111 0.49 0.111 0.444
C 0.111 0.432 0.107 0.408 0.077 0.408
C 0.054 0.408 0.04 0.415 0.04 0.443
C 0.04 0.531 0.129 0.621 0.243 0.621
C 0.377 0.621 0.484 0.482 0.484 0.304
C 0.484 0.132 0.378 -0.012 0.241 -0.012
C 0.185 -0.012 0.142 0.013 0.114 0.037
C 0.096 -0.011 0.08 -0.012 0.071 -0.012
C 0.047 -0.012 0.04 0.006 0.04 0.027
Z
