M 0.01 0.306
C 0.01 0.323 0.022 0.324 0.031 0.324
L 0.061 0.324
L 0.061 0.508
L 0.035 0.508
C 0.017 0.508 0.01 0.517 0.01 0.526
C 0.01 0.533 0.013 0.545 0.033 0.545
L 0.124 0.545
C 0.14 0.545 0.146 0.536 0.146 0.527
C 0.146 0.51 0.134 0.508 0.126 0.508
L 0.095 0.508
L 0.095 0.447
L 0.218 0.447
L 0.218 0.508
L 0.192 0.508
C 0.174 0.508 0.167 0.517 0.167 0.526
C 0.167 0.543 0.183 0.545 0.189 0.545
L 0.281 0.545
C 0.297 0.545 0.303 0.536 0.303 0.527
C 0.303 0.511 0.291 0.508 0.278 0.508
L 0.252 0.508
L 0.252 0.324
L 0.278 0.324
C 0.296 0.324 0.304 0.314 0.304 0.305
C 0.304 0.3 0.302 0.287 0.281 0.287
L 0.191 0.287
C 0.174 0.287 0.167 0.297 0.167 0.306
C 0.167 0.323 0.179 0.324 0.188 0.324
L 0.218 0.324
L 0.218 0.411
L 0.095 0.411
L 0.095 0.324
L 0.121 0.324
C 0.139 0.324 0.147 0.314 0.147 0.305
C 0.147 0.3 0.145 0.287 0.124 0.287
L 0.033 0.287
C 0.017 0.287 0.01 0.297 0.01 0.306
Z
