M 0.056 0.305
C 0.056 0.595 0.077 0.622 0.262 0.622
C 0.447 0.622 0.468 0.594 0.468 0.305
C 0.468 0.259 0.468 0.192 0.462 0.138
C 0.453 0.057 0.435 0.022 0.391 0.004
C 0.398 -0.009 0.416 -0.043 0.424 -0.056
C 0.435 -0.078 0.455 -0.114 0.455 -0.12
C 0.455 -0.139 0.438 -0.139 0.423 -0.139
L 0.414 -0.139
C 0.398 -0.139 0.387 -0.139 0.379 -0.127
C 0.377 -0.123 0.324 -0.023 0.318 -0.01
C 0.307 -0.011 0.275 -0.011 0.262 -0.011
C 0.077 -0.011 0.056 0.016 0.056 0.305
Z
M 0.125 0.305
C 0.125 0.251 0.125 0.183 0.134 0.132
C 0.144 0.078 0.164 0.05 0.254 0.05
L 0.286 0.05
L 0.24 0.139
C 0.237 0.144 0.236 0.147 0.236 0.152
C 0.236 0.171 0.254 0.171 0.268 0.171
L 0.279 0.171
C 0.299 0.171 0.3 0.17 0.309 0.155
L 0.357 0.068
C 0.379 0.083 0.399 0.097 0.399 0.306
C 0.399 0.36 0.399 0.428 0.39 0.479
C 0.379 0.544 0.351 0.561 0.262 0.561
C 0.17 0.561 0.148 0.541 0.135 0.486
C 0.125 0.438 0.125 0.361 0.125 0.305
Z
