M 0.058 0.332
L 0.058 0.401
C 0.058 0.431 0.078 0.436 0.088 0.436
C 0.104 0.436 0.115 0.424 0.129 0.412
C 0.159 0.43 0.195 0.439 0.232 0.439
C 0.35 0.439 0.451 0.342 0.451 0.215
C 0.451 0.09 0.351 -0.005 0.232 -0.005
C 0.098 -0.005 0.059 0.087 0.059 0.109
C 0.059 0.13 0.076 0.138 0.093 0.138
C 0.102 0.138 0.111 0.135 0.116 0.131
C 0.132 0.12 0.137 0.056 0.225 0.056
C 0.31 0.056 0.376 0.125 0.381 0.207
L 0.198 0.207
C 0.169 0.207 0.163 0.225 0.163 0.237
C 0.163 0.265 0.183 0.267 0.202 0.267
L 0.373 0.267
C 0.349 0.341 0.288 0.377 0.232 0.377
C 0.187 0.377 0.146 0.354 0.13 0.318
C 0.12 0.295 0.113 0.29 0.092 0.29
L 0.091 0.29
C 0.056 0.291 0.058 0.317 0.058 0.332
Z
M 0.314 0.56
C 0.314 0.59 0.339 0.61 0.364 0.61
C 0.394 0.61 0.414 0.585 0.414 0.56
C 0.414 0.535 0.393 0.51 0.364 0.51
C 0.334 0.51 0.314 0.535 0.314 0.56
Z
M 0.11 0.56
C 0.11 0.59 0.135 0.61 0.16 0.61
C 0.19 0.61 0.21 0.585 0.21 0.56
C 0.21 0.535 0.189 0.51 0.16 0.51
C 0.13 0.51 0.11 0.535 0.11 0.56
Z
