M 0.001 0.031
C 0.001 0.043 0.009 0.062 0.034 0.062
L 0.049 0.062
C 0.062 0.088 0.14 0.232 0.147 0.246
C 0.148 0.248 0.148 0.25 0.148 0.252
C 0.148 0.26 0.135 0.277 0.067 0.369
L 0.049 0.369
C 0.04 0.369 0.015 0.371 0.015 0.401
C 0.015 0.416 0.024 0.43 0.049 0.43
L 0.124 0.43
C 0.15 0.43 0.158 0.415 0.158 0.399
C 0.158 0.387 0.154 0.376 0.137 0.37
L 0.233 0.239
L 0.233 0.369
L 0.213 0.369
C 0.184 0.369 0.177 0.385 0.177 0.4
C 0.177 0.416 0.185 0.43 0.213 0.43
L 0.312 0.43
C 0.343 0.43 0.347 0.41 0.347 0.4
C 0.347 0.389 0.342 0.369 0.31 0.369
L 0.29 0.369
L 0.29 0.263
L 0.291 0.24
L 0.386 0.37
C 0.37 0.377 0.365 0.388 0.365 0.399
C 0.365 0.407 0.368 0.43 0.399 0.43
L 0.475 0.43
C 0.498 0.43 0.508 0.415 0.508 0.4
C 0.508 0.385 0.5 0.369 0.471 0.369
L 0.456 0.369
C 0.383 0.27 0.375 0.259 0.375 0.253
C 0.375 0.243 0.448 0.117 0.474 0.062
L 0.488 0.062
C 0.515 0.062 0.522 0.044 0.522 0.031
C 0.522 0.018 0.515 0 0.488 0
L 0.41 0
C 0.384 0 0.375 0.015 0.375 0.03
C 0.375 0.044 0.382 0.062 0.408 0.062
L 0.41 0.062
L 0.334 0.204
L 0.298 0.154
L 0.292 0.144
L 0.29 0.131
L 0.29 0.062
L 0.31 0.062
C 0.342 0.062 0.347 0.042 0.347 0.031
C 0.347 0.02 0.342 0 0.312 0
L 0.213 0
C 0.186 0 0.177 0.015 0.177 0.031
C 0.177 0.046 0.184 0.062 0.213 0.062
L 0.233 0.062
L 0.233 0.13
L 0.232 0.143
C 0.219 0.165 0.202 0.183 0.188 0.204
L 0.113 0.062
L 0.115 0.062
C 0.138 0.062 0.148 0.046 0.148 0.031
C 0.148 0.021 0.144 0 0.113 0
L 0.033 0
C 0.014 0 0.001 0.012 0.001 0.031
Z
