M -0.001 0.236
C -0.001 0.25 0.006 0.271 0.044 0.271
L 0.483 0.271
C 0.495 0.271 0.527 0.269 0.527 0.236
C 0.527 0.226 0.522 0.203 0.487 0.202
L 0.04 0.202
C 0.003 0.202 -0.001 0.227 -0.001 0.236
Z
M 0.033 -0.077
C 0.033 -0.06 0.042 -0.055 0.217 0.12
C 0.234 0.137 0.24 0.145 0.272 0.145
L 0.321 0.145
C 0.358 0.145 0.357 0.119 0.357 0.106
L 0.357 -0.064
L 0.459 -0.064
C 0.481 -0.064 0.492 -0.079 0.492 -0.094
C 0.492 -0.119 0.475 -0.125 0.455 -0.125
L 0.357 -0.125
L 0.357 -0.16
L 0.437 -0.16
C 0.466 -0.16 0.471 -0.179 0.471 -0.191
C 0.471 -0.204 0.465 -0.221 0.438 -0.222
L 0.216 -0.222
C 0.195 -0.221 0.185 -0.207 0.185 -0.192
C 0.185 -0.182 0.19 -0.16 0.221 -0.16
L 0.3 -0.16
L 0.3 -0.125
L 0.075 -0.125
C 0.043 -0.125 0.034 -0.12 0.034 -0.083
C 0.034 -0.081 0.033 -0.079 0.033 -0.077
Z
M 0.09 0.604
C 0.09 0.662 0.177 0.606 0.253 0.687
C 0.263 0.697 0.27 0.705 0.285 0.705
C 0.317 0.705 0.314 0.672 0.314 0.665
L 0.314 0.402
L 0.407 0.402
C 0.439 0.402 0.443 0.383 0.443 0.372
C 0.443 0.358 0.437 0.341 0.409 0.34
L 0.135 0.34
C 0.106 0.34 0.099 0.359 0.099 0.371
C 0.099 0.383 0.104 0.402 0.136 0.402
L 0.244 0.402
L 0.244 0.603
C 0.192 0.578 0.153 0.573 0.131 0.573
C 0.117 0.573 0.109 0.575 0.109 0.575
C 0.098 0.579 0.09 0.589 0.09 0.604
Z
M 0.118 -0.064
L 0.3 -0.064
L 0.3 0.119
Z
