M 0.032 0.036
C 0.032 0.051 0.035 0.055 0.052 0.072
L 0.365 0.369
L 0.118 0.369
L 0.118 0.343
C 0.118 0.327 0.12 0.301 0.082 0.301
L 0.081 0.301
C 0.047 0.301 0.048 0.331 0.048 0.342
L 0.048 0.39
C 0.048 0.41 0.05 0.43 0.086 0.43
L 0.439 0.43
C 0.454 0.43 0.471 0.423 0.471 0.396
C 0.471 0.376 0.463 0.369 0.456 0.362
L 0.138 0.062
L 0.439 0.062
C 0.453 0.062 0.474 0.06 0.474 0.026
L 0.474 0.01
C 0.474 -0.002 0.475 -0.014 0.475 -0.026
C 0.475 -0.032 0.474 -0.038 0.474 -0.044
C 0.475 -0.062 0.467 -0.078 0.441 -0.079
C 0.406 -0.079 0.404 -0.059 0.404 -0.043
C 0.404 -0.041 0.405 -0.039 0.405 -0.037
L 0.405 0
L 0.068 0
C 0.053 0 0.032 0.002 0.032 0.036
Z
