M 0.166 0.134
L 0.166 0.398
C 0.166 0.413 0.167 0.436 0.199 0.436
C 0.226 0.436 0.233 0.419 0.233 0.404
L 0.233 0.139
C 0.233 0.074 0.253 0.062 0.266 0.062
C 0.289 0.062 0.292 0.101 0.293 0.104
C 0.297 0.115 0.307 0.122 0.322 0.122
L 0.324 0.122
C 0.351 0.122 0.358 0.106 0.358 0.092
C 0.358 0.045 0.321 -0.005 0.266 -0.005
C 0.212 -0.005 0.166 0.041 0.166 0.134
Z
M 0.214 0.579
C 0.214 0.597 0.23 0.611 0.247 0.611
C 0.27 0.611 0.277 0.595 0.328 0.525
C 0.333 0.518 0.339 0.51 0.339 0.499
C 0.339 0.482 0.324 0.473 0.312 0.473
C 0.297 0.473 0.291 0.48 0.227 0.55
C 0.218 0.56 0.214 0.57 0.214 0.579
Z
M 0.076 0.562
C 0.076 0.609 0.116 0.639 0.151 0.639
C 0.173 0.639 0.19 0.624 0.19 0.601
C 0.19 0.579 0.173 0.564 0.153 0.564
C 0.145 0.564 0.14 0.566 0.132 0.57
C 0.132 0.568 0.131 0.566 0.131 0.564
C 0.131 0.526 0.19 0.554 0.19 0.512
C 0.19 0.504 0.184 0.485 0.16 0.485
C 0.13 0.485 0.076 0.507 0.076 0.562
Z
