M 0.086 0.788
C 0.086 0.807 0.099 0.819 0.117 0.819
C 0.149 0.819 0.147 0.788 0.149 0.78
C 0.157 0.743 0.204 0.716 0.263 0.716
C 0.315 0.716 0.371 0.739 0.377 0.786
C 0.377 0.788 0.377 0.819 0.408 0.819
C 0.42 0.819 0.439 0.813 0.439 0.788
C 0.439 0.714 0.365 0.652 0.263 0.652
C 0.157 0.652 0.086 0.717 0.086 0.788
Z
M 0 0.031
C 0 0.043 0.007 0.062 0.033 0.062
L 0.035 0.062
L 0.147 0.358
L 0.045 0.549
L 0.04 0.549
C 0.02 0.549 0.006 0.561 0.006 0.579
C 0.006 0.599 0.019 0.611 0.04 0.611
L 0.1 0.611
C 0.117 0.611 0.135 0.605 0.135 0.58
C 0.135 0.556 0.117 0.551 0.109 0.549
L 0.234 0.316
L 0.234 0.549
C 0.219 0.549 0.194 0.549 0.194 0.579
C 0.194 0.588 0.198 0.611 0.229 0.611
L 0.295 0.611
C 0.322 0.611 0.331 0.597 0.331 0.582
C 0.331 0.552 0.306 0.549 0.295 0.549
L 0.291 0.549
L 0.291 0.317
L 0.416 0.549
C 0.398 0.552 0.389 0.566 0.389 0.58
C 0.389 0.59 0.393 0.611 0.425 0.611
L 0.485 0.611
C 0.508 0.611 0.518 0.595 0.518 0.58
C 0.518 0.555 0.501 0.549 0.48 0.549
L 0.377 0.358
L 0.49 0.062
L 0.491 0.062
C 0.517 0.062 0.524 0.043 0.524 0.031
C 0.524 0.019 0.518 0 0.492 0
L 0.439 0
C 0.422 0 0.404 0.006 0.404 0.031
C 0.404 0.047 0.413 0.058 0.429 0.062
L 0.342 0.292
L 0.298 0.21
L 0.292 0.196
L 0.291 0.178
L 0.291 0.062
C 0.306 0.062 0.331 0.061 0.331 0.031
C 0.331 0.022 0.327 0 0.296 0
L 0.23 0
C 0.204 0 0.193 0.015 0.193 0.03
C 0.193 0.06 0.218 0.062 0.23 0.062
L 0.234 0.062
L 0.234 0.178
L 0.233 0.195
C 0.218 0.229 0.199 0.26 0.182 0.292
L 0.095 0.062
C 0.107 0.059 0.121 0.049 0.121 0.031
C 0.121 0.015 0.113 0 0.085 0
L 0.033 0
C 0.007 0 0 0.019 0 0.031
Z
