M 0.022 0.031
C 0.022 0.061 0.048 0.062 0.058 0.062
L 0.09 0.062
L 0.09 0.549
L 0.058 0.549
C 0.042 0.549 0.022 0.553 0.022 0.58
C 0.022 0.598 0.036 0.611 0.055 0.611
L 0.26 0.611
L 0.26 0.653
C 0.26 0.664 0.257 0.694 0.29 0.694
C 0.319 0.694 0.321 0.67 0.321 0.657
L 0.321 0.609
L 0.322 0.608
C 0.391 0.598 0.461 0.54 0.461 0.456
C 0.461 0.402 0.428 0.348 0.352 0.32
C 0.437 0.301 0.482 0.232 0.482 0.167
C 0.482 0.101 0.437 0.011 0.321 0
L 0.321 -0.042
C 0.321 -0.053 0.323 -0.083 0.29 -0.083
C 0.261 -0.083 0.259 -0.06 0.259 -0.047
C 0.259 -0.045 0.26 -0.042 0.26 -0.041
L 0.26 0
L 0.055 0
C 0.035 0 0.022 0.013 0.022 0.031
Z
M 0.16 0.062
L 0.26 0.062
L 0.26 0.287
L 0.16 0.287
L 0.16 0.062
Z
M 0.16 0.348
L 0.26 0.348
L 0.26 0.549
L 0.16 0.549
L 0.16 0.348
Z
M 0.321 0.065
C 0.386 0.083 0.411 0.127 0.411 0.169
C 0.411 0.225 0.374 0.275 0.321 0.285
L 0.321 0.065
Z
M 0.321 0.358
C 0.375 0.381 0.391 0.425 0.391 0.455
C 0.391 0.484 0.375 0.528 0.322 0.545
L 0.321 0.517
L 0.321 0.358
Z
