M 0.01 0.031
C 0.01 0.043 0.015 0.062 0.047 0.062
L 0.07 0.062
L 0.07 0.549
L 0.047 0.549
C 0.036 0.549 0.01 0.55 0.01 0.58
C 0.01 0.591 0.015 0.611 0.047 0.611
L 0.163 0.611
C 0.191 0.611 0.199 0.595 0.199 0.58
C 0.199 0.568 0.194 0.549 0.162 0.549
L 0.14 0.549
L 0.14 0.062
L 0.162 0.062
C 0.194 0.062 0.199 0.043 0.199 0.031
C 0.199 0.016 0.192 0 0.163 0
L 0.046 0
C 0.017 0 0.01 0.016 0.01 0.031
Z
M 0.217 0.099
C 0.217 0.131 0.239 0.146 0.261 0.146
C 0.283 0.146 0.305 0.129 0.305 0.102
C 0.305 0.087 0.3 0.08 0.295 0.073
C 0.305 0.06 0.318 0.051 0.334 0.051
C 0.362 0.051 0.383 0.086 0.384 0.125
L 0.384 0.549
L 0.346 0.549
C 0.315 0.549 0.311 0.57 0.311 0.58
C 0.311 0.591 0.315 0.611 0.346 0.611
L 0.461 0.611
C 0.489 0.611 0.496 0.594 0.496 0.58
C 0.496 0.551 0.473 0.549 0.459 0.549
L 0.454 0.549
L 0.454 0.139
C 0.454 0.018 0.374 -0.011 0.334 -0.011
C 0.267 -0.011 0.217 0.045 0.217 0.099
Z
