M 0.007 0.031
C 0.007 0.06 0.033 0.062 0.042 0.062
L 0.072 0.062
L 0.072 0.369
L 0.043 0.369
C 0.013 0.369 0.007 0.386 0.007 0.399
C 0.007 0.41 0.013 0.429 0.039 0.43
L 0.158 0.43
C 0.172 0.43 0.194 0.427 0.194 0.399
C 0.194 0.387 0.189 0.369 0.157 0.369
L 0.302 0.368
L 0.359 0.368
L 0.368 0.369
C 0.35 0.369 0.33 0.372 0.33 0.399
C 0.33 0.408 0.333 0.43 0.365 0.43
L 0.418 0.43
C 0.447 0.43 0.453 0.413 0.452 0.392
L 0.452 0.37
C 0.452 0.34 0.453 0.343 0.453 0.336
C 0.453 0.328 0.452 0.333 0.452 0.297
L 0.452 0.167
C 0.452 0.157 0.454 0.15 0.454 0.142
C 0.454 0.129 0.452 0.132 0.452 0.095
L 0.452 0.062
L 0.48 0.062
C 0.513 0.062 0.517 0.043 0.517 0.031
C 0.517 0.002 0.494 0 0.479 0
L 0.432 0
C 0.418 0 0.405 0 0.397 0.02
C 0.378 0.006 0.354 -0.005 0.323 -0.005
C 0.253 -0.005 0.187 0.055 0.187 0.139
C 0.187 0.24 0.276 0.293 0.296 0.307
L 0.129 0.307
L 0.129 0.062
L 0.157 0.062
C 0.175 0.062 0.194 0.057 0.194 0.031
C 0.194 0.02 0.19 0 0.158 0
L 0.042 0
C 0.012 0 0.007 0.019 0.007 0.031
Z
M 0.257 0.139
C 0.257 0.097 0.284 0.057 0.324 0.057
C 0.348 0.057 0.395 0.079 0.395 0.153
L 0.395 0.291
L 0.394 0.291
C 0.363 0.276 0.257 0.227 0.257 0.139
Z
