M 0.031 0.4
C 0.031 0.412 0.036 0.43 0.066 0.43
L 0.19 0.43
C 0.224 0.43 0.222 0.4 0.222 0.391
L 0.222 0.355
C 0.268 0.406 0.324 0.436 0.392 0.436
C 0.469 0.436 0.487 0.398 0.487 0.373
C 0.487 0.348 0.469 0.33 0.445 0.33
C 0.42 0.33 0.404 0.35 0.403 0.374
L 0.393 0.374
C 0.327 0.374 0.222 0.326 0.222 0.178
L 0.222 -0.035
C 0.221 -0.104 0.259 -0.166 0.348 -0.166
C 0.388 -0.166 0.412 -0.163 0.428 -0.16
L 0.428 -0.152
C 0.428 -0.126 0.448 -0.107 0.472 -0.107
C 0.496 -0.107 0.517 -0.125 0.517 -0.151
C 0.517 -0.216 0.443 -0.228 0.352 -0.228
C 0.301 -0.228 0.258 -0.217 0.217 -0.183
C 0.15 -0.127 0.152 -0.057 0.152 -0.034
L 0.152 0.369
L 0.07 0.369
C 0.057 0.369 0.031 0.37 0.031 0.4
Z
