M 0.018 0.068
C 0.018 0.095 0.037 0.113 0.061 0.113
C 0.086 0.113 0.104 0.093 0.104 0.07
C 0.104 0.063 0.103 0.056 0.101 0.051
C 0.147 0.052 0.167 0.085 0.171 0.369
L 0.121 0.369
C 0.102 0.369 0.082 0.374 0.082 0.4
C 0.082 0.411 0.087 0.43 0.119 0.43
L 0.472 0.43
C 0.502 0.43 0.506 0.41 0.506 0.4
C 0.506 0.371 0.482 0.369 0.469 0.369
L 0.421 0.369
L 0.421 0.062
L 0.475 0.062
C 0.481 0.062 0.514 0.061 0.514 0.033
C 0.514 0.019 0.519 0.028 0.394 -0.12
C 0.387 -0.128 0.379 -0.137 0.365 -0.138
C 0.348 -0.137 0.337 -0.124 0.337 -0.11
C 0.337 -0.096 0.339 -0.097 0.421 0
L 0.315 0
C 0.308 0 0.28 0.001 0.28 0.031
C 0.28 0.06 0.304 0.062 0.317 0.062
L 0.365 0.062
L 0.365 0.369
L 0.23 0.369
C 0.227 0.101 0.209 -0.008 0.104 -0.008
C 0.039 -0.008 0.018 0.038 0.018 0.068
Z
