M 0.057 0.216
C 0.057 0.341 0.15 0.44 0.262 0.44
C 0.374 0.44 0.467 0.341 0.467 0.216
C 0.467 0.09 0.372 -0.006 0.262 -0.006
C 0.152 -0.006 0.057 0.089 0.057 0.216
Z
M 0.126 0.223
C 0.126 0.13 0.188 0.055 0.262 0.055
C 0.336 0.055 0.398 0.13 0.398 0.223
C 0.398 0.314 0.334 0.379 0.262 0.379
C 0.191 0.379 0.126 0.314 0.126 0.223
Z
M 0.12 0.61
C 0.12 0.626 0.134 0.639 0.149 0.639
C 0.172 0.639 0.252 0.562 0.264 0.562
C 0.278 0.562 0.355 0.638 0.38 0.639
C 0.397 0.639 0.409 0.624 0.409 0.61
C 0.409 0.592 0.405 0.592 0.289 0.496
C 0.284 0.492 0.275 0.484 0.264 0.484
L 0.261 0.484
C 0.252 0.484 0.248 0.488 0.139 0.579
C 0.13 0.586 0.12 0.595 0.12 0.61
Z
