M 0.018 0.03
C 0.018 0.059 0.044 0.062 0.053 0.062
L 0.081 0.062
L 0.081 0.549
L 0.056 0.549
C 0.036 0.549 0.018 0.555 0.018 0.579
C 0.018 0.594 0.025 0.611 0.053 0.611
L 0.164 0.611
C 0.196 0.611 0.2 0.591 0.2 0.58
C 0.2 0.552 0.179 0.549 0.163 0.549
L 0.138 0.549
L 0.138 0.132
C 0.145 0.17 0.201 0.264 0.362 0.513
C 0.371 0.527 0.375 0.53 0.386 0.537
L 0.386 0.549
L 0.36 0.549
C 0.34 0.549 0.323 0.555 0.323 0.579
C 0.323 0.594 0.33 0.611 0.358 0.611
L 0.469 0.611
C 0.501 0.611 0.505 0.591 0.505 0.58
C 0.505 0.555 0.488 0.549 0.468 0.549
L 0.442 0.549
L 0.442 0.062
L 0.471 0.062
C 0.509 0.062 0.511 0.041 0.511 0.029
L 0.511 -0.128
C 0.511 -0.133 0.511 -0.138 0.51 -0.143
C 0.506 -0.159 0.492 -0.166 0.483 -0.166
C 0.475 -0.166 0.456 -0.162 0.455 -0.133
L 0.455 0
L 0.358 0
C 0.326 0 0.323 0.02 0.323 0.031
C 0.323 0.049 0.333 0.062 0.36 0.062
L 0.386 0.062
L 0.386 0.455
L 0.385 0.479
C 0.378 0.441 0.31 0.329 0.161 0.098
C 0.152 0.084 0.149 0.081 0.138 0.074
L 0.138 0.062
L 0.163 0.062
C 0.183 0.062 0.2 0.055 0.2 0.031
C 0.2 0.012 0.19 0 0.164 0
L 0.053 0
C 0.022 0 0.018 0.019 0.018 0.03
Z
M 0.11 0.756
C 0.11 0.763 0.111 0.765 0.112 0.77
C 0.11 0.775 0.11 0.781 0.11 0.787
C 0.11 0.812 0.129 0.837 0.159 0.837
C 0.185 0.837 0.209 0.816 0.209 0.787
C 0.209 0.778 0.208 0.759 0.186 0.744
C 0.208 0.738 0.235 0.737 0.262 0.737
L 0.266 0.737
C 0.292 0.737 0.318 0.737 0.338 0.744
C 0.321 0.755 0.314 0.771 0.314 0.787
C 0.314 0.812 0.333 0.837 0.364 0.837
C 0.389 0.837 0.413 0.816 0.413 0.787
C 0.413 0.78 0.413 0.776 0.411 0.77
C 0.413 0.763 0.413 0.762 0.413 0.756
C 0.413 0.746 0.41 0.725 0.392 0.707
C 0.364 0.679 0.315 0.673 0.261 0.673
C 0.193 0.673 0.11 0.685 0.11 0.756
Z
