M 0.059 0.336
C 0.059 0.36 0.079 0.366 0.095 0.374
C 0.331 0.489 0.395 0.508 0.395 0.567
C 0.395 0.629 0.311 0.644 0.235 0.644
C 0.18 0.644 0.159 0.637 0.143 0.63
C 0.146 0.624 0.148 0.617 0.148 0.609
C 0.148 0.584 0.129 0.565 0.104 0.565
C 0.079 0.565 0.059 0.584 0.059 0.612
C 0.059 0.623 0.061 0.653 0.094 0.677
C 0.114 0.691 0.147 0.705 0.244 0.705
C 0.43 0.705 0.465 0.622 0.465 0.566
C 0.465 0.469 0.371 0.44 0.219 0.367
L 0.395 0.367
L 0.395 0.379
C 0.395 0.412 0.418 0.414 0.43 0.414
L 0.433 0.414
C 0.459 0.414 0.465 0.397 0.465 0.378
L 0.465 0.339
C 0.466 0.313 0.45 0.305 0.428 0.305
L 0.097 0.305
C 0.077 0.305 0.059 0.311 0.059 0.336
Z
