M 0.042 -0.11
C 0.042 -0.1 0.043 -0.1 0.126 0.043
C 0.072 0.085 0.044 0.15 0.044 0.215
C 0.044 0.341 0.144 0.439 0.262 0.439
C 0.3 0.439 0.322 0.43 0.346 0.422
C 0.352 0.434 0.36 0.445 0.415 0.541
C 0.423 0.554 0.429 0.571 0.449 0.571
C 0.463 0.571 0.481 0.559 0.481 0.541
C 0.481 0.521 0.431 0.451 0.399 0.389
C 0.452 0.345 0.479 0.28 0.479 0.215
C 0.479 0.09 0.379 -0.005 0.262 -0.005
C 0.234 -0.005 0.205 0 0.179 0.011
C 0.093 -0.138 0.096 -0.14 0.075 -0.14
C 0.06 -0.14 0.042 -0.129 0.042 -0.11
Z
M 0.101 0.215
C 0.101 0.175 0.115 0.131 0.157 0.095
L 0.315 0.368
C 0.3 0.373 0.283 0.377 0.262 0.377
C 0.178 0.377 0.101 0.31 0.101 0.215
Z
M 0.21 0.065
C 0.225 0.06 0.243 0.056 0.261 0.056
C 0.354 0.056 0.423 0.131 0.423 0.215
C 0.423 0.275 0.394 0.312 0.369 0.337
L 0.368 0.337
Z
