M 0.029 0.376
C 0.029 0.398 0.049 0.436 0.093 0.436
C 0.161 0.436 0.208 0.373 0.264 0.21
C 0.276 0.248 0.291 0.281 0.308 0.315
C 0.318 0.335 0.362 0.436 0.444 0.436
C 0.467 0.436 0.48 0.419 0.48 0.402
C 0.48 0.368 0.442 0.369 0.439 0.368
C 0.399 0.36 0.374 0.301 0.356 0.263
C 0.324 0.194 0.296 0.112 0.296 0.01
L 0.296 -0.132
C 0.296 -0.14 0.298 -0.177 0.262 -0.177
C 0.245 -0.177 0.233 -0.165 0.23 -0.152
C 0.228 -0.145 0.229 -0.137 0.229 -0.13
L 0.229 -0.012
C 0.229 0.102 0.208 0.181 0.169 0.273
C 0.148 0.323 0.128 0.361 0.096 0.368
C 0.095 0.366 0.091 0.346 0.064 0.346
C 0.037 0.346 0.029 0.362 0.029 0.376
Z
