M 0.085 0.414
C 0.085 0.436 0.099 0.446 0.113 0.446
C 0.166 0.446 0.115 0.364 0.192 0.298
C 0.207 0.286 0.238 0.269 0.261 0.253
L 0.262 0.253
C 0.299 0.275 0.369 0.321 0.369 0.423
C 0.369 0.563 0.31 0.538 0.31 0.582
C 0.311 0.603 0.327 0.616 0.344 0.616
C 0.364 0.616 0.439 0.577 0.439 0.423
C 0.439 0.299 0.351 0.238 0.32 0.216
C 0.366 0.19 0.414 0.161 0.414 0.103
C 0.414 0.035 0.346 -0.011 0.262 -0.011
C 0.178 -0.011 0.11 0.035 0.11 0.106
C 0.11 0.154 0.14 0.197 0.198 0.225
L 0.198 0.226
C 0.182 0.235 0.165 0.246 0.151 0.259
C 0.106 0.301 0.085 0.36 0.085 0.414
Z
M 0.18 0.106
C 0.18 0.072 0.218 0.051 0.262 0.051
C 0.304 0.051 0.344 0.074 0.344 0.108
C 0.344 0.14 0.315 0.152 0.274 0.178
C 0.269 0.181 0.265 0.184 0.26 0.184
C 0.25 0.184 0.18 0.155 0.18 0.106
Z
