M 0.012 0.031
C 0.012 0.06 0.036 0.062 0.047 0.062
L 0.086 0.062
L 0.086 0.369
L 0.051 0.369
C 0.036 0.369 0.012 0.37 0.012 0.4
C 0.012 0.429 0.038 0.43 0.047 0.43
L 0.18 0.43
C 0.199 0.43 0.216 0.424 0.216 0.399
C 0.216 0.37 0.191 0.369 0.181 0.369
L 0.142 0.369
L 0.142 0.292
L 0.202 0.292
L 0.202 0.327
C 0.202 0.335 0.201 0.366 0.232 0.366
C 0.265 0.366 0.262 0.336 0.262 0.327
L 0.262 0.292
L 0.276 0.292
C 0.292 0.292 0.29 0.296 0.354 0.369
L 0.337 0.369
C 0.33 0.369 0.303 0.37 0.303 0.4
C 0.303 0.412 0.308 0.43 0.34 0.43
L 0.457 0.43
C 0.476 0.43 0.492 0.424 0.492 0.399
C 0.492 0.369 0.467 0.369 0.457 0.369
L 0.428 0.369
L 0.337 0.263
L 0.337 0.262
L 0.462 0.062
L 0.475 0.062
C 0.507 0.062 0.511 0.042 0.511 0.031
C 0.511 0.016 0.504 0 0.476 0
L 0.371 0
C 0.345 0 0.336 0.014 0.336 0.029
C 0.336 0.044 0.343 0.062 0.372 0.062
L 0.387 0.062
L 0.281 0.232
L 0.262 0.232
L 0.262 0.188
C 0.262 0.175 0.26 0.152 0.232 0.152
C 0.202 0.152 0.202 0.176 0.202 0.192
L 0.202 0.232
L 0.142 0.232
L 0.142 0.062
L 0.177 0.062
C 0.192 0.062 0.216 0.061 0.216 0.031
C 0.216 0.006 0.199 0 0.18 0
L 0.048 0
C 0.038 0 0.012 0.001 0.012 0.031
Z
