M 0.013 0.077
C 0.013 0.121 0.045 0.127 0.058 0.127
C 0.077 0.127 0.089 0.117 0.097 0.105
C 0.103 0.164 0.104 0.23 0.105 0.293
L 0.105 0.308
L 0.106 0.324
L 0.106 0.417
C 0.106 0.44 0.107 0.441 0.107 0.476
L 0.107 0.549
L 0.095 0.549
C 0.069 0.549 0.06 0.564 0.06 0.579
C 0.06 0.609 0.086 0.611 0.096 0.611
L 0.324 0.611
C 0.347 0.61 0.357 0.596 0.357 0.581
C 0.357 0.552 0.334 0.549 0.32 0.549
L 0.313 0.549
L 0.313 0.348
L 0.387 0.348
C 0.472 0.348 0.497 0.241 0.497 0.175
C 0.497 0.114 0.475 0 0.386 0
L 0.235 0
C 0.222 0 0.199 0.002 0.199 0.031
C 0.199 0.059 0.221 0.062 0.236 0.062
L 0.243 0.062
L 0.243 0.549
L 0.163 0.549
C 0.163 0.524 0.164 0.498 0.164 0.473
C 0.164 0.438 0.163 0.438 0.163 0.414
L 0.163 0.321
L 0.162 0.307
L 0.162 0.291
C 0.156 0.092 0.157 -0.011 0.074 -0.011
C 0.025 -0.011 0.013 0.031 0.013 0.077
Z
M 0.313 0.062
L 0.373 0.062
C 0.416 0.062 0.427 0.125 0.427 0.174
C 0.427 0.226 0.417 0.287 0.373 0.287
L 0.313 0.287
L 0.313 0.062
Z
