M -0.021 0.189
C -0.021 0.198 -0.016 0.219 0.017 0.22
L 0.098 0.22
L 0.098 0.309
L 0.016 0.309
C -0.017 0.309 -0.021 0.331 -0.021 0.339
C -0.021 0.348 -0.016 0.369 0.017 0.37
L 0.098 0.37
L 0.098 0.549
L 0.073 0.549
C 0.053 0.549 0.035 0.555 0.035 0.581
C 0.035 0.593 0.04 0.611 0.072 0.611
L 0.146 0.611
C 0.186 0.611 0.192 0.586 0.198 0.569
L 0.268 0.37
L 0.37 0.37
L 0.37 0.549
L 0.343 0.549
C 0.334 0.549 0.308 0.55 0.308 0.58
C 0.308 0.595 0.315 0.611 0.343 0.611
L 0.454 0.611
C 0.482 0.611 0.49 0.596 0.49 0.58
C 0.49 0.551 0.466 0.549 0.452 0.549
L 0.427 0.549
L 0.427 0.37
L 0.508 0.37
C 0.542 0.369 0.546 0.347 0.546 0.339
C 0.546 0.331 0.541 0.309 0.509 0.309
L 0.427 0.309
L 0.427 0.22
L 0.508 0.22
C 0.541 0.219 0.546 0.198 0.546 0.189
C 0.546 0.18 0.541 0.158 0.509 0.158
L 0.427 0.158
L 0.427 0.037
C 0.428 0 0.403 0 0.389 0
L 0.379 0
C 0.344 0 0.336 0.016 0.328 0.038
L 0.286 0.158
L 0.155 0.158
L 0.155 0.062
L 0.182 0.062
C 0.191 0.062 0.218 0.061 0.218 0.031
C 0.218 0.004 0.198 0 0.182 0
L 0.071 0
C 0.043 0 0.035 0.015 0.035 0.031
C 0.035 0.056 0.053 0.062 0.073 0.062
L 0.098 0.062
L 0.098 0.158
L 0.016 0.158
C -0.017 0.158 -0.021 0.181 -0.021 0.189
Z
M 0.155 0.22
L 0.264 0.22
L 0.234 0.309
L 0.155 0.309
L 0.155 0.22
Z
M 0.155 0.37
L 0.212 0.37
L 0.165 0.51
L 0.155 0.541
L 0.155 0.37
Z
M 0.289 0.309
L 0.32 0.22
L 0.37 0.22
L 0.37 0.309
L 0.289 0.309
Z
M 0.342 0.158
L 0.37 0.07
L 0.37 0.158
L 0.342 0.158
Z
