M 0.013 0.526
C 0.013 0.531 0.015 0.545 0.036 0.545
L 0.111 0.545
C 0.126 0.545 0.133 0.536 0.133 0.527
C 0.133 0.519 0.128 0.508 0.11 0.508
L 0.092 0.508
L 0.157 0.316
L 0.222 0.508
L 0.204 0.508
C 0.188 0.508 0.181 0.518 0.181 0.527
C 0.181 0.544 0.195 0.545 0.201 0.545
L 0.278 0.545
C 0.294 0.545 0.3 0.537 0.3 0.528
C 0.3 0.522 0.298 0.508 0.277 0.508
L 0.258 0.508
C 0.182 0.284 0.19 0.284 0.156 0.284
C 0.134 0.284 0.13 0.291 0.123 0.311
L 0.056 0.508
L 0.037 0.508
C 0.021 0.508 0.013 0.517 0.013 0.526
Z
