M 0.065 0.558
C 0.065 0.615 0.103 0.7 0.277 0.7
C 0.427 0.7 0.458 0.637 0.458 0.595
C 0.458 0.562 0.434 0.548 0.414 0.548
C 0.391 0.548 0.37 0.565 0.37 0.591
C 0.37 0.604 0.373 0.609 0.376 0.617
C 0.36 0.628 0.333 0.638 0.275 0.638
C 0.247 0.637 0.183 0.636 0.152 0.602
C 0.142 0.59 0.135 0.575 0.135 0.559
C 0.135 0.488 0.28 0.482 0.293 0.478
C 0.301 0.475 0.313 0.467 0.313 0.446
L 0.313 0.38
C 0.313 0.365 0.311 0.346 0.278 0.344
L 0.277 0.344
C 0.245 0.344 0.243 0.363 0.243 0.38
L 0.243 0.423
C 0.207 0.429 0.065 0.45 0.065 0.558
Z
