M 0.045 0.03
C 0.045 0.044 0.052 0.061 0.079 0.062
L 0.139 0.062
L 0.139 0.549
L 0.082 0.549
C 0.068 0.549 0.045 0.552 0.045 0.58
C 0.045 0.61 0.07 0.611 0.08 0.611
L 0.41 0.611
L 0.41 0.741
C 0.41 0.755 0.412 0.778 0.443 0.778
C 0.444 0.778 0.444 0.777 0.445 0.777
L 0.447 0.777
C 0.481 0.777 0.48 0.749 0.48 0.74
L 0.48 0.587
C 0.48 0.549 0.46 0.549 0.44 0.549
L 0.209 0.549
L 0.209 0.062
L 0.292 0.062
C 0.32 0.062 0.327 0.045 0.327 0.031
C 0.327 0.015 0.32 0 0.291 0
L 0.081 0
C 0.05 0 0.045 0.019 0.045 0.03
Z
