M 0.034 0.247
C 0.034 0.259 0.043 0.274 0.061 0.277
C 0.068 0.278 0.074 0.278 0.081 0.278
L 0.447 0.278
C 0.458 0.278 0.466 0.278 0.474 0.273
C 0.483 0.267 0.489 0.257 0.489 0.247
C 0.489 0.237 0.485 0.216 0.45 0.216
L 0.071 0.216
C 0.038 0.216 0.034 0.239 0.034 0.247
Z
M 0.063 0.445
C 0.063 0.498 0.119 0.529 0.325 0.533
L 0.325 0.539
C 0.325 0.589 0.297 0.641 0.222 0.641
C 0.208 0.641 0.195 0.639 0.181 0.638
L 0.181 0.629
C 0.181 0.599 0.158 0.583 0.137 0.583
C 0.115 0.583 0.093 0.6 0.093 0.629
C 0.093 0.688 0.151 0.703 0.224 0.703
C 0.317 0.703 0.395 0.641 0.395 0.538
L 0.395 0.413
C 0.397 0.411 0.436 0.409 0.457 0.409
L 0.472 0.409
C 0.5 0.409 0.508 0.393 0.508 0.378
C 0.508 0.366 0.503 0.347 0.473 0.347
L 0.451 0.347
C 0.353 0.347 0.343 0.361 0.331 0.376
C 0.289 0.349 0.243 0.342 0.205 0.342
C 0.126 0.342 0.063 0.383 0.063 0.445
Z
M 0.133 0.445
C 0.139 0.412 0.18 0.403 0.214 0.403
C 0.245 0.403 0.322 0.413 0.325 0.473
C 0.325 0.473 0.179 0.472 0.133 0.445
Z
