M 0.017 0.506
C 0.017 0.535 0.041 0.537 0.054 0.537
L 0.102 0.537
L 0.102 0.549
L 0.058 0.549
C 0.04 0.549 0.018 0.551 0.018 0.582
C 0.018 0.597 0.027 0.611 0.052 0.611
L 0.122 0.611
C 0.161 0.611 0.159 0.586 0.159 0.572
L 0.159 0.537
L 0.188 0.537
C 0.198 0.537 0.224 0.536 0.224 0.506
C 0.224 0.476 0.198 0.475 0.188 0.475
L 0.159 0.475
L 0.159 0.217
L 0.328 0.369
L 0.313 0.369
C 0.282 0.369 0.278 0.389 0.278 0.399
C 0.278 0.415 0.286 0.43 0.316 0.43
L 0.45 0.43
C 0.46 0.43 0.487 0.43 0.487 0.4
C 0.487 0.385 0.481 0.369 0.452 0.369
L 0.432 0.369
C 0.414 0.367 0.419 0.372 0.397 0.353
L 0.285 0.254
C 0.335 0.192 0.43 0.073 0.435 0.068
C 0.441 0.062 0.444 0.062 0.458 0.062
L 0.472 0.062
C 0.5 0.062 0.508 0.047 0.508 0.031
C 0.508 0.006 0.491 0 0.471 0
L 0.353 0
C 0.323 0 0.316 0.017 0.316 0.031
C 0.316 0.047 0.325 0.062 0.351 0.062
L 0.366 0.062
L 0.243 0.216
L 0.242 0.216
L 0.159 0.141
L 0.159 0.062
L 0.207 0.062
C 0.218 0.062 0.244 0.061 0.244 0.031
C 0.244 0.006 0.227 0 0.207 0
L 0.054 0
C 0.022 0 0.018 0.019 0.018 0.03
C 0.018 0.06 0.04 0.062 0.054 0.062
L 0.102 0.062
L 0.102 0.475
L 0.054 0.475
C 0.04 0.475 0.017 0.477 0.017 0.506
Z
