M 0.053 0.029
C 0.053 0.035 0.056 0.057 0.088 0.057
L 0.105 0.057
L 0.105 0.374
L 0.086 0.374
C 0.059 0.374 0.053 0.391 0.053 0.402
C 0.053 0.416 0.063 0.43 0.087 0.43
L 0.449 0.43
C 0.484 0.43 0.485 0.406 0.485 0.393
C 0.485 0.391 0.484 0.389 0.484 0.387
L 0.484 0.351
C 0.484 0.348 0.485 0.346 0.485 0.343
C 0.485 0.314 0.469 0.307 0.452 0.307
L 0.448 0.307
C 0.413 0.307 0.415 0.336 0.415 0.345
L 0.415 0.374
L 0.175 0.374
L 0.175 0.244
L 0.305 0.244
C 0.305 0.262 0.304 0.284 0.342 0.284
C 0.377 0.284 0.375 0.255 0.375 0.244
L 0.375 0.183
C 0.375 0.169 0.373 0.146 0.342 0.146
L 0.337 0.146
C 0.303 0.146 0.305 0.176 0.305 0.186
L 0.175 0.186
L 0.175 0.057
L 0.205 0.057
C 0.235 0.057 0.24 0.039 0.24 0.028
C 0.24 0.02 0.237 0 0.205 0
L 0.088 0
C 0.057 0 0.053 0.017 0.053 0.029
Z
