M 0.016 0.031
C 0.016 0.059 0.041 0.062 0.051 0.062
L 0.089 0.062
L 0.201 0.2
C 0.076 0.224 0.067 0.293 0.067 0.316
C 0.067 0.362 0.101 0.43 0.262 0.43
L 0.477 0.43
C 0.506 0.43 0.512 0.411 0.512 0.399
C 0.512 0.369 0.488 0.369 0.473 0.369
L 0.425 0.369
L 0.425 0.062
L 0.473 0.062
C 0.488 0.062 0.512 0.06 0.512 0.031
C 0.512 0.012 0.501 0 0.475 0
L 0.303 0
C 0.286 0 0.268 0.005 0.268 0.031
C 0.268 0.061 0.291 0.062 0.306 0.062
L 0.355 0.062
L 0.355 0.194
L 0.269 0.194
L 0.161 0.062
L 0.176 0.062
C 0.202 0.062 0.212 0.047 0.212 0.032
C 0.212 0.005 0.193 0 0.174 0
L 0.052 0
C 0.033 0 0.016 0.006 0.016 0.031
Z
M 0.137 0.317
C 0.137 0.292 0.162 0.254 0.314 0.254
L 0.355 0.254
L 0.355 0.369
L 0.283 0.369
C 0.22 0.369 0.137 0.359 0.137 0.317
Z
