M 0.003 0.772
C 0.003 0.79 0.019 0.807 0.037 0.807
C 0.047 0.807 0.06 0.802 0.147 0.772
C 0.152 0.804 0.174 0.807 0.182 0.807
C 0.188 0.807 0.192 0.805 0.334 0.757
C 0.348 0.752 0.364 0.745 0.364 0.727
C 0.364 0.719 0.358 0.686 0.332 0.686
C 0.321 0.686 0.309 0.691 0.22 0.722
C 0.219 0.717 0.213 0.686 0.187 0.686
L 0.186 0.686
C 0.181 0.686 0.177 0.688 0.035 0.736
C 0.019 0.741 0.003 0.75 0.003 0.772
Z
M 0.016 0.579
C 0.016 0.604 0.034 0.611 0.051 0.611
L 0.152 0.611
C 0.18 0.611 0.188 0.596 0.188 0.58
C 0.188 0.565 0.181 0.549 0.153 0.549
L 0.138 0.549
C 0.141 0.539 0.224 0.172 0.235 0.07
C 0.236 0.097 0.244 0.157 0.321 0.504
C 0.329 0.542 0.336 0.569 0.367 0.596
C 0.393 0.618 0.42 0.622 0.433 0.622
C 0.478 0.622 0.506 0.584 0.506 0.548
C 0.506 0.52 0.486 0.503 0.462 0.503
C 0.436 0.503 0.417 0.521 0.417 0.547
C 0.417 0.55 0.418 0.554 0.418 0.557
C 0.398 0.541 0.401 0.532 0.394 0.505
L 0.287 0.028
C 0.28 -0.001 0.269 -0.008 0.243 -0.008
L 0.224 -0.008
C 0.189 -0.008 0.186 0.015 0.181 0.035
L 0.066 0.549
L 0.052 0.549
C 0.026 0.549 0.016 0.562 0.016 0.579
Z
