M 0.004 0.342
L 0.004 0.393
C 0.004 0.409 0.005 0.43 0.041 0.43
L 0.256 0.43
C 0.289 0.43 0.29 0.408 0.29 0.391
L 0.29 0.338
C 0.29 0.33 0.291 0.301 0.257 0.301
L 0.255 0.301
C 0.219 0.301 0.22 0.327 0.22 0.34
L 0.22 0.369
L 0.175 0.369
L 0.175 0.062
L 0.389 0.062
L 0.389 0.369
L 0.358 0.369
C 0.348 0.369 0.32 0.369 0.32 0.399
C 0.32 0.409 0.324 0.43 0.356 0.43
L 0.478 0.43
C 0.491 0.43 0.515 0.428 0.515 0.4
C 0.515 0.371 0.49 0.369 0.48 0.369
L 0.446 0.369
L 0.446 0.062
L 0.482 0.062
C 0.51 0.062 0.522 0.057 0.522 0.025
L 0.522 -0.102
C 0.522 -0.135 0.503 -0.138 0.494 -0.138
C 0.483 -0.138 0.473 -0.131 0.468 -0.121
C 0.465 -0.114 0.465 -0.105 0.465 -0.097
L 0.465 0
L 0.088 0
C 0.067 0 0.049 0.006 0.049 0.031
C 0.049 0.06 0.076 0.062 0.086 0.062
L 0.119 0.062
L 0.119 0.369
L 0.074 0.369
L 0.074 0.343
C 0.074 0.325 0.075 0.301 0.037 0.301
L 0.036 0.301
C 0.001 0.301 0.004 0.333 0.004 0.342
Z
