M 0.012 0.4
C 0.012 0.431 0.037 0.431 0.053 0.431
L 0.126 0.431
C 0.16 0.431 0.166 0.421 0.166 0.39
L 0.166 0.12
C 0.166 0.088 0.166 0.055 0.245 0.055
C 0.277 0.055 0.358 0.067 0.358 0.157
L 0.358 0.37
L 0.313 0.37
C 0.299 0.37 0.273 0.37 0.273 0.4
C 0.273 0.431 0.298 0.431 0.314 0.431
L 0.387 0.431
C 0.421 0.431 0.427 0.421 0.427 0.39
L 0.427 0.061
L 0.472 0.061
C 0.486 0.061 0.512 0.061 0.512 0.031
C 0.512 0 0.487 0 0.471 0
L 0.398 0
C 0.38 0 0.359 0 0.358 0.032
C 0.321 0.004 0.28 -0.006 0.239 -0.006
C 0.166 -0.006 0.097 0.018 0.097 0.114
L 0.097 0.37
L 0.052 0.37
C 0.038 0.37 0.012 0.37 0.012 0.4
Z
M 0.1 0.527
C 0.1 0.543 0.111 0.55 0.122 0.557
C 0.247 0.64 0.25 0.644 0.262 0.644
L 0.263 0.644
C 0.273 0.644 0.274 0.643 0.402 0.558
C 0.41 0.553 0.425 0.544 0.425 0.526
C 0.425 0.514 0.41 0.488 0.39 0.488
L 0.388 0.488
C 0.367 0.488 0.277 0.568 0.262 0.568
C 0.255 0.568 0.249 0.562 0.231 0.549
C 0.16 0.498 0.149 0.488 0.135 0.488
C 0.115 0.488 0.1 0.513 0.1 0.527
Z
