M 0.11 0.619
C 0.11 0.661 0.153 0.694 0.209 0.694
C 0.271 0.694 0.311 0.651 0.35 0.651
C 0.404 0.651 0.374 0.694 0.417 0.694
L 0.419 0.694
C 0.437 0.694 0.45 0.683 0.45 0.665
C 0.45 0.62 0.403 0.59 0.35 0.59
C 0.289 0.59 0.247 0.632 0.209 0.632
C 0.155 0.632 0.186 0.59 0.143 0.59
L 0.141 0.59
C 0.123 0.59 0.11 0.601 0.11 0.619
Z
M 0.225 0.53
C 0.225 0.562 0.254 0.584 0.279 0.584
C 0.298 0.584 0.311 0.569 0.311 0.553
C 0.311 0.544 0.306 0.534 0.296 0.526
L 0.296 0.525
C 0.298 0.523 0.311 0.515 0.311 0.501
C 0.311 0.493 0.305 0.474 0.282 0.474
C 0.247 0.474 0.225 0.502 0.225 0.53
Z
M 0.019 0.403
C 0.019 0.415 0.028 0.442 0.061 0.442
C 0.092 0.442 0.141 0.426 0.169 0.362
C 0.199 0.409 0.25 0.442 0.304 0.442
C 0.375 0.442 0.482 0.382 0.482 0.2
L 0.482 -0.193
C 0.482 -0.229 0.458 -0.233 0.448 -0.233
C 0.438 -0.233 0.415 -0.229 0.415 -0.193
L 0.415 0.203
C 0.415 0.335 0.346 0.374 0.304 0.374
C 0.281 0.374 0.194 0.35 0.194 0.204
L 0.194 0.036
C 0.193 0.026 0.196 -0.011 0.161 -0.011
C 0.146 -0.011 0.131 -0.001 0.128 0.015
C 0.127 0.022 0.127 0.03 0.127 0.037
L 0.127 0.203
C 0.127 0.333 0.093 0.373 0.07 0.373
C 0.064 0.373 0.058 0.37 0.051 0.37
C 0.035 0.37 0.019 0.385 0.019 0.403
Z
