M -0.011 0.499
C -0.011 0.512 -0.003 0.519 0.049 0.591
C 0.059 0.605 0.067 0.611 0.08 0.611
C 0.097 0.611 0.114 0.598 0.114 0.578
C 0.114 0.56 0.102 0.553 0.046 0.492
C 0.034 0.48 0.028 0.473 0.016 0.473
C 0.002 0.473 -0.011 0.483 -0.011 0.499
Z
M -0.011 0.499
C -0.011 0.512 -0.003 0.519 0.049 0.591
C 0.059 0.605 0.067 0.611 0.08 0.611
C 0.097 0.611 0.114 0.598 0.114 0.578
C 0.114 0.56 0.102 0.553 0.046 0.492
C 0.034 0.48 0.028 0.473 0.016 0.473
C 0.002 0.473 -0.011 0.483 -0.011 0.499
Z
M 0.156 0.031
C 0.156 0.061 0.179 0.062 0.19 0.062
L 0.305 0.062
L 0.305 0.577
L 0.191 0.577
C 0.18 0.577 0.156 0.578 0.156 0.608
C 0.156 0.622 0.163 0.639 0.19 0.639
L 0.49 0.639
C 0.499 0.639 0.523 0.638 0.523 0.608
C 0.523 0.584 0.507 0.577 0.487 0.577
L 0.375 0.577
L 0.375 0.062
L 0.487 0.062
C 0.507 0.062 0.523 0.055 0.523 0.031
C 0.523 0.002 0.499 0 0.491 0
L 0.19 0
C 0.163 0.001 0.156 0.017 0.156 0.031
Z
