M -0.052 -0.003
C -0.052 0.017 -0.033 0.031 0.04 0.103
C 0.005 0.149 -0.019 0.207 -0.019 0.277
C -0.019 0.345 0.003 0.402 0.04 0.451
C -0.047 0.537 -0.052 0.539 -0.052 0.557
C -0.052 0.577 -0.034 0.591 -0.017 0.591
C 0.001 0.591 0.004 0.586 0.089 0.5
L 0.09 0.5
C 0.143 0.543 0.211 0.559 0.263 0.559
C 0.33 0.559 0.393 0.534 0.435 0.5
L 0.437 0.5
C 0.517 0.581 0.524 0.591 0.543 0.591
C 0.56 0.591 0.577 0.577 0.577 0.557
C 0.577 0.537 0.559 0.523 0.486 0.451
C 0.523 0.402 0.545 0.345 0.545 0.277
C 0.545 0.207 0.523 0.153 0.486 0.103
C 0.576 0.014 0.577 0.014 0.577 -0.003
C 0.577 -0.023 0.56 -0.038 0.543 -0.038
C 0.525 -0.038 0.521 -0.032 0.437 0.054
L 0.435 0.054
C 0.393 0.02 0.33 -0.005 0.263 -0.005
C 0.191 -0.005 0.128 0.023 0.09 0.054
L 0.089 0.054
C 0.005 -0.031 0.001 -0.038 -0.017 -0.038
C -0.034 -0.038 -0.052 -0.023 -0.052 -0.003
Z
M 0.05 0.277
C 0.05 0.165 0.14 0.064 0.263 0.064
C 0.377 0.064 0.475 0.156 0.475 0.277
C 0.475 0.39 0.386 0.489 0.263 0.489
C 0.149 0.489 0.05 0.399 0.05 0.277
Z
