M 0.095 0.702
C 0.095 0.724 0.12 0.732 0.145 0.744
C 0.252 0.797 0.26 0.803 0.271 0.803
C 0.282 0.803 0.305 0.79 0.421 0.733
C 0.431 0.728 0.448 0.721 0.448 0.702
C 0.448 0.688 0.436 0.674 0.421 0.674
C 0.401 0.674 0.286 0.742 0.271 0.742
C 0.265 0.742 0.261 0.738 0.143 0.68
C 0.137 0.677 0.13 0.674 0.123 0.674
C 0.109 0.674 0.095 0.685 0.095 0.702
Z
M 0.027 0.031
C 0.027 0.056 0.045 0.062 0.064 0.062
L 0.086 0.062
L 0.207 0.584
C 0.214 0.615 0.225 0.623 0.252 0.623
L 0.275 0.623
C 0.299 0.623 0.311 0.609 0.315 0.589
L 0.437 0.062
L 0.459 0.062
C 0.479 0.062 0.496 0.056 0.496 0.031
C 0.496 0.016 0.49 0 0.461 0
L 0.345 0
C 0.316 0 0.309 0.016 0.309 0.031
C 0.309 0.047 0.317 0.062 0.345 0.062
L 0.365 0.062
L 0.342 0.164
L 0.182 0.164
L 0.158 0.062
L 0.179 0.062
C 0.208 0.062 0.215 0.046 0.215 0.031
C 0.215 0.015 0.207 0 0.179 0
L 0.063 0
C 0.034 0 0.027 0.016 0.027 0.031
Z
M 0.196 0.225
L 0.328 0.225
C 0.279 0.445 0.265 0.509 0.262 0.541
L 0.237 0.411
Z
M 0.227 -0.109
C 0.227 -0.083 0.248 -0.065 0.271 -0.065
C 0.298 -0.065 0.315 -0.087 0.315 -0.109
C 0.315 -0.135 0.295 -0.153 0.272 -0.153
C 0.246 -0.153 0.227 -0.131 0.227 -0.109
Z
