M 0.072 0.721
C 0.072 0.737 0.079 0.753 0.107 0.753
L 0.417 0.753
C 0.444 0.753 0.451 0.735 0.451 0.721
C 0.451 0.706 0.443 0.69 0.415 0.69
L 0.106 0.69
C 0.078 0.691 0.072 0.709 0.072 0.721
Z
M 0.213 -0.122
C 0.213 -0.093 0.237 -0.072 0.263 -0.072
C 0.289 -0.072 0.313 -0.093 0.313 -0.122
C 0.313 -0.151 0.288 -0.172 0.264 -0.172
C 0.234 -0.172 0.213 -0.149 0.213 -0.122
Z
M 0.058 0.03
C 0.058 0.061 0.083 0.061 0.099 0.061
L 0.228 0.061
L 0.228 0.55
L 0.098 0.55
C 0.084 0.55 0.058 0.55 0.058 0.58
C 0.058 0.611 0.083 0.611 0.099 0.611
L 0.257 0.611
C 0.291 0.611 0.297 0.601 0.297 0.57
L 0.297 0.061
L 0.427 0.061
C 0.443 0.061 0.467 0.061 0.467 0.03
C 0.467 0 0.442 0 0.427 0
L 0.098 0
C 0.084 0 0.058 0 0.058 0.03
Z
