M 0.061 0.448
C 0.061 0.49 0.092 0.547 0.212 0.554
L 0.212 0.566
C 0.212 0.612 0.243 0.622 0.261 0.622
C 0.287 0.622 0.308 0.603 0.311 0.578
C 0.312 0.569 0.311 0.561 0.311 0.552
C 0.394 0.545 0.462 0.508 0.462 0.446
C 0.462 0.384 0.395 0.361 0.379 0.353
C 0.342 0.335 0.31 0.308 0.305 0.293
C 0.303 0.284 0.302 0.275 0.302 0.265
C 0.302 0.253 0.303 0.24 0.303 0.229
C 0.303 0.203 0.298 0.183 0.267 0.183
L 0.241 0.183
C 0.208 0.183 0.206 0.203 0.206 0.22
L 0.206 0.235
C 0.206 0.293 0.219 0.283 0.219 0.31
C 0.219 0.328 0.215 0.456 0.213 0.492
C 0.184 0.488 0.167 0.486 0.143 0.471
C 0.147 0.462 0.15 0.456 0.15 0.446
C 0.15 0.42 0.129 0.402 0.106 0.402
C 0.082 0.402 0.061 0.419 0.061 0.448
Z
M 0.307 0.388
C 0.366 0.419 0.391 0.424 0.391 0.446
C 0.391 0.464 0.366 0.481 0.31 0.49
L 0.309 0.471
Z
M 0.211 0.05
C 0.211 0.08 0.236 0.1 0.261 0.1
C 0.291 0.1 0.311 0.075 0.311 0.05
C 0.311 0.025 0.29 0 0.261 0
C 0.231 0 0.211 0.025 0.211 0.05
Z
