M -0.002 0.306
C -0.002 0.321 0.009 0.324 0.02 0.324
L 0.032 0.324
L 0.032 0.508
L 0.019 0.508
C 0.013 0.508 -0.001 0.509 -0.002 0.526
C -0.002 0.535 0.001 0.545 0.018 0.545
L 0.045 0.545
C 0.054 0.545 0.065 0.544 0.066 0.526
C 0.084 0.542 0.103 0.549 0.119 0.549
C 0.14 0.549 0.157 0.537 0.166 0.517
C 0.186 0.538 0.209 0.549 0.229 0.549
C 0.275 0.549 0.284 0.504 0.284 0.461
L 0.284 0.324
L 0.296 0.324
C 0.312 0.324 0.318 0.315 0.318 0.306
C 0.318 0.301 0.316 0.287 0.297 0.287
L 0.241 0.287
C 0.226 0.287 0.219 0.296 0.219 0.305
C 0.219 0.315 0.224 0.324 0.241 0.324
L 0.25 0.324
L 0.25 0.459
C 0.25 0.487 0.247 0.511 0.226 0.511
C 0.208 0.511 0.175 0.496 0.175 0.427
L 0.175 0.324
L 0.187 0.324
C 0.203 0.324 0.209 0.315 0.209 0.306
C 0.209 0.301 0.207 0.287 0.188 0.287
L 0.132 0.287
C 0.117 0.287 0.11 0.296 0.11 0.305
C 0.11 0.315 0.115 0.324 0.132 0.324
L 0.141 0.324
L 0.141 0.459
C 0.141 0.487 0.138 0.511 0.117 0.511
C 0.099 0.511 0.066 0.497 0.066 0.428
L 0.066 0.324
L 0.078 0.324
C 0.086 0.324 0.099 0.323 0.099 0.306
C 0.099 0.299 0.097 0.287 0.079 0.287
L 0.019 0.287
C 0.002 0.287 -0.002 0.296 -0.002 0.306
Z
