M 0.054 0.031
C 0.054 0.043 0.059 0.062 0.091 0.062
L 0.115 0.062
L 0.115 0.366
L 0.091 0.366
C 0.073 0.366 0.054 0.371 0.054 0.397
C 0.054 0.425 0.075 0.427 0.092 0.427
L 0.213 0.427
C 0.22 0.427 0.227 0.428 0.234 0.428
C 0.358 0.428 0.403 0.355 0.403 0.306
C 0.403 0.268 0.381 0.233 0.345 0.211
C 0.368 0.188 0.378 0.17 0.378 0.133
L 0.378 0.097
C 0.378 0.06 0.389 0.052 0.395 0.052
C 0.419 0.052 0.388 0.118 0.444 0.118
L 0.446 0.118
C 0.464 0.118 0.478 0.107 0.478 0.087
C 0.478 0.049 0.457 -0.011 0.398 -0.011
C 0.368 -0.011 0.308 0.005 0.308 0.095
L 0.308 0.134
C 0.308 0.143 0.307 0.155 0.294 0.166
C 0.275 0.182 0.254 0.183 0.227 0.183
L 0.185 0.183
L 0.185 0.062
L 0.211 0.062
C 0.219 0.062 0.246 0.061 0.246 0.031
C 0.246 0.015 0.238 0 0.21 0
L 0.09 0
C 0.084 0 0.054 -0.001 0.054 0.031
Z
M 0.185 0.245
L 0.22 0.245
C 0.244 0.245 0.273 0.245 0.3 0.26
C 0.317 0.269 0.333 0.285 0.333 0.305
C 0.333 0.329 0.306 0.366 0.227 0.366
L 0.185 0.366
L 0.185 0.245
Z
M -0.075 0.236
C -0.075 0.49 0.07 0.705 0.263 0.705
C 0.447 0.705 0.6 0.501 0.6 0.236
C 0.6 -0.032 0.445 -0.233 0.264 -0.233
C 0.075 -0.233 -0.075 -0.026 -0.075 0.236
Z
M -0.005 0.237
C -0.005 0.014 0.115 -0.164 0.262 -0.164
C 0.397 -0.164 0.53 -0.002 0.53 0.235
C 0.53 0.481 0.392 0.636 0.263 0.636
C 0.128 0.636 -0.005 0.475 -0.005 0.237
Z
