M 0.154 0.727
C 0.154 0.749 0.174 0.754 0.186 0.758
C 0.327 0.806 0.326 0.807 0.336 0.807
C 0.353 0.807 0.37 0.793 0.37 0.772
C 0.37 0.75 0.354 0.741 0.338 0.736
C 0.202 0.69 0.192 0.686 0.186 0.686
C 0.16 0.686 0.154 0.718 0.154 0.727
Z
M 0.058 0.03
C 0.058 0.061 0.083 0.061 0.099 0.061
L 0.228 0.061
L 0.228 0.55
L 0.098 0.55
C 0.084 0.55 0.058 0.55 0.058 0.58
C 0.058 0.611 0.083 0.611 0.099 0.611
L 0.257 0.611
C 0.291 0.611 0.297 0.601 0.297 0.57
L 0.297 0.061
L 0.427 0.061
C 0.443 0.061 0.467 0.061 0.467 0.03
C 0.467 0 0.442 0 0.427 0
L 0.098 0
C 0.084 0 0.058 0 0.058 0.03
Z
