M 0.18 -0.217
C 0.18 -0.186 0.233 -0.207 0.25 -0.141
C 0.245 -0.142 0.241 -0.142 0.237 -0.142
C 0.211 -0.142 0.193 -0.122 0.193 -0.098
C 0.193 -0.077 0.208 -0.055 0.237 -0.055
C 0.272 -0.055 0.295 -0.087 0.295 -0.124
C 0.295 -0.2 0.226 -0.239 0.202 -0.239
C 0.19 -0.239 0.18 -0.227 0.18 -0.217
Z
M 0.025 0.4
C 0.025 0.431 0.05 0.431 0.066 0.431
L 0.153 0.431
L 0.153 0.513
C 0.153 0.533 0.153 0.554 0.188 0.554
C 0.222 0.554 0.222 0.532 0.222 0.513
L 0.222 0.431
L 0.386 0.431
C 0.402 0.431 0.426 0.431 0.426 0.4
C 0.426 0.37 0.401 0.37 0.386 0.37
L 0.222 0.37
L 0.222 0.132
C 0.222 0.107 0.222 0.055 0.299 0.055
C 0.322 0.055 0.379 0.065 0.38 0.127
C 0.38 0.144 0.381 0.165 0.414 0.165
C 0.449 0.165 0.449 0.144 0.449 0.126
C 0.449 0.037 0.368 -0.006 0.294 -0.006
C 0.221 -0.006 0.153 0.03 0.153 0.126
L 0.153 0.37
L 0.065 0.37
C 0.05 0.37 0.025 0.37 0.025 0.4
Z
