M 0.017 0.03
C 0.017 0.06 0.041 0.062 0.054 0.062
L 0.102 0.062
L 0.102 0.369
L 0.055 0.369
C 0.039 0.369 0.017 0.372 0.017 0.4
C 0.017 0.411 0.022 0.43 0.054 0.43
L 0.206 0.43
C 0.219 0.43 0.243 0.43 0.243 0.4
C 0.243 0.371 0.22 0.369 0.207 0.369
L 0.159 0.369
L 0.159 0.267
L 0.204 0.267
C 0.22 0.268 0.213 0.266 0.328 0.369
L 0.312 0.369
C 0.281 0.37 0.277 0.389 0.277 0.399
C 0.277 0.408 0.281 0.43 0.313 0.43
L 0.452 0.43
C 0.48 0.43 0.487 0.415 0.487 0.4
C 0.487 0.385 0.48 0.369 0.451 0.369
L 0.425 0.369
C 0.41 0.369 0.407 0.363 0.298 0.266
C 0.418 0.251 0.471 0.158 0.471 0.025
C 0.471 -0.126 0.378 -0.227 0.273 -0.227
C 0.172 -0.227 0.146 -0.179 0.146 -0.146
C 0.146 -0.121 0.163 -0.101 0.189 -0.101
C 0.212 -0.101 0.232 -0.118 0.232 -0.144
C 0.232 -0.149 0.231 -0.154 0.23 -0.159
C 0.244 -0.163 0.259 -0.166 0.276 -0.166
C 0.351 -0.166 0.401 -0.075 0.401 0.024
C 0.401 0.199 0.289 0.207 0.248 0.207
L 0.159 0.207
L 0.159 0.062
L 0.206 0.062
C 0.218 0.062 0.244 0.061 0.244 0.031
C 0.244 0.006 0.226 0 0.206 0
L 0.056 0
C 0.042 0 0.017 0.001 0.017 0.03
Z
