M 0.011 0.4
C 0.011 0.429 0.036 0.43 0.046 0.43
L 0.127 0.43
C 0.163 0.43 0.166 0.411 0.166 0.394
L 0.166 0.388
C 0.202 0.418 0.242 0.436 0.293 0.436
C 0.397 0.436 0.488 0.342 0.488 0.216
C 0.488 0.086 0.389 -0.005 0.283 -0.005
C 0.232 -0.005 0.198 0.014 0.166 0.045
L 0.166 0.038
C 0.166 0.022 0.164 0 0.134 0
L 0.131 0
C 0.094 0 0.096 0.028 0.096 0.038
L 0.096 0.369
L 0.049 0.369
C 0.035 0.369 0.011 0.371 0.011 0.4
Z
M 0.166 0.185
C 0.166 0.151 0.198 0.056 0.278 0.056
C 0.349 0.056 0.418 0.12 0.418 0.216
C 0.418 0.304 0.359 0.374 0.288 0.374
C 0.219 0.374 0.166 0.315 0.166 0.268
L 0.166 0.185
Z
