M 0.016 0.58
C 0.016 0.595 0.023 0.611 0.051 0.611
L 0.153 0.611
C 0.181 0.611 0.188 0.596 0.188 0.58
C 0.188 0.565 0.182 0.549 0.154 0.549
L 0.138 0.549
C 0.138 0.549 0.223 0.174 0.235 0.07
C 0.236 0.097 0.245 0.157 0.322 0.504
C 0.33 0.542 0.336 0.569 0.367 0.596
C 0.393 0.618 0.421 0.622 0.434 0.622
C 0.479 0.622 0.506 0.584 0.506 0.548
C 0.506 0.52 0.486 0.503 0.462 0.503
C 0.436 0.503 0.417 0.521 0.417 0.547
C 0.417 0.55 0.418 0.554 0.418 0.557
C 0.398 0.541 0.401 0.532 0.394 0.505
L 0.288 0.028
C 0.281 -0.001 0.269 -0.008 0.243 -0.008
L 0.225 -0.008
C 0.19 -0.008 0.186 0.015 0.181 0.035
L 0.066 0.549
L 0.052 0.549
C 0.02 0.549 0.016 0.569 0.016 0.58
Z
