M 0.012 0.03
C 0.012 0.061 0.037 0.061 0.053 0.061
L 0.097 0.061
L 0.097 0.55
L 0.052 0.55
C 0.038 0.55 0.012 0.55 0.012 0.58
C 0.012 0.611 0.037 0.611 0.053 0.611
L 0.126 0.611
C 0.16 0.611 0.166 0.601 0.166 0.57
L 0.166 0.384
C 0.185 0.403 0.23 0.437 0.297 0.437
C 0.376 0.437 0.427 0.394 0.427 0.293
L 0.427 0.061
L 0.471 0.061
C 0.487 0.061 0.512 0.061 0.512 0.03
C 0.512 0 0.486 0 0.472 0
L 0.319 0
C 0.305 0 0.278 0 0.278 0.03
C 0.278 0.061 0.303 0.061 0.319 0.061
L 0.358 0.061
L 0.358 0.288
C 0.358 0.348 0.344 0.376 0.291 0.376
C 0.24 0.376 0.166 0.338 0.166 0.238
L 0.166 0.061
L 0.21 0.061
C 0.226 0.061 0.251 0.061 0.251 0.03
C 0.251 0 0.225 0 0.211 0
L 0.052 0
C 0.038 0 0.012 0 0.012 0.03
Z
M 0.085 -0.087
C 0.085 -0.068 0.099 -0.056 0.116 -0.056
C 0.146 -0.056 0.147 -0.086 0.148 -0.091
C 0.158 -0.13 0.238 -0.132 0.261 -0.132
C 0.299 -0.132 0.359 -0.126 0.373 -0.097
C 0.377 -0.088 0.374 -0.056 0.407 -0.056
C 0.425 -0.056 0.438 -0.068 0.438 -0.087
C 0.438 -0.131 0.401 -0.197 0.262 -0.197
C 0.122 -0.197 0.085 -0.131 0.085 -0.087
Z
