M -0.035 -0.166
C -0.035 -0.154 -0.003 -0.009 0.157 0.091
C 0.154 0.106 0.152 0.123 0.152 0.141
L 0.152 0.369
L 0.06 0.369
C 0.035 0.369 0.025 0.383 0.025 0.398
C 0.025 0.408 0.029 0.43 0.061 0.43
L 0.152 0.43
L 0.152 0.519
C 0.152 0.532 0.155 0.554 0.187 0.554
L 0.188 0.554
C 0.216 0.554 0.222 0.538 0.222 0.518
L 0.222 0.43
L 0.391 0.43
C 0.401 0.43 0.427 0.429 0.427 0.399
C 0.427 0.374 0.41 0.369 0.39 0.369
L 0.222 0.369
L 0.222 0.128
C 0.252 0.141 0.302 0.164 0.356 0.164
C 0.423 0.164 0.467 0.129 0.467 0.077
C 0.467 0.005 0.387 -0.005 0.325 -0.005
C 0.246 -0.005 0.214 0.016 0.194 0.032
L 0.193 0.032
C -0.006 -0.106 0.068 -0.195 0.001 -0.195
C -0.031 -0.195 -0.035 -0.174 -0.035 -0.166
Z
M 0.262 0.068
C 0.282 0.061 0.299 0.056 0.333 0.056
C 0.375 0.056 0.397 0.068 0.397 0.079
C 0.397 0.087 0.384 0.095 0.358 0.095
C 0.319 0.095 0.271 0.072 0.262 0.068
Z
