M 0.075 0.214
C 0.075 0.343 0.16 0.439 0.258 0.439
C 0.293 0.439 0.322 0.428 0.345 0.412
L 0.346 0.412
C 0.354 0.424 0.362 0.439 0.382 0.439
C 0.393 0.439 0.412 0.434 0.412 0.403
L 0.412 0.307
C 0.412 0.296 0.413 0.27 0.375 0.27
C 0.34 0.27 0.344 0.297 0.336 0.32
C 0.327 0.345 0.302 0.377 0.261 0.377
C 0.206 0.377 0.145 0.314 0.145 0.213
C 0.145 0.115 0.206 0.051 0.263 0.051
C 0.3 0.051 0.334 0.075 0.341 0.11
C 0.343 0.119 0.34 0.151 0.374 0.151
L 0.377 0.151
C 0.389 0.151 0.412 0.149 0.412 0.117
C 0.412 0.056 0.348 -0.011 0.258 -0.011
C 0.157 -0.011 0.075 0.087 0.075 0.214
Z
M -0.075 0.236
C -0.075 0.49 0.07 0.705 0.263 0.705
C 0.447 0.705 0.6 0.501 0.6 0.236
C 0.6 -0.032 0.445 -0.233 0.264 -0.233
C 0.075 -0.233 -0.075 -0.026 -0.075 0.236
Z
M -0.005 0.237
C -0.005 0.014 0.115 -0.164 0.262 -0.164
C 0.397 -0.164 0.53 -0.002 0.53 0.235
C 0.53 0.481 0.392 0.636 0.263 0.636
C 0.128 0.636 -0.005 0.475 -0.005 0.237
Z
