M 0.012 0.03
C 0.012 0.061 0.037 0.061 0.053 0.061
L 0.097 0.061
L 0.097 0.37
L 0.052 0.37
C 0.038 0.37 0.012 0.37 0.012 0.4
C 0.012 0.431 0.037 0.431 0.053 0.431
L 0.126 0.431
C 0.166 0.431 0.166 0.416 0.166 0.384
C 0.185 0.403 0.23 0.437 0.297 0.437
C 0.376 0.437 0.427 0.394 0.427 0.293
L 0.427 0.061
L 0.471 0.061
C 0.487 0.061 0.512 0.061 0.512 0.03
C 0.512 0 0.486 0 0.472 0
L 0.319 0
C 0.305 0 0.278 0 0.278 0.03
C 0.278 0.061 0.303 0.061 0.319 0.061
L 0.358 0.061
L 0.358 0.288
C 0.358 0.348 0.344 0.376 0.291 0.376
C 0.24 0.376 0.166 0.338 0.166 0.238
L 0.166 0.061
L 0.21 0.061
C 0.226 0.061 0.251 0.061 0.251 0.03
C 0.251 0 0.225 0 0.211 0
L 0.052 0
C 0.038 0 0.012 0 0.012 0.03
Z
M 0.1 -0.173
C 0.1 -0.157 0.111 -0.15 0.122 -0.143
C 0.247 -0.06 0.25 -0.056 0.262 -0.056
L 0.263 -0.056
C 0.273 -0.056 0.274 -0.057 0.402 -0.142
C 0.41 -0.147 0.425 -0.156 0.425 -0.174
C 0.425 -0.186 0.41 -0.212 0.39 -0.212
L 0.388 -0.212
C 0.367 -0.212 0.277 -0.132 0.262 -0.132
C 0.255 -0.132 0.249 -0.138 0.231 -0.151
C 0.16 -0.202 0.149 -0.212 0.135 -0.212
C 0.115 -0.212 0.1 -0.187 0.1 -0.173
Z
