M 0.16 0.848
C 0.16 0.865 0.173 0.872 0.187 0.881
C 0.343 0.982 0.348 0.988 0.361 0.988
C 0.377 0.988 0.389 0.974 0.389 0.96
C 0.389 0.94 0.367 0.93 0.363 0.927
C 0.197 0.82 0.199 0.82 0.187 0.82
C 0.172 0.82 0.16 0.833 0.16 0.848
Z
M 0.095 0.702
C 0.095 0.721 0.108 0.726 0.145 0.744
C 0.252 0.797 0.26 0.803 0.271 0.803
C 0.282 0.803 0.305 0.79 0.421 0.733
C 0.431 0.728 0.448 0.721 0.448 0.702
C 0.448 0.688 0.436 0.674 0.421 0.674
C 0.401 0.674 0.286 0.742 0.271 0.742
C 0.265 0.742 0.261 0.738 0.143 0.68
C 0.137 0.677 0.13 0.674 0.123 0.674
C 0.106 0.674 0.095 0.688 0.095 0.702
Z
M 0.027 0.03
C 0.027 0.043 0.033 0.053 0.044 0.059
C 0.05 0.061 0.073 0.061 0.087 0.061
L 0.208 0.585
C 0.217 0.623 0.233 0.623 0.262 0.623
C 0.293 0.623 0.307 0.622 0.316 0.584
L 0.437 0.061
C 0.452 0.061 0.474 0.061 0.48 0.058
C 0.492 0.053 0.497 0.043 0.497 0.03
C 0.497 0 0.471 0 0.454 0
L 0.352 0
C 0.334 0 0.31 0 0.31 0.03
C 0.31 0.061 0.33 0.061 0.366 0.061
L 0.343 0.165
L 0.181 0.165
L 0.158 0.061
C 0.194 0.061 0.214 0.061 0.214 0.03
C 0.214 0 0.19 0 0.172 0
L 0.07 0
C 0.053 0 0.027 0 0.027 0.03
Z
M 0.196 0.226
L 0.328 0.226
L 0.262 0.54
Z
