M 0.018 0.029
C 0.018 0.038 0.021 0.061 0.055 0.061
L 0.075 0.061
L 0.204 0.57
C 0.21 0.589 0.21 0.618 0.25 0.618
L 0.277 0.618
C 0.316 0.618 0.316 0.587 0.342 0.486
L 0.449 0.061
L 0.471 0.061
C 0.48 0.061 0.506 0.06 0.506 0.029
C 0.506 0 0.482 -0.001 0.473 -0.001
L 0.358 -0.001
C 0.331 -0.001 0.322 0.012 0.322 0.031
C 0.322 0.059 0.347 0.061 0.356 0.061
L 0.377 0.061
L 0.281 0.45
L 0.265 0.523
L 0.262 0.54
L 0.256 0.508
L 0.224 0.368
L 0.147 0.061
L 0.168 0.061
C 0.177 0.061 0.202 0.06 0.202 0.031
C 0.202 0.012 0.193 -0.001 0.166 -0.001
L 0.053 -0.001
C 0.041 -0.001 0.018 0 0.018 0.029
Z
