M 0.208 0.604
C 0.208 0.624 0.225 0.639 0.242 0.639
L 0.244 0.639
C 0.253 0.639 0.255 0.637 0.393 0.577
C 0.404 0.572 0.421 0.564 0.421 0.546
C 0.421 0.531 0.409 0.506 0.388 0.506
L 0.387 0.506
C 0.379 0.506 0.377 0.508 0.239 0.568
C 0.227 0.574 0.208 0.582 0.208 0.604
Z
M -0.025 0.604
C -0.025 0.624 -0.008 0.639 0.009 0.639
L 0.011 0.639
C 0.02 0.639 0.022 0.637 0.16 0.577
C 0.171 0.572 0.188 0.564 0.188 0.546
C 0.188 0.531 0.176 0.506 0.155 0.506
L 0.154 0.506
C 0.146 0.506 0.144 0.508 0.006 0.568
C -0.006 0.574 -0.025 0.582 -0.025 0.604
Z
M 0.057 0.216
C 0.057 0.341 0.15 0.44 0.262 0.44
C 0.374 0.44 0.467 0.341 0.467 0.216
C 0.467 0.09 0.372 -0.006 0.262 -0.006
C 0.152 -0.006 0.057 0.089 0.057 0.216
Z
M 0.126 0.223
C 0.126 0.13 0.188 0.055 0.262 0.055
C 0.336 0.055 0.398 0.13 0.398 0.223
C 0.398 0.314 0.334 0.379 0.262 0.379
C 0.191 0.379 0.126 0.314 0.126 0.223
Z
