M 0.147 0.96
C 0.147 0.975 0.158 0.988 0.174 0.988
C 0.186 0.988 0.189 0.985 0.348 0.882
C 0.357 0.876 0.376 0.867 0.376 0.848
C 0.376 0.831 0.361 0.82 0.349 0.82
C 0.335 0.821 0.346 0.816 0.174 0.927
C 0.165 0.933 0.147 0.942 0.147 0.96
Z
M 0.087 0.702
C 0.087 0.721 0.1 0.726 0.137 0.744
C 0.244 0.797 0.253 0.803 0.264 0.803
C 0.275 0.803 0.297 0.79 0.413 0.733
C 0.423 0.728 0.44 0.721 0.44 0.702
C 0.44 0.688 0.428 0.674 0.413 0.674
C 0.393 0.674 0.278 0.742 0.263 0.742
C 0.257 0.742 0.253 0.738 0.135 0.68
C 0.129 0.677 0.122 0.674 0.115 0.674
C 0.098 0.674 0.087 0.688 0.087 0.702
Z
M 0.026 0.03
C 0.026 0.061 0.051 0.061 0.067 0.061
L 0.097 0.061
L 0.097 0.55
L 0.067 0.55
C 0.052 0.55 0.026 0.55 0.026 0.581
C 0.026 0.611 0.052 0.611 0.067 0.611
L 0.44 0.611
C 0.474 0.611 0.48 0.601 0.48 0.57
L 0.48 0.497
C 0.48 0.477 0.48 0.456 0.445 0.456
C 0.411 0.456 0.411 0.478 0.411 0.497
L 0.411 0.55
L 0.166 0.55
L 0.166 0.347
L 0.297 0.347
C 0.297 0.388 0.297 0.404 0.332 0.404
C 0.366 0.404 0.366 0.382 0.366 0.363
L 0.366 0.27
C 0.366 0.251 0.366 0.229 0.332 0.229
C 0.297 0.229 0.297 0.245 0.297 0.286
L 0.166 0.286
L 0.166 0.061
L 0.433 0.061
L 0.433 0.13
C 0.433 0.15 0.433 0.171 0.468 0.171
C 0.502 0.171 0.502 0.149 0.502 0.13
L 0.502 0.041
C 0.502 0.009 0.495 0 0.462 0
L 0.067 0
C 0.052 0 0.026 0 0.026 0.03
Z
