M 0.075 0.036
L 0.075 0.421
C 0.075 0.55 0.182 0.617 0.307 0.617
C 0.378 0.617 0.469 0.608 0.469 0.53
C 0.469 0.499 0.445 0.484 0.424 0.484
C 0.4 0.484 0.38 0.503 0.38 0.528
C 0.38 0.535 0.381 0.541 0.383 0.547
C 0.351 0.556 0.325 0.555 0.3 0.555
C 0.236 0.555 0.145 0.527 0.145 0.417
L 0.145 0.385
C 0.179 0.413 0.223 0.436 0.28 0.436
C 0.402 0.436 0.485 0.329 0.485 0.216
C 0.485 0.094 0.388 -0.005 0.269 -0.005
C 0.219 -0.005 0.18 0.014 0.145 0.05
L 0.145 0.036
C 0.146 0.008 0.129 0 0.112 0
L 0.111 0
C 0.097 0 0.075 0.001 0.075 0.036
Z
M 0.145 0.19
C 0.145 0.143 0.185 0.056 0.266 0.056
C 0.343 0.056 0.415 0.123 0.415 0.216
C 0.415 0.295 0.361 0.374 0.275 0.374
C 0.202 0.374 0.145 0.316 0.145 0.267
L 0.145 0.19
Z
