M 0.103 0.525
C 0.103 0.547 0.122 0.562 0.141 0.562
C 0.154 0.562 0.168 0.555 0.177 0.538
L 0.248 0.64
C 0.253 0.646 0.264 0.667 0.283 0.667
L 0.284 0.667
C 0.306 0.667 0.318 0.648 0.318 0.633
C 0.318 0.617 0.32 0.624 0.219 0.502
C 0.212 0.494 0.205 0.484 0.191 0.484
C 0.177 0.484 0.17 0.494 0.167 0.498
C 0.155 0.488 0.146 0.487 0.141 0.487
C 0.114 0.487 0.103 0.512 0.103 0.525
Z
M 0.267 0.525
C 0.267 0.543 0.282 0.562 0.304 0.562
C 0.323 0.562 0.341 0.547 0.341 0.525
C 0.341 0.504 0.323 0.487 0.304 0.487
C 0.282 0.487 0.267 0.506 0.267 0.525
Z
M 0.043 0.409
C 0.043 0.428 0.062 0.441 0.077 0.441
C 0.093 0.441 0.103 0.431 0.11 0.416
C 0.161 0.304 0.15 0.225 0.155 0.191
C 0.163 0.132 0.206 0.062 0.283 0.062
C 0.348 0.062 0.413 0.121 0.413 0.218
C 0.413 0.33 0.355 0.383 0.355 0.408
C 0.355 0.427 0.372 0.441 0.389 0.441
C 0.411 0.441 0.421 0.42 0.428 0.408
C 0.468 0.34 0.48 0.272 0.48 0.217
C 0.48 0.098 0.397 -0.005 0.284 -0.005
C 0.18 -0.005 0.095 0.083 0.087 0.2
C 0.084 0.242 0.09 0.296 0.051 0.384
C 0.047 0.392 0.043 0.4 0.043 0.409
Z
