M -0.006 0.03
C -0.006 0.046 0.001 0.062 0.029 0.062
L 0.046 0.062
L 0.046 0.369
L 0.029 0.369
C 0.011 0.369 -0.006 0.375 -0.006 0.4
C -0.006 0.411 -0.002 0.43 0.03 0.43
L 0.132 0.43
C 0.157 0.43 0.167 0.416 0.167 0.401
C 0.167 0.386 0.16 0.369 0.131 0.369
L 0.116 0.369
L 0.116 0.18
L 0.225 0.18
C 0.23 0.202 0.236 0.224 0.281 0.401
C 0.288 0.427 0.299 0.437 0.326 0.437
L 0.328 0.437
C 0.365 0.437 0.369 0.417 0.375 0.392
L 0.45 0.101
C 0.453 0.088 0.457 0.075 0.46 0.062
L 0.474 0.062
C 0.502 0.062 0.509 0.045 0.509 0.031
C 0.509 0.02 0.504 0 0.474 0
L 0.414 0
C 0.399 0 0.395 0.003 0.386 0.011
L 0.385 0.011
C 0.379 0.005 0.373 0 0.356 0
L 0.298 0
C 0.281 0 0.275 0.005 0.269 0.011
L 0.268 0.011
C 0.261 0.005 0.258 0 0.24 0
L 0.181 0
C 0.166 0 0.163 0.003 0.156 0.006
C 0.15 0.003 0.146 0 0.132 0
L 0.03 0
C -0.002 0 -0.006 0.019 -0.006 0.03
Z
M 0.116 0.062
L 0.131 0.062
C 0.141 0.062 0.149 0.06 0.156 0.056
C 0.163 0.059 0.171 0.062 0.181 0.062
L 0.194 0.062
L 0.209 0.12
L 0.116 0.12
L 0.116 0.062
Z
M 0.253 0.061
C 0.259 0.058 0.263 0.055 0.268 0.051
L 0.269 0.051
C 0.276 0.056 0.283 0.061 0.294 0.062
L 0.294 0.12
L 0.267 0.12
Z
M 0.283 0.18
L 0.371 0.18
L 0.327 0.36
Z
M 0.36 0.062
C 0.371 0.061 0.378 0.056 0.385 0.051
L 0.386 0.051
C 0.391 0.055 0.396 0.058 0.402 0.061
L 0.387 0.12
L 0.36 0.12
L 0.36 0.062
Z
