M 0.109 0.756
C 0.109 0.763 0.111 0.766 0.112 0.77
C 0.11 0.775 0.109 0.781 0.109 0.787
C 0.109 0.812 0.13 0.837 0.159 0.837
C 0.188 0.837 0.209 0.813 0.209 0.787
C 0.209 0.766 0.198 0.753 0.185 0.744
C 0.207 0.738 0.234 0.737 0.261 0.737
L 0.266 0.737
C 0.292 0.737 0.317 0.737 0.337 0.744
C 0.324 0.753 0.313 0.766 0.313 0.787
C 0.313 0.817 0.338 0.837 0.363 0.837
C 0.393 0.837 0.413 0.813 0.413 0.787
C 0.413 0.781 0.412 0.776 0.412 0.771
C 0.412 0.766 0.413 0.763 0.413 0.757
C 0.413 0.739 0.406 0.693 0.333 0.679
C 0.308 0.674 0.283 0.673 0.258 0.673
L 0.25 0.673
C 0.132 0.673 0.109 0.723 0.109 0.756
Z
M 0.025 0.58
C 0.025 0.596 0.032 0.611 0.06 0.611
L 0.167 0.611
C 0.195 0.611 0.204 0.596 0.204 0.58
C 0.204 0.565 0.196 0.549 0.168 0.549
L 0.156 0.549
L 0.233 0.372
L 0.258 0.308
L 0.273 0.266
L 0.277 0.253
C 0.283 0.283 0.334 0.431 0.375 0.549
L 0.356 0.549
C 0.326 0.549 0.321 0.567 0.321 0.58
C 0.321 0.591 0.325 0.611 0.357 0.611
L 0.467 0.611
C 0.498 0.611 0.502 0.59 0.502 0.58
C 0.502 0.565 0.496 0.549 0.466 0.549
L 0.447 0.549
L 0.334 0.227
C 0.289 0.102 0.242 -0.011 0.181 -0.011
C 0.124 -0.011 0.092 0.049 0.092 0.099
C 0.092 0.137 0.122 0.146 0.137 0.146
C 0.163 0.146 0.181 0.125 0.181 0.102
C 0.181 0.087 0.173 0.078 0.167 0.07
C 0.171 0.065 0.174 0.057 0.183 0.056
L 0.187 0.057
L 0.191 0.06
L 0.195 0.064
L 0.206 0.081
L 0.22 0.111
L 0.248 0.187
L 0.244 0.183
L 0.082 0.549
L 0.062 0.549
C 0.046 0.549 0.025 0.554 0.025 0.58
Z
