M 0.052 0.114
C 0.052 0.13 0.06 0.146 0.088 0.146
L 0.089 0.146
C 0.155 0.146 0.072 0.056 0.235 0.056
L 0.239 0.056
C 0.36 0.056 0.39 0.102 0.39 0.132
C 0.39 0.169 0.345 0.207 0.241 0.207
L 0.21 0.207
C 0.178 0.207 0.174 0.226 0.174 0.237
C 0.174 0.265 0.197 0.267 0.211 0.267
L 0.255 0.267
C 0.333 0.267 0.378 0.295 0.378 0.323
C 0.378 0.344 0.35 0.377 0.237 0.377
L 0.233 0.377
C 0.088 0.377 0.156 0.312 0.092 0.312
C 0.055 0.312 0.058 0.342 0.058 0.353
L 0.058 0.403
C 0.058 0.431 0.076 0.438 0.088 0.438
C 0.104 0.438 0.117 0.428 0.124 0.423
C 0.144 0.431 0.167 0.439 0.232 0.439
C 0.282 0.439 0.372 0.435 0.42 0.387
C 0.448 0.359 0.448 0.329 0.448 0.323
C 0.448 0.275 0.397 0.25 0.375 0.24
C 0.39 0.233 0.46 0.202 0.46 0.131
C 0.46 0.076 0.42 -0.005 0.236 -0.005
C 0.186 -0.005 0.123 0.001 0.084 0.041
C 0.068 0.057 0.052 0.085 0.052 0.114
Z
