M 0.039 0.367
C 0.039 0.387 0.048 0.412 0.079 0.431
C 0.055 0.446 0.045 0.465 0.045 0.483
C 0.045 0.505 0.06 0.526 0.077 0.535
C 0.103 0.549 0.132 0.55 0.161 0.55
L 0.164 0.55
C 0.208 0.55 0.276 0.549 0.276 0.506
C 0.276 0.489 0.262 0.48 0.248 0.48
C 0.237 0.48 0.226 0.486 0.223 0.501
L 0.223 0.51
C 0.211 0.512 0.199 0.513 0.163 0.513
C 0.108 0.513 0.087 0.497 0.087 0.482
C 0.087 0.468 0.105 0.447 0.166 0.447
L 0.191 0.447
C 0.206 0.447 0.212 0.438 0.212 0.429
C 0.212 0.411 0.199 0.411 0.188 0.411
L 0.174 0.411
C 0.11 0.411 0.079 0.389 0.079 0.366
C 0.079 0.339 0.119 0.321 0.167 0.321
C 0.242 0.321 0.227 0.375 0.258 0.375
C 0.273 0.375 0.279 0.369 0.279 0.359
C 0.279 0.34 0.251 0.284 0.156 0.284
C 0.086 0.284 0.039 0.317 0.039 0.367
Z
