M 0.049 0.028
C 0.049 0.036 0.052 0.057 0.084 0.057
L 0.096 0.057
L 0.096 0.374
L 0.084 0.374
C 0.053 0.374 0.049 0.393 0.049 0.402
C 0.049 0.408 0.052 0.43 0.084 0.43
L 0.142 0.43
C 0.176 0.43 0.188 0.416 0.199 0.395
L 0.371 0.056
L 0.371 0.374
L 0.36 0.374
C 0.355 0.374 0.325 0.373 0.325 0.402
C 0.325 0.416 0.334 0.43 0.359 0.43
L 0.438 0.43
C 0.47 0.43 0.474 0.411 0.474 0.402
C 0.474 0.397 0.471 0.374 0.439 0.374
L 0.428 0.374
L 0.428 0.04
C 0.428 0.022 0.427 0 0.392 0
L 0.38 0
C 0.345 0 0.334 0.017 0.322 0.04
L 0.152 0.374
L 0.152 0.057
L 0.164 0.057
C 0.188 0.057 0.198 0.043 0.198 0.029
C 0.198 0.02 0.195 0 0.163 0
L 0.084 0
C 0.053 0.001 0.049 0.021 0.049 0.028
Z
