M 0.016 0.401
C 0.016 0.431 0.04 0.431 0.058 0.431
L 0.173 0.431
C 0.192 0.431 0.215 0.431 0.215 0.4
C 0.215 0.37 0.191 0.37 0.173 0.37
L 0.124 0.37
L 0.176 0.072
L 0.177 0.072
C 0.181 0.092 0.221 0.23 0.224 0.237
C 0.235 0.259 0.254 0.259 0.264 0.259
C 0.299 0.259 0.302 0.248 0.32 0.185
C 0.332 0.144 0.345 0.098 0.349 0.072
L 0.35 0.072
L 0.4 0.37
L 0.351 0.37
C 0.332 0.37 0.309 0.37 0.309 0.401
C 0.309 0.431 0.333 0.431 0.351 0.431
L 0.466 0.431
C 0.484 0.431 0.508 0.431 0.508 0.401
C 0.508 0.37 0.487 0.37 0.457 0.37
L 0.397 0.034
C 0.393 0.012 0.39 -0.004 0.353 -0.004
C 0.341 -0.004 0.323 -0.004 0.311 0.013
C 0.307 0.021 0.27 0.138 0.265 0.19
L 0.264 0.19
C 0.261 0.168 0.26 0.154 0.235 0.066
C 0.217 0.005 0.214 -0.004 0.174 -0.004
C 0.134 -0.004 0.131 0.011 0.127 0.034
L 0.067 0.37
C 0.037 0.37 0.016 0.37 0.016 0.401
Z
M 0.154 0.546
C 0.154 0.567 0.173 0.573 0.184 0.578
C 0.317 0.636 0.323 0.639 0.33 0.639
L 0.332 0.639
C 0.349 0.639 0.367 0.625 0.367 0.604
C 0.367 0.582 0.349 0.573 0.337 0.568
C 0.193 0.505 0.198 0.506 0.188 0.506
C 0.166 0.506 0.154 0.532 0.154 0.546
Z
