M 0.029 -0.082
C 0.029 -0.071 0.029 -0.003 0.103 0.042
C 0.094 0.054 0.08 0.079 0.08 0.114
C 0.08 0.144 0.089 0.166 0.1 0.182
C 0.085 0.201 0.068 0.234 0.068 0.277
C 0.068 0.362 0.139 0.437 0.233 0.437
C 0.279 0.437 0.314 0.418 0.33 0.407
C 0.376 0.441 0.425 0.442 0.436 0.442
C 0.49 0.442 0.509 0.411 0.509 0.388
C 0.509 0.359 0.486 0.347 0.469 0.347
C 0.459 0.347 0.436 0.354 0.43 0.381
C 0.417 0.38 0.393 0.376 0.372 0.364
C 0.389 0.336 0.398 0.307 0.398 0.277
C 0.398 0.188 0.325 0.116 0.233 0.116
C 0.184 0.116 0.146 0.139 0.143 0.141
C 0.139 0.131 0.137 0.117 0.137 0.113
C 0.137 0.111 0.138 0.091 0.149 0.077
C 0.161 0.063 0.167 0.063 0.182 0.063
C 0.19 0.061 0.203 0.061 0.211 0.061
L 0.281 0.061
C 0.371 0.061 0.413 0.039 0.426 0.032
C 0.477 0.005 0.495 -0.045 0.495 -0.082
C 0.495 -0.167 0.39 -0.229 0.262 -0.229
C 0.134 -0.229 0.029 -0.168 0.029 -0.082
Z
M 0.087 -0.082
C 0.087 -0.126 0.162 -0.169 0.262 -0.169
C 0.362 -0.169 0.437 -0.126 0.437 -0.082
C 0.437 0.004 0.324 0.004 0.235 0.004
C 0.162 0.004 0.153 0.004 0.128 -0.012
C 0.096 -0.032 0.087 -0.064 0.087 -0.082
Z
M 0.137 0.276
C 0.137 0.223 0.179 0.176 0.233 0.176
C 0.285 0.176 0.329 0.22 0.329 0.277
C 0.329 0.33 0.287 0.377 0.233 0.377
C 0.181 0.377 0.137 0.333 0.137 0.276
Z
M 0.085 0.608
C 0.085 0.627 0.099 0.639 0.116 0.639
C 0.146 0.639 0.147 0.609 0.148 0.604
C 0.158 0.565 0.238 0.563 0.261 0.563
C 0.299 0.563 0.359 0.569 0.373 0.598
C 0.377 0.607 0.374 0.639 0.407 0.639
C 0.425 0.639 0.438 0.627 0.438 0.608
C 0.438 0.564 0.401 0.498 0.262 0.498
C 0.122 0.498 0.085 0.564 0.085 0.608
Z
