M 0.011 0.031
C 0.011 0.06 0.035 0.062 0.048 0.062
L 0.096 0.062
L 0.096 0.369
L 0.062 0.369
C 0.051 0.369 0.026 0.369 0.026 0.399
C 0.026 0.428 0.051 0.43 0.061 0.43
L 0.096 0.43
L 0.096 0.484
C 0.096 0.58 0.212 0.616 0.299 0.616
C 0.405 0.616 0.428 0.568 0.428 0.536
C 0.428 0.509 0.407 0.49 0.383 0.49
C 0.361 0.49 0.339 0.506 0.339 0.535
C 0.339 0.54 0.34 0.544 0.341 0.549
C 0.327 0.553 0.31 0.555 0.293 0.555
C 0.223 0.555 0.181 0.526 0.17 0.504
C 0.165 0.495 0.166 0.484 0.166 0.474
L 0.166 0.43
L 0.393 0.43
C 0.43 0.43 0.428 0.406 0.428 0.39
L 0.428 0.062
L 0.476 0.062
C 0.487 0.062 0.513 0.061 0.513 0.031
C 0.513 0.017 0.506 0 0.477 0
L 0.312 0
C 0.283 0 0.276 0.015 0.276 0.031
C 0.276 0.061 0.301 0.062 0.315 0.062
L 0.358 0.062
L 0.358 0.369
L 0.166 0.369
L 0.166 0.062
L 0.211 0.062
C 0.224 0.062 0.248 0.06 0.248 0.031
C 0.248 0.012 0.239 0 0.212 0
L 0.047 0
C 0.018 0 0.011 0.016 0.011 0.031
Z
