M 0.117 0.776
C 0.117 0.791 0.131 0.804 0.147 0.804
C 0.162 0.804 0.182 0.78 0.261 0.711
L 0.263 0.711
C 0.273 0.721 0.333 0.776 0.345 0.785
C 0.355 0.795 0.365 0.804 0.377 0.804
C 0.385 0.804 0.407 0.799 0.407 0.771
C 0.407 0.762 0.401 0.756 0.287 0.649
C 0.281 0.643 0.273 0.636 0.261 0.636
C 0.251 0.636 0.241 0.643 0.235 0.649
C 0.117 0.762 0.117 0.759 0.117 0.776
Z
M 0.079 0.031
C 0.079 0.061 0.105 0.061 0.12 0.061
L 0.228 0.061
L 0.228 0.55
L 0.12 0.55
C 0.105 0.55 0.079 0.55 0.079 0.581
C 0.079 0.611 0.105 0.611 0.12 0.611
L 0.405 0.611
C 0.42 0.611 0.446 0.611 0.446 0.58
C 0.446 0.55 0.42 0.55 0.405 0.55
L 0.297 0.55
L 0.297 0.061
L 0.405 0.061
C 0.42 0.061 0.446 0.061 0.446 0.03
C 0.446 0 0.42 0 0.405 0
L 0.12 0
C 0.105 0 0.079 0 0.079 0.031
Z
