M -0.002 0.589
C -0.002 0.617 0.021 0.638 0.048 0.638
C 0.074 0.638 0.098 0.618 0.098 0.589
C 0.098 0.56 0.074 0.539 0.048 0.539
C 0.018 0.539 -0.002 0.563 -0.002 0.589
Z
M 0.167 0.134
L 0.167 0.398
C 0.167 0.413 0.168 0.436 0.2 0.436
C 0.227 0.436 0.234 0.419 0.234 0.404
L 0.234 0.139
C 0.234 0.074 0.254 0.062 0.267 0.062
C 0.29 0.062 0.293 0.101 0.294 0.104
C 0.298 0.115 0.309 0.123 0.324 0.123
C 0.325 0.123 0.325 0.122 0.326 0.122
C 0.351 0.122 0.359 0.11 0.359 0.091
C 0.359 0.051 0.326 -0.005 0.267 -0.005
C 0.213 -0.005 0.167 0.041 0.167 0.134
Z
M 0.303 0.588
C 0.303 0.616 0.325 0.638 0.353 0.638
C 0.383 0.638 0.403 0.613 0.403 0.588
C 0.403 0.563 0.382 0.539 0.353 0.539
C 0.328 0.539 0.303 0.559 0.303 0.588
Z
