M 0.032 0.538
L 0.032 0.574
C 0.032 0.596 0.036 0.611 0.069 0.611
L 0.179 0.611
C 0.194 0.611 0.216 0.609 0.216 0.576
C 0.216 0.446 0.11 0.325 0.11 0.206
C 0.11 0.113 0.184 0.05 0.262 0.05
C 0.339 0.05 0.414 0.112 0.414 0.206
C 0.414 0.324 0.308 0.451 0.308 0.576
C 0.308 0.593 0.313 0.611 0.344 0.611
L 0.456 0.611
C 0.495 0.611 0.492 0.585 0.492 0.572
L 0.492 0.538
C 0.492 0.507 0.474 0.503 0.464 0.503
C 0.456 0.503 0.437 0.506 0.436 0.536
L 0.436 0.549
L 0.372 0.549
C 0.394 0.426 0.484 0.332 0.484 0.205
C 0.484 0.079 0.378 -0.011 0.262 -0.011
C 0.139 -0.011 0.04 0.085 0.04 0.205
C 0.04 0.332 0.132 0.432 0.152 0.549
L 0.089 0.549
L 0.089 0.537
C 0.089 0.507 0.07 0.503 0.06 0.503
C 0.051 0.503 0.031 0.507 0.032 0.538
Z
