M 0.011 0.286
C 0.011 0.32 0.032 0.322 0.05 0.322
L 0.431 0.322
C 0.423 0.473 0.327 0.56 0.239 0.56
C 0.173 0.56 0.118 0.513 0.105 0.447
C 0.101 0.424 0.097 0.412 0.068 0.412
L 0.067 0.412
C 0.033 0.413 0.033 0.437 0.033 0.453
L 0.033 0.584
C 0.033 0.592 0.033 0.622 0.064 0.622
C 0.088 0.622 0.095 0.6 0.107 0.576
C 0.147 0.606 0.186 0.622 0.239 0.622
C 0.377 0.622 0.501 0.49 0.501 0.305
C 0.501 0.128 0.387 -0.011 0.249 -0.011
C 0.149 -0.011 0.011 0.053 0.011 0.286
Z
M 0.082 0.26
C 0.093 0.085 0.182 0.051 0.249 0.051
C 0.348 0.051 0.417 0.157 0.428 0.26
L 0.082 0.26
Z
