M 0 0.03
C 0 0.046 0.009 0.062 0.037 0.062
L 0.044 0.062
L 0.044 0.549
L 0.037 0.549
C 0.005 0.549 0 0.568 0 0.58
C 0 0.593 0.007 0.611 0.035 0.611
L 0.122 0.611
C 0.148 0.611 0.158 0.596 0.158 0.581
C 0.158 0.566 0.151 0.549 0.122 0.549
L 0.114 0.549
L 0.114 0.336
L 0.217 0.336
L 0.217 0.358
C 0.218 0.397 0.216 0.539 0.247 0.582
C 0.271 0.615 0.315 0.622 0.369 0.622
C 0.508 0.622 0.514 0.568 0.517 0.347
L 0.517 0.285
C 0.517 0.168 0.513 0.065 0.486 0.028
C 0.462 -0.004 0.419 -0.011 0.365 -0.011
C 0.25 -0.011 0.234 0.031 0.224 0.112
C 0.217 0.168 0.218 0.225 0.217 0.253
L 0.217 0.275
L 0.114 0.275
L 0.114 0.062
L 0.122 0.062
C 0.149 0.062 0.158 0.047 0.158 0.032
C 0.158 0.021 0.155 0 0.123 0
L 0.035 0
C 0.005 0 0 0.019 0 0.03
Z
M 0.287 0.264
C 0.29 0.135 0.282 0.051 0.367 0.051
C 0.395 0.051 0.419 0.063 0.43 0.084
C 0.446 0.113 0.446 0.211 0.447 0.264
L 0.447 0.348
C 0.447 0.503 0.445 0.56 0.367 0.56
C 0.291 0.56 0.287 0.507 0.287 0.346
L 0.287 0.264
Z
