M 0.177 0.702
C 0.177 0.719 0.19 0.726 0.204 0.735
C 0.361 0.837 0.365 0.842 0.378 0.842
C 0.394 0.842 0.406 0.828 0.406 0.814
C 0.406 0.794 0.385 0.784 0.381 0.781
C 0.215 0.674 0.217 0.674 0.205 0.674
C 0.19 0.674 0.177 0.687 0.177 0.702
Z
M 0.056 0.302
C 0.056 0.589 0.076 0.622 0.254 0.622
L 0.265 0.622
C 0.391 0.622 0.393 0.601 0.408 0.601
C 0.417 0.601 0.423 0.609 0.426 0.614
C 0.41 0.62 0.395 0.637 0.395 0.661
C 0.395 0.687 0.414 0.71 0.443 0.711
L 0.444 0.711
C 0.481 0.711 0.495 0.677 0.495 0.643
C 0.495 0.603 0.477 0.568 0.446 0.549
C 0.461 0.508 0.468 0.449 0.468 0.325
L 0.468 0.281
C 0.468 0.023 0.442 -0.011 0.272 -0.011
L 0.256 -0.011
C 0.073 -0.011 0.056 0.028 0.056 0.302
Z
M 0.126 0.316
C 0.126 0.079 0.139 0.05 0.262 0.05
C 0.39 0.05 0.394 0.095 0.398 0.273
L 0.398 0.334
C 0.398 0.539 0.381 0.561 0.259 0.561
C 0.166 0.561 0.148 0.534 0.138 0.497
C 0.127 0.454 0.126 0.388 0.126 0.344
L 0.126 0.316
Z
