M 0.019 0.581
C 0.019 0.611 0.044 0.611 0.059 0.611
L 0.163 0.611
C 0.178 0.611 0.203 0.611 0.203 0.581
C 0.203 0.55 0.181 0.55 0.157 0.55
C 0.167 0.529 0.248 0.365 0.262 0.314
L 0.367 0.55
C 0.343 0.55 0.321 0.55 0.321 0.581
C 0.321 0.611 0.346 0.611 0.361 0.611
L 0.465 0.611
C 0.481 0.611 0.505 0.611 0.505 0.58
C 0.505 0.55 0.48 0.55 0.465 0.55
L 0.444 0.55
L 0.297 0.244
L 0.297 0.061
L 0.322 0.061
C 0.338 0.061 0.362 0.061 0.362 0.03
C 0.362 0 0.337 0 0.322 0
L 0.203 0
C 0.187 0 0.163 0 0.163 0.031
C 0.163 0.061 0.188 0.061 0.203 0.061
L 0.228 0.061
L 0.228 0.244
L 0.08 0.55
L 0.059 0.55
C 0.043 0.55 0.019 0.55 0.019 0.581
Z
M 0.109 0.768
C 0.109 0.796 0.131 0.819 0.159 0.819
C 0.185 0.819 0.209 0.798 0.209 0.769
C 0.209 0.742 0.188 0.719 0.159 0.719
C 0.133 0.719 0.109 0.739 0.109 0.768
Z
M 0.313 0.768
C 0.313 0.795 0.335 0.819 0.363 0.819
C 0.389 0.819 0.413 0.798 0.413 0.769
C 0.413 0.741 0.392 0.719 0.363 0.719
C 0.333 0.719 0.313 0.743 0.313 0.768
Z
