M 0.058 0.199
L 0.058 0.501
C 0.058 0.536 0.082 0.54 0.091 0.54
C 0.109 0.54 0.117 0.527 0.12 0.522
C 0.125 0.513 0.124 0.501 0.124 0.491
C 0.124 0.464 0.119 0.238 0.118 0.225
C 0.28 0.251 0.423 0.278 0.438 0.278
C 0.468 0.278 0.466 0.248 0.466 0.24
L 0.466 -0.063
C 0.465 -0.097 0.442 -0.101 0.433 -0.101
C 0.421 -0.101 0.41 -0.094 0.404 -0.083
C 0.399 -0.074 0.4 -0.063 0.4 -0.053
C 0.4 -0.026 0.406 0.207 0.406 0.214
C 0.395 0.212 0.386 0.211 0.375 0.209
L 0.102 0.162
C 0.099 0.161 0.093 0.16 0.087 0.16
C 0.056 0.16 0.058 0.189 0.058 0.199
Z
