M 0.058 0.486
C 0.058 0.564 0.139 0.617 0.249 0.617
C 0.423 0.617 0.466 0.512 0.466 0.442
C 0.466 0.408 0.455 0.306 0.281 0.27
L 0.281 0.237
L 0.392 0.237
C 0.403 0.237 0.427 0.235 0.427 0.205
C 0.427 0.194 0.422 0.175 0.392 0.175
L 0.281 0.175
L 0.281 0.062
L 0.338 0.062
C 0.352 0.062 0.375 0.06 0.375 0.031
C 0.375 0.016 0.368 0 0.339 0
L 0.153 0
C 0.124 0 0.117 0.016 0.117 0.031
C 0.117 0.042 0.122 0.052 0.133 0.058
C 0.142 0.063 0.152 0.062 0.161 0.062
L 0.211 0.062
L 0.211 0.175
L 0.101 0.175
C 0.073 0.175 0.066 0.191 0.066 0.206
C 0.066 0.221 0.073 0.237 0.101 0.237
L 0.211 0.237
L 0.211 0.291
C 0.211 0.344 0.251 0.312 0.33 0.352
C 0.357 0.366 0.396 0.393 0.396 0.442
C 0.396 0.487 0.371 0.555 0.248 0.555
C 0.176 0.555 0.149 0.527 0.137 0.513
C 0.144 0.503 0.147 0.496 0.147 0.484
C 0.147 0.457 0.126 0.44 0.103 0.44
C 0.079 0.44 0.058 0.457 0.058 0.486
Z
