M 0.209 0.722
C 0.209 0.751 0.235 0.772 0.259 0.772
C 0.285 0.772 0.309 0.751 0.309 0.722
C 0.309 0.693 0.285 0.672 0.261 0.672
C 0.231 0.672 0.209 0.695 0.209 0.722
Z
M 0.028 0.03
C 0.028 0.061 0.053 0.061 0.069 0.061
L 0.102 0.061
L 0.102 0.55
L 0.069 0.55
C 0.054 0.55 0.028 0.55 0.028 0.58
C 0.028 0.611 0.053 0.611 0.069 0.611
L 0.45 0.611
C 0.484 0.611 0.49 0.601 0.49 0.57
L 0.49 0.497
C 0.49 0.477 0.49 0.456 0.455 0.456
C 0.421 0.456 0.421 0.478 0.421 0.497
L 0.421 0.55
L 0.171 0.55
L 0.171 0.336
L 0.307 0.336
C 0.307 0.377 0.307 0.393 0.342 0.393
C 0.376 0.393 0.376 0.371 0.376 0.352
L 0.376 0.259
C 0.376 0.24 0.376 0.218 0.342 0.218
C 0.307 0.218 0.307 0.234 0.307 0.275
L 0.171 0.275
L 0.171 0.061
L 0.223 0.061
C 0.239 0.061 0.263 0.061 0.263 0.03
C 0.263 0 0.238 0 0.223 0
L 0.069 0
C 0.054 0 0.028 0 0.028 0.03
Z
