M 0.052 0.114
C 0.052 0.133 0.063 0.146 0.085 0.146
L 0.09 0.146
C 0.152 0.146 0.079 0.063 0.217 0.057
L 0.236 0.057
L 0.248 0.056
C 0.333 0.057 0.39 0.087 0.39 0.132
C 0.39 0.162 0.363 0.205 0.245 0.207
L 0.21 0.207
C 0.2 0.207 0.174 0.208 0.174 0.237
C 0.174 0.248 0.179 0.267 0.209 0.267
L 0.255 0.267
C 0.32 0.267 0.378 0.289 0.378 0.322
C 0.378 0.343 0.355 0.377 0.232 0.377
C 0.09 0.377 0.155 0.312 0.092 0.312
C 0.057 0.312 0.058 0.338 0.058 0.353
L 0.058 0.403
C 0.058 0.431 0.076 0.438 0.088 0.438
C 0.104 0.438 0.117 0.428 0.124 0.423
C 0.144 0.431 0.167 0.439 0.232 0.439
C 0.282 0.439 0.372 0.435 0.42 0.387
C 0.448 0.359 0.448 0.329 0.448 0.323
C 0.448 0.275 0.397 0.25 0.375 0.24
C 0.403 0.227 0.46 0.196 0.46 0.131
C 0.46 0.077 0.422 0.004 0.268 -0.005
L 0.268 -0.019
C 0.304 -0.03 0.355 -0.061 0.355 -0.125
C 0.355 -0.224 0.242 -0.235 0.147 -0.236
L 0.146 -0.236
C 0.136 -0.236 0.111 -0.235 0.111 -0.205
C 0.111 -0.176 0.133 -0.174 0.15 -0.174
L 0.152 -0.174
C 0.227 -0.172 0.285 -0.164 0.285 -0.124
C 0.285 -0.101 0.265 -0.079 0.232 -0.075
C 0.197 -0.071 0.198 -0.054 0.198 -0.034
L 0.198 -0.004
C 0.064 0.01 0.052 0.09 0.052 0.114
Z
