M 0.02 0.341
L 0.02 0.397
C 0.021 0.425 0.036 0.43 0.055 0.43
L 0.235 0.43
C 0.266 0.43 0.27 0.41 0.27 0.4
C 0.27 0.384 0.262 0.369 0.233 0.369
L 0.233 0.267
L 0.323 0.267
C 0.43 0.267 0.474 0.191 0.474 0.134
C 0.474 0.083 0.437 0 0.321 0
L 0.138 0
C 0.11 0 0.103 0.016 0.103 0.031
C 0.103 0.06 0.128 0.062 0.138 0.062
L 0.177 0.062
L 0.177 0.369
L 0.09 0.369
L 0.09 0.34
C 0.09 0.324 0.09 0.301 0.054 0.301
L 0.053 0.301
C 0.018 0.301 0.02 0.333 0.02 0.341
Z
M 0.233 0.062
L 0.306 0.062
C 0.381 0.062 0.403 0.106 0.403 0.134
C 0.403 0.163 0.379 0.207 0.306 0.207
L 0.233 0.207
L 0.233 0.062
Z
