M 0.024 0.619
C 0.024 0.664 0.071 0.694 0.126 0.694
C 0.192 0.694 0.228 0.651 0.272 0.651
C 0.33 0.651 0.298 0.694 0.342 0.694
L 0.343 0.694
C 0.361 0.694 0.374 0.682 0.374 0.665
C 0.374 0.62 0.328 0.59 0.272 0.59
C 0.206 0.59 0.17 0.632 0.126 0.632
C 0.069 0.632 0.1 0.59 0.057 0.59
L 0.055 0.59
C 0.037 0.59 0.024 0.601 0.024 0.619
Z
M 0.093 0.528
C 0.093 0.55 0.111 0.565 0.13 0.565
C 0.152 0.565 0.167 0.546 0.167 0.528
C 0.167 0.506 0.149 0.491 0.13 0.491
C 0.108 0.491 0.093 0.51 0.093 0.528
Z
M 0.166 0.134
L 0.166 0.398
C 0.166 0.413 0.167 0.436 0.199 0.436
C 0.226 0.436 0.233 0.419 0.233 0.404
L 0.233 0.139
C 0.233 0.074 0.253 0.062 0.266 0.062
C 0.289 0.062 0.292 0.101 0.293 0.104
C 0.297 0.115 0.307 0.123 0.322 0.123
C 0.323 0.123 0.323 0.122 0.324 0.122
C 0.349 0.122 0.358 0.11 0.358 0.091
C 0.358 0.051 0.325 -0.005 0.266 -0.005
C 0.226 -0.005 0.166 0.026 0.166 0.134
Z
M 0.231 0.529
C 0.231 0.547 0.247 0.565 0.268 0.565
C 0.291 0.565 0.305 0.547 0.305 0.528
C 0.305 0.51 0.29 0.491 0.268 0.491
C 0.248 0.491 0.231 0.507 0.231 0.529
Z
