M 0.012 0.03
C 0.012 0.061 0.037 0.061 0.053 0.061
L 0.097 0.061
L 0.097 0.55
L 0.052 0.55
C 0.038 0.55 0.012 0.55 0.012 0.58
C 0.012 0.611 0.037 0.611 0.053 0.611
L 0.126 0.611
C 0.16 0.611 0.166 0.601 0.166 0.57
L 0.166 0.384
C 0.185 0.403 0.23 0.437 0.297 0.437
C 0.376 0.437 0.427 0.394 0.427 0.293
L 0.427 0.061
L 0.471 0.061
C 0.487 0.061 0.512 0.061 0.512 0.03
C 0.512 0 0.486 0 0.472 0
L 0.319 0
C 0.305 0 0.278 0 0.278 0.03
C 0.278 0.061 0.303 0.061 0.319 0.061
L 0.358 0.061
L 0.358 0.288
C 0.358 0.348 0.344 0.376 0.291 0.376
C 0.24 0.376 0.166 0.338 0.166 0.238
L 0.166 0.061
L 0.21 0.061
C 0.226 0.061 0.251 0.061 0.251 0.03
C 0.251 0 0.225 0 0.211 0
L 0.052 0
C 0.038 0 0.012 0 0.012 0.03
Z
M 0.12 0.781
C 0.12 0.797 0.134 0.81 0.149 0.81
C 0.172 0.81 0.252 0.733 0.264 0.733
C 0.278 0.733 0.355 0.809 0.38 0.81
C 0.397 0.81 0.409 0.795 0.409 0.781
C 0.409 0.763 0.405 0.763 0.289 0.667
C 0.284 0.663 0.275 0.655 0.264 0.655
L 0.261 0.655
C 0.252 0.655 0.248 0.659 0.139 0.75
C 0.13 0.757 0.12 0.766 0.12 0.781
Z
