M 0.009 0.026
C 0.009 0.059 0.028 0.062 0.048 0.062
L 0.058 0.062
C 0.069 0.062 0.073 0.062 0.087 0.073
C 0.165 0.134 0.171 0.263 0.171 0.369
L 0.121 0.369
C 0.09 0.369 0.086 0.389 0.086 0.4
C 0.086 0.41 0.091 0.43 0.121 0.43
L 0.471 0.43
C 0.486 0.43 0.506 0.424 0.506 0.399
C 0.506 0.37 0.482 0.369 0.465 0.369
L 0.421 0.369
L 0.421 0.062
L 0.474 0.062
C 0.496 0.062 0.514 0.06 0.514 0.024
L 0.514 -0.102
C 0.514 -0.135 0.493 -0.138 0.486 -0.138
C 0.456 -0.138 0.458 -0.107 0.458 -0.098
L 0.458 0
L 0.066 0
L 0.066 -0.097
C 0.065 -0.106 0.068 -0.138 0.038 -0.138
C 0.015 -0.138 0.009 -0.121 0.009 -0.1
L 0.009 0.026
Z
M 0.158 0.062
L 0.364 0.062
L 0.364 0.369
L 0.228 0.369
C 0.227 0.174 0.192 0.108 0.158 0.062
Z
