M 0.022 0.03
C 0.022 0.061 0.046 0.061 0.062 0.061
L 0.087 0.061
L 0.087 0.55
L 0.062 0.55
C 0.047 0.55 0.022 0.55 0.022 0.58
C 0.022 0.611 0.046 0.611 0.062 0.611
L 0.239 0.611
C 0.357 0.611 0.433 0.529 0.433 0.443
C 0.433 0.402 0.414 0.341 0.348 0.304
C 0.362 0.293 0.385 0.272 0.397 0.243
C 0.406 0.22 0.406 0.212 0.406 0.149
C 0.406 0.096 0.406 0.05 0.434 0.05
C 0.451 0.05 0.453 0.087 0.453 0.095
C 0.454 0.125 0.477 0.125 0.487 0.125
C 0.498 0.125 0.522 0.125 0.522 0.093
C 0.522 0.055 0.498 -0.011 0.435 -0.011
C 0.401 -0.011 0.373 0.005 0.356 0.035
C 0.337 0.067 0.337 0.097 0.337 0.162
C 0.337 0.204 0.337 0.226 0.315 0.247
C 0.283 0.275 0.253 0.275 0.234 0.275
L 0.156 0.275
L 0.156 0.061
L 0.181 0.061
C 0.197 0.061 0.221 0.061 0.221 0.03
C 0.221 0 0.196 0 0.181 0
L 0.062 0
C 0.047 0 0.022 0 0.022 0.03
Z
M 0.156 0.336
L 0.228 0.336
C 0.319 0.336 0.364 0.394 0.364 0.443
C 0.364 0.491 0.32 0.55 0.228 0.55
L 0.156 0.55
L 0.156 0.336
Z
