M 0.002 0.031
C 0.002 0.06 0.027 0.062 0.037 0.062
L 0.07 0.062
L 0.07 0.369
L 0.039 0.369
C 0.029 0.369 0.002 0.37 0.002 0.4
C 0.002 0.411 0.007 0.43 0.039 0.43
L 0.371 0.43
C 0.401 0.43 0.406 0.411 0.406 0.4
C 0.406 0.371 0.38 0.369 0.371 0.369
L 0.337 0.369
L 0.337 0.267
L 0.366 0.267
C 0.5 0.267 0.534 0.144 0.534 0.026
C 0.534 -0.132 0.438 -0.228 0.338 -0.228
C 0.262 -0.228 0.213 -0.195 0.213 -0.146
C 0.213 -0.121 0.23 -0.101 0.256 -0.101
C 0.28 -0.101 0.299 -0.119 0.299 -0.144
C 0.299 -0.149 0.298 -0.154 0.297 -0.159
C 0.313 -0.164 0.327 -0.166 0.339 -0.166
C 0.407 -0.166 0.464 -0.087 0.464 0.026
C 0.464 0.194 0.385 0.207 0.351 0.207
L 0.337 0.207
L 0.337 0.062
L 0.367 0.062
C 0.381 0.062 0.406 0.06 0.406 0.031
C 0.406 0.02 0.401 0 0.37 0
L 0.251 0
C 0.222 0 0.215 0.016 0.215 0.031
C 0.215 0.055 0.232 0.062 0.252 0.062
L 0.281 0.062
L 0.281 0.369
L 0.127 0.369
L 0.127 0.062
L 0.155 0.062
C 0.175 0.062 0.193 0.055 0.193 0.03
C 0.193 0.019 0.189 0 0.157 0
L 0.038 0
C 0.01 0 0.002 0.017 0.002 0.031
Z
