M 0.017 0.03
C 0.017 0.06 0.04 0.062 0.054 0.062
L 0.102 0.062
L 0.102 0.369
L 0.055 0.369
C 0.039 0.369 0.017 0.372 0.017 0.4
C 0.017 0.411 0.022 0.43 0.054 0.43
L 0.206 0.43
C 0.219 0.43 0.243 0.43 0.243 0.4
C 0.243 0.371 0.22 0.369 0.207 0.369
L 0.159 0.369
L 0.159 0.267
L 0.364 0.267
L 0.364 0.369
L 0.316 0.369
C 0.306 0.369 0.279 0.37 0.279 0.399
C 0.279 0.428 0.304 0.43 0.317 0.43
L 0.469 0.43
C 0.487 0.43 0.506 0.425 0.506 0.4
C 0.506 0.371 0.482 0.369 0.469 0.369
L 0.421 0.369
L 0.421 0.062
L 0.474 0.062
C 0.48 0.062 0.514 0.061 0.514 0.033
C 0.514 0.019 0.518 0.028 0.393 -0.12
C 0.386 -0.128 0.379 -0.137 0.365 -0.138
C 0.348 -0.137 0.336 -0.124 0.336 -0.11
C 0.336 -0.096 0.338 -0.097 0.42 0
L 0.314 0
C 0.307 0 0.279 0.001 0.279 0.031
C 0.279 0.06 0.303 0.062 0.316 0.062
L 0.364 0.062
L 0.364 0.207
L 0.159 0.207
L 0.159 0.062
L 0.206 0.062
C 0.217 0.062 0.244 0.061 0.244 0.031
C 0.244 0.019 0.239 0 0.207 0
L 0.056 0
C 0.042 0 0.017 0.001 0.017 0.03
Z
