M 0.148 0.512
C 0.148 0.555 0.211 0.524 0.206 0.57
C 0.198 0.566 0.191 0.564 0.184 0.564
C 0.161 0.564 0.148 0.584 0.148 0.601
C 0.148 0.622 0.165 0.639 0.187 0.639
C 0.222 0.639 0.262 0.609 0.262 0.562
C 0.262 0.513 0.216 0.485 0.178 0.485
C 0.154 0.485 0.148 0.504 0.148 0.512
Z
M 0.277 0.58
C 0.277 0.598 0.293 0.611 0.31 0.611
C 0.333 0.611 0.34 0.596 0.391 0.525
C 0.396 0.518 0.402 0.509 0.402 0.499
C 0.402 0.483 0.387 0.473 0.374 0.473
C 0.359 0.473 0.354 0.48 0.29 0.55
C 0.281 0.56 0.277 0.571 0.277 0.58
Z
