M 0.04 0.305
C 0.04 0.482 0.147 0.622 0.282 0.622
C 0.337 0.622 0.375 0.603 0.411 0.577
C 0.424 0.604 0.432 0.622 0.454 0.622
C 0.48 0.622 0.484 0.603 0.484 0.584
L 0.484 0.453
C 0.484 0.436 0.485 0.412 0.446 0.412
C 0.411 0.412 0.417 0.442 0.407 0.47
C 0.386 0.53 0.333 0.56 0.286 0.56
C 0.197 0.56 0.118 0.466 0.11 0.336
L 0.364 0.336
C 0.365 0.336 0.367 0.337 0.371 0.337
C 0.4 0.337 0.407 0.318 0.407 0.306
C 0.407 0.276 0.384 0.275 0.368 0.275
L 0.112 0.275
C 0.135 0.107 0.225 0.05 0.288 0.05
C 0.346 0.05 0.407 0.09 0.413 0.153
C 0.414 0.165 0.412 0.19 0.449 0.19
L 0.451 0.19
C 0.473 0.19 0.483 0.179 0.483 0.155
C 0.483 0.078 0.407 -0.011 0.282 -0.011
C 0.145 -0.011 0.04 0.133 0.04 0.305
Z
