M 0.153 0.546
C 0.153 0.567 0.171 0.573 0.182 0.578
C 0.313 0.635 0.32 0.639 0.331 0.639
C 0.348 0.639 0.365 0.625 0.365 0.604
C 0.365 0.582 0.347 0.573 0.335 0.568
C 0.191 0.505 0.196 0.506 0.186 0.506
C 0.164 0.506 0.153 0.532 0.153 0.546
Z
M 0.057 0.216
C 0.057 0.341 0.15 0.44 0.262 0.44
C 0.374 0.44 0.467 0.341 0.467 0.216
C 0.467 0.09 0.372 -0.006 0.262 -0.006
C 0.152 -0.006 0.057 0.089 0.057 0.216
Z
M 0.126 0.223
C 0.126 0.13 0.188 0.055 0.262 0.055
C 0.336 0.055 0.398 0.13 0.398 0.223
C 0.398 0.314 0.334 0.379 0.262 0.379
C 0.191 0.379 0.126 0.314 0.126 0.223
Z
