M 0.006 0.306
C 0.006 0.323 0.02 0.324 0.028 0.324
L 0.058 0.324
L 0.058 0.508
L 0.03 0.508
C 0.019 0.508 0.007 0.509 0.007 0.527
C 0.007 0.543 0.021 0.545 0.027 0.545
L 0.076 0.545
C 0.08 0.545 0.1 0.544 0.1 0.525
L 0.1 0.517
C 0.121 0.537 0.152 0.549 0.181 0.549
C 0.22 0.549 0.257 0.527 0.257 0.468
L 0.257 0.269
C 0.257 0.239 0.254 0.15 0.209 0.15
C 0.183 0.15 0.166 0.175 0.166 0.195
C 0.166 0.211 0.178 0.223 0.192 0.223
C 0.198 0.223 0.205 0.221 0.212 0.216
C 0.215 0.245 0.215 0.29 0.215 0.317
L 0.215 0.456
C 0.215 0.487 0.213 0.511 0.175 0.511
C 0.148 0.511 0.1 0.492 0.1 0.427
L 0.1 0.324
L 0.126 0.324
C 0.144 0.324 0.151 0.315 0.151 0.306
C 0.151 0.301 0.149 0.287 0.128 0.287
L 0.03 0.287
C 0.014 0.287 0.006 0.297 0.006 0.306
Z
