M 0.002 0.031
C 0.002 0.06 0.027 0.062 0.037 0.062
L 0.07 0.062
L 0.07 0.369
L 0.04 0.369
C 0.026 0.369 0.002 0.369 0.002 0.399
C 0.002 0.424 0.019 0.43 0.039 0.43
L 0.171 0.43
C 0.188 0.43 0.208 0.426 0.208 0.4
C 0.208 0.371 0.183 0.369 0.173 0.369
L 0.14 0.369
L 0.14 0.267
L 0.197 0.267
C 0.219 0.386 0.292 0.439 0.356 0.439
C 0.383 0.439 0.404 0.43 0.421 0.419
C 0.429 0.426 0.437 0.436 0.452 0.436
C 0.464 0.436 0.482 0.43 0.483 0.403
L 0.483 0.329
C 0.483 0.32 0.484 0.29 0.448 0.29
C 0.4 0.29 0.423 0.336 0.383 0.367
C 0.374 0.374 0.365 0.377 0.356 0.377
C 0.321 0.377 0.282 0.334 0.268 0.267
L 0.344 0.267
C 0.374 0.267 0.378 0.246 0.378 0.236
C 0.378 0.226 0.373 0.207 0.342 0.207
L 0.263 0.207
C 0.273 0.076 0.341 0.057 0.361 0.057
C 0.403 0.057 0.411 0.11 0.416 0.121
C 0.421 0.131 0.43 0.137 0.445 0.137
L 0.447 0.137
C 0.464 0.137 0.482 0.132 0.482 0.108
C 0.482 0.079 0.447 -0.005 0.357 -0.005
C 0.267 -0.005 0.197 0.087 0.193 0.207
L 0.14 0.207
L 0.14 0.062
L 0.172 0.062
C 0.182 0.062 0.208 0.061 0.208 0.031
C 0.208 0.006 0.191 0 0.171 0
L 0.039 0
C 0.019 0 0.002 0.006 0.002 0.031
Z
