M 0.187 0.829
C 0.187 0.859 0.212 0.907 0.267 0.907
C 0.331 0.907 0.362 0.868 0.362 0.828
C 0.362 0.77 0.304 0.77 0.293 0.728
C 0.29 0.715 0.299 0.676 0.264 0.676
C 0.251 0.676 0.241 0.685 0.237 0.697
C 0.235 0.704 0.235 0.711 0.235 0.718
C 0.235 0.794 0.304 0.809 0.304 0.829
C 0.304 0.842 0.286 0.851 0.27 0.851
C 0.229 0.851 0.26 0.811 0.225 0.799
C 0.222 0.798 0.219 0.798 0.216 0.798
C 0.201 0.798 0.187 0.811 0.187 0.829
Z
M 0.026 0.03
C 0.026 0.061 0.051 0.061 0.067 0.061
L 0.097 0.061
L 0.097 0.55
L 0.067 0.55
C 0.052 0.55 0.026 0.55 0.026 0.581
C 0.026 0.611 0.052 0.611 0.067 0.611
L 0.44 0.611
C 0.474 0.611 0.48 0.601 0.48 0.57
L 0.48 0.497
C 0.48 0.477 0.48 0.456 0.445 0.456
C 0.411 0.456 0.411 0.478 0.411 0.497
L 0.411 0.55
L 0.166 0.55
L 0.166 0.347
L 0.297 0.347
C 0.297 0.388 0.297 0.404 0.332 0.404
C 0.366 0.404 0.366 0.382 0.366 0.363
L 0.366 0.27
C 0.366 0.251 0.366 0.229 0.332 0.229
C 0.297 0.229 0.297 0.245 0.297 0.286
L 0.166 0.286
L 0.166 0.061
L 0.433 0.061
L 0.433 0.13
C 0.433 0.15 0.433 0.171 0.468 0.171
C 0.502 0.171 0.502 0.149 0.502 0.13
L 0.502 0.041
C 0.502 0.009 0.495 0 0.462 0
L 0.067 0
C 0.052 0 0.026 0 0.026 0.03
Z
