M 0.194 0.604
C 0.194 0.624 0.211 0.639 0.228 0.639
L 0.23 0.639
C 0.239 0.639 0.241 0.637 0.379 0.577
C 0.39 0.572 0.407 0.564 0.407 0.546
C 0.407 0.531 0.395 0.506 0.374 0.506
L 0.373 0.506
C 0.365 0.506 0.363 0.508 0.225 0.568
C 0.213 0.574 0.194 0.582 0.194 0.604
Z
M -0.039 0.604
C -0.039 0.624 -0.022 0.639 -0.005 0.639
L -0.003 0.639
C 0.006 0.639 0.008 0.637 0.146 0.577
C 0.157 0.572 0.174 0.564 0.174 0.546
C 0.174 0.531 0.162 0.506 0.141 0.506
L 0.14 0.506
C 0.132 0.506 0.13 0.508 -0.008 0.568
C -0.02 0.574 -0.039 0.582 -0.039 0.604
Z
M 0.032 0.031
C 0.032 0.061 0.057 0.061 0.072 0.061
L 0.153 0.061
L 0.153 0.37
L 0.072 0.37
C 0.056 0.37 0.032 0.37 0.032 0.401
C 0.032 0.431 0.057 0.431 0.072 0.431
L 0.182 0.431
C 0.216 0.431 0.222 0.421 0.222 0.39
L 0.222 0.356
C 0.277 0.419 0.341 0.437 0.392 0.437
C 0.475 0.437 0.487 0.395 0.487 0.375
C 0.487 0.348 0.467 0.332 0.445 0.332
C 0.42 0.332 0.403 0.352 0.402 0.376
C 0.281 0.376 0.222 0.28 0.222 0.186
L 0.222 0.061
L 0.333 0.061
C 0.348 0.061 0.374 0.061 0.374 0.03
C 0.374 0 0.348 0 0.333 0
L 0.072 0
C 0.056 0 0.032 0 0.032 0.031
Z
