M 0.039 -0.2
C 0.039 -0.188 0.05 -0.176 0.053 -0.17
L 0.219 0.099
C 0.222 0.104 0.223 0.107 0.223 0.111
C 0.223 0.119 0.218 0.132 0.204 0.174
C 0.143 0.356 0.103 0.37 0.081 0.37
C 0.077 0.37 0.074 0.369 0.071 0.369
C 0.059 0.369 0.039 0.382 0.039 0.402
C 0.039 0.416 0.048 0.437 0.085 0.437
C 0.181 0.437 0.232 0.3 0.272 0.183
C 0.276 0.191 0.364 0.334 0.411 0.409
C 0.422 0.427 0.426 0.436 0.449 0.436
C 0.479 0.436 0.485 0.419 0.485 0.408
C 0.485 0.396 0.475 0.385 0.472 0.379
L 0.305 0.11
C 0.302 0.105 0.301 0.102 0.301 0.098
C 0.301 0.09 0.368 -0.143 0.432 -0.16
C 0.438 -0.162 0.485 -0.155 0.485 -0.194
C 0.485 -0.206 0.478 -0.229 0.439 -0.229
C 0.343 -0.229 0.293 -0.092 0.252 0.025
C 0.248 0.017 0.16 -0.126 0.113 -0.201
C 0.097 -0.227 0.09 -0.228 0.075 -0.228
C 0.045 -0.228 0.039 -0.211 0.039 -0.2
Z
