M 0.056 0.278
L 0.056 0.35
C 0.056 0.432 0.06 0.549 0.104 0.589
C 0.141 0.621 0.204 0.623 0.241 0.623
L 0.261 0.623
C 0.439 0.623 0.468 0.605 0.468 0.311
L 0.468 0.231
C 0.464 0.059 0.44 0.019 0.38 0
C 0.34 -0.013 0.297 -0.011 0.249 -0.011
C 0.122 -0.011 0.09 0.017 0.073 0.076
C 0.057 0.133 0.056 0.22 0.056 0.278
Z
M 0.126 0.312
C 0.126 0.078 0.14 0.05 0.262 0.05
C 0.385 0.05 0.394 0.086 0.398 0.273
L 0.398 0.334
C 0.398 0.539 0.38 0.561 0.258 0.561
C 0.166 0.561 0.148 0.535 0.138 0.497
C 0.126 0.454 0.126 0.388 0.126 0.344
L 0.126 0.312
Z
M 0.212 0.305
C 0.212 0.334 0.235 0.356 0.262 0.356
C 0.288 0.356 0.312 0.335 0.312 0.306
C 0.312 0.278 0.291 0.256 0.262 0.256
C 0.24 0.256 0.212 0.273 0.212 0.305
Z
