M 0.024 0.493
L 0.024 0.575
C 0.024 0.607 0.042 0.611 0.061 0.611
L 0.397 0.611
C 0.434 0.611 0.432 0.586 0.432 0.57
L 0.432 0.523
C 0.432 0.523 0.434 0.482 0.397 0.482
C 0.36 0.482 0.362 0.512 0.362 0.523
L 0.362 0.549
L 0.244 0.549
L 0.244 0.39
C 0.273 0.417 0.311 0.436 0.356 0.436
C 0.392 0.436 0.44 0.422 0.46 0.365
C 0.469 0.339 0.47 0.312 0.47 0.285
L 0.47 0.062
L 0.48 0.062
C 0.512 0.062 0.516 0.042 0.516 0.031
C 0.516 0.017 0.509 0 0.481 0
L 0.389 0
C 0.363 0 0.354 0.014 0.354 0.029
C 0.354 0.043 0.36 0.062 0.39 0.062
L 0.4 0.062
L 0.4 0.278
C 0.4 0.322 0.401 0.374 0.351 0.374
C 0.311 0.374 0.244 0.342 0.244 0.235
L 0.244 0.062
L 0.255 0.062
C 0.28 0.062 0.29 0.047 0.29 0.032
C 0.29 0.02 0.285 0 0.255 0
L 0.148 0
C 0.12 0 0.113 0.015 0.113 0.031
C 0.113 0.056 0.13 0.062 0.15 0.062
L 0.174 0.062
L 0.174 0.549
L 0.094 0.549
L 0.094 0.491
C 0.094 0.462 0.081 0.455 0.058 0.455
L 0.057 0.455
C 0.026 0.455 0.024 0.478 0.024 0.493
Z
