M 0.012 0.326
C 0.012 0.354 0.034 0.356 0.052 0.356
L 0.205 0.356
C 0.108 0.537 0.108 0.549 0.091 0.549
L 0.076 0.549
C 0.062 0.549 0.038 0.551 0.038 0.58
C 0.038 0.591 0.043 0.611 0.075 0.611
L 0.188 0.611
C 0.215 0.611 0.224 0.596 0.224 0.581
C 0.224 0.551 0.201 0.549 0.187 0.549
L 0.181 0.549
L 0.257 0.405
L 0.327 0.549
L 0.316 0.549
C 0.286 0.55 0.281 0.568 0.281 0.58
C 0.281 0.605 0.299 0.611 0.319 0.611
L 0.432 0.611
C 0.46 0.611 0.467 0.595 0.467 0.58
C 0.467 0.551 0.442 0.549 0.433 0.549
L 0.404 0.549
L 0.307 0.356
L 0.476 0.356
C 0.508 0.356 0.512 0.336 0.512 0.325
C 0.512 0.296 0.488 0.295 0.475 0.295
L 0.308 0.295
L 0.432 0.062
L 0.459 0.062
C 0.486 0.062 0.496 0.049 0.496 0.031
C 0.496 0.02 0.491 0 0.461 0
L 0.347 0
C 0.338 0 0.31 0 0.31 0.031
C 0.31 0.046 0.32 0.062 0.346 0.062
L 0.355 0.062
L 0.257 0.253
L 0.166 0.062
L 0.178 0.062
C 0.203 0.062 0.213 0.047 0.213 0.032
C 0.213 0.02 0.207 0 0.178 0
L 0.062 0
C 0.031 0 0.027 0.02 0.027 0.03
C 0.027 0.059 0.053 0.062 0.062 0.062
L 0.09 0.062
L 0.207 0.295
L 0.048 0.295
C 0.017 0.296 0.012 0.314 0.012 0.326
Z
