M 0 0.031
C 0 0.046 0.007 0.062 0.036 0.062
L 0.046 0.062
L 0.046 0.549
L 0.034 0.549
C 0.005 0.55 0 0.569 0 0.58
C 0 0.595 0.007 0.611 0.036 0.611
L 0.126 0.611
C 0.143 0.611 0.161 0.605 0.161 0.58
C 0.161 0.564 0.152 0.553 0.137 0.549
L 0.354 0.549
L 0.389 0.55
C 0.373 0.554 0.365 0.567 0.365 0.58
C 0.365 0.589 0.369 0.611 0.4 0.611
L 0.431 0.611
C 0.465 0.611 0.467 0.592 0.467 0.573
L 0.467 0.546
C 0.467 0.523 0.468 0.526 0.468 0.517
C 0.468 0.508 0.467 0.512 0.467 0.471
L 0.467 0.338
C 0.467 0.326 0.469 0.326 0.469 0.308
C 0.469 0.284 0.467 0.259 0.467 0.247
L 0.467 0.062
L 0.478 0.062
C 0.506 0.062 0.513 0.045 0.513 0.031
C 0.513 0.015 0.503 0 0.48 0
L 0.446 0
C 0.409 0 0.411 0.026 0.41 0.038
C 0.385 -0.004 0.352 -0.011 0.332 -0.011
C 0.254 -0.011 0.191 0.076 0.191 0.189
C 0.191 0.241 0.203 0.365 0.344 0.487
L 0.116 0.487
L 0.116 0.062
L 0.125 0.062
C 0.151 0.062 0.162 0.047 0.162 0.032
C 0.162 0.021 0.158 0 0.127 0
L 0.035 0
C 0.007 0.001 0 0.017 0 0.031
Z
M 0.261 0.189
C 0.261 0.099 0.304 0.051 0.332 0.051
C 0.343 0.051 0.364 0.056 0.389 0.144
C 0.409 0.214 0.41 0.274 0.41 0.33
L 0.41 0.461
C 0.343 0.406 0.261 0.317 0.261 0.189
Z
