M 0.122 0.578
C 0.122 0.598 0.14 0.612 0.156 0.612
C 0.178 0.612 0.185 0.595 0.236 0.525
C 0.241 0.518 0.247 0.51 0.247 0.499
C 0.247 0.482 0.232 0.473 0.22 0.473
C 0.205 0.473 0.2 0.48 0.135 0.55
C 0.129 0.557 0.122 0.565 0.122 0.578
Z
M 0.165 0.134
L 0.165 0.398
C 0.165 0.413 0.166 0.436 0.198 0.436
C 0.225 0.436 0.232 0.419 0.232 0.404
L 0.232 0.139
C 0.232 0.074 0.253 0.062 0.266 0.062
C 0.289 0.062 0.292 0.101 0.293 0.104
C 0.297 0.115 0.307 0.122 0.322 0.122
L 0.324 0.122
C 0.351 0.122 0.358 0.106 0.358 0.092
C 0.358 0.045 0.321 -0.005 0.266 -0.005
C 0.212 -0.005 0.165 0.041 0.165 0.134
Z
