M 0.044 0.136
C 0.044 0.168 0.066 0.183 0.089 0.183
C 0.114 0.183 0.133 0.163 0.133 0.139
C 0.133 0.119 0.126 0.113 0.121 0.108
C 0.147 0.061 0.224 0.05 0.264 0.05
C 0.355 0.05 0.411 0.113 0.411 0.174
C 0.411 0.232 0.36 0.299 0.261 0.299
L 0.215 0.299
C 0.199 0.299 0.175 0.299 0.175 0.33
C 0.175 0.359 0.19 0.359 0.247 0.363
C 0.283 0.365 0.308 0.367 0.34 0.393
C 0.367 0.415 0.382 0.45 0.382 0.48
C 0.382 0.525 0.332 0.561 0.264 0.561
C 0.255 0.561 0.184 0.561 0.153 0.53
C 0.156 0.527 0.162 0.517 0.162 0.503
C 0.162 0.475 0.139 0.458 0.118 0.458
C 0.098 0.458 0.073 0.472 0.073 0.505
C 0.073 0.574 0.143 0.622 0.263 0.622
C 0.378 0.622 0.451 0.555 0.451 0.481
C 0.451 0.427 0.423 0.37 0.367 0.334
C 0.433 0.304 0.48 0.245 0.48 0.174
C 0.48 0.081 0.395 -0.011 0.264 -0.011
C 0.141 -0.011 0.044 0.047 0.044 0.136
Z
