M 0.056 0.216
C 0.056 0.344 0.152 0.439 0.261 0.439
C 0.285 0.439 0.309 0.434 0.332 0.425
C 0.302 0.463 0.28 0.478 0.249 0.5
L 0.248 0.5
C 0.22 0.482 0.193 0.467 0.182 0.467
C 0.166 0.467 0.15 0.485 0.15 0.503
C 0.15 0.522 0.169 0.531 0.176 0.535
C 0.106 0.557 0.064 0.536 0.063 0.577
C 0.064 0.592 0.079 0.611 0.103 0.611
C 0.179 0.611 0.24 0.578 0.247 0.578
C 0.261 0.578 0.297 0.61 0.316 0.61
C 0.335 0.61 0.348 0.589 0.348 0.575
C 0.348 0.56 0.34 0.552 0.313 0.538
C 0.342 0.513 0.365 0.497 0.395 0.457
C 0.437 0.401 0.467 0.327 0.467 0.241
L 0.467 0.224
C 0.467 0.069 0.356 -0.005 0.262 -0.005
C 0.155 -0.005 0.056 0.087 0.056 0.216
Z
M 0.126 0.223
C 0.126 0.128 0.189 0.056 0.262 0.056
C 0.338 0.056 0.397 0.136 0.397 0.219
C 0.397 0.294 0.343 0.377 0.261 0.377
C 0.185 0.377 0.126 0.307 0.126 0.223
Z
