M 0.02 0.031
C 0.02 0.06 0.045 0.062 0.057 0.062
L 0.077 0.062
L 0.077 0.549
L 0.057 0.549
C 0.046 0.549 0.02 0.55 0.02 0.58
C 0.02 0.591 0.025 0.611 0.055 0.611
L 0.154 0.611
C 0.186 0.611 0.19 0.591 0.19 0.58
C 0.19 0.569 0.185 0.549 0.153 0.549
L 0.133 0.549
L 0.133 0.394
L 0.176 0.394
L 0.176 0.475
C 0.176 0.503 0.192 0.51 0.206 0.51
C 0.221 0.51 0.237 0.504 0.237 0.476
L 0.237 0.394
L 0.243 0.397
L 0.257 0.412
L 0.365 0.549
C 0.341 0.549 0.331 0.564 0.331 0.579
C 0.331 0.589 0.335 0.611 0.367 0.611
L 0.458 0.611
C 0.479 0.611 0.49 0.596 0.49 0.58
C 0.49 0.556 0.473 0.549 0.452 0.549
L 0.437 0.549
L 0.286 0.358
L 0.45 0.062
L 0.464 0.062
C 0.493 0.062 0.498 0.043 0.498 0.031
C 0.498 0.019 0.493 0.001 0.465 0
L 0.386 0
C 0.36 0 0.351 0.015 0.351 0.03
C 0.351 0.043 0.358 0.062 0.385 0.062
L 0.237 0.328
L 0.237 0.24
C 0.237 0.208 0.215 0.205 0.207 0.205
C 0.197 0.205 0.176 0.209 0.176 0.241
L 0.176 0.332
L 0.133 0.332
L 0.133 0.062
L 0.153 0.062
C 0.185 0.062 0.19 0.043 0.19 0.031
C 0.19 0.02 0.185 0 0.155 0
L 0.056 0
C 0.028 0 0.02 0.015 0.02 0.031
Z
