M 0.32 0.61
C 0.32 0.626 0.326 0.639 0.334 0.639
C 0.346 0.639 0.386 0.562 0.392 0.562
C 0.4 0.562 0.438 0.639 0.45 0.639
C 0.458 0.639 0.465 0.622 0.465 0.61
C 0.465 0.591 0.463 0.592 0.405 0.496
C 0.403 0.492 0.398 0.484 0.392 0.484
C 0.388 0.484 0.384 0.488 0.33 0.579
C 0.326 0.586 0.32 0.595 0.32 0.61
Z
M 0.009 0.03
C 0.009 0.06 0.022 0.062 0.027 0.062
L 0.04 0.062
L 0.04 0.549
L 0.028 0.549
C 0.018 0.549 0.009 0.555 0.009 0.58
C 0.009 0.591 0.012 0.611 0.028 0.611
L 0.133 0.611
C 0.199 0.611 0.242 0.465 0.242 0.301
C 0.242 0.138 0.196 0 0.134 0
L 0.026 0
C 0.012 0 0.009 0.018 0.009 0.03
Z
M 0.076 0.062
L 0.122 0.062
C 0.183 0.062 0.208 0.198 0.208 0.3
C 0.208 0.433 0.174 0.549 0.124 0.549
L 0.076 0.549
L 0.076 0.062
Z
M 0.278 0.032
C 0.278 0.046 0.278 0.053 0.286 0.068
L 0.445 0.369
L 0.322 0.369
L 0.322 0.343
C 0.322 0.327 0.323 0.301 0.304 0.301
C 0.287 0.301 0.286 0.331 0.286 0.342
L 0.286 0.39
C 0.286 0.41 0.288 0.43 0.306 0.43
L 0.482 0.43
C 0.49 0.43 0.498 0.423 0.498 0.396
C 0.498 0.376 0.494 0.369 0.49 0.362
L 0.332 0.062
L 0.464 0.062
L 0.464 0.105
C 0.464 0.119 0.467 0.14 0.483 0.14
C 0.491 0.14 0.5 0.134 0.5 0.106
L 0.5 0.042
C 0.5 0.038 0.502 0 0.482 0
L 0.296 0
C 0.282 0.001 0.278 0.017 0.278 0.032
Z
