M 0.099 0.697
C 0.099 0.709 0.105 0.717 0.119 0.727
C 0.251 0.824 0.249 0.824 0.262 0.824
L 0.263 0.824
C 0.273 0.824 0.274 0.823 0.406 0.726
C 0.413 0.721 0.425 0.713 0.425 0.698
C 0.425 0.683 0.408 0.659 0.389 0.659
L 0.387 0.659
C 0.377 0.659 0.374 0.661 0.262 0.751
L 0.261 0.751
C 0.157 0.669 0.151 0.659 0.135 0.659
C 0.116 0.659 0.099 0.683 0.099 0.697
Z
M 0.079 0.031
C 0.079 0.061 0.105 0.061 0.12 0.061
L 0.228 0.061
L 0.228 0.55
L 0.12 0.55
C 0.105 0.55 0.079 0.55 0.079 0.581
C 0.079 0.611 0.105 0.611 0.12 0.611
L 0.405 0.611
C 0.42 0.611 0.446 0.611 0.446 0.58
C 0.446 0.55 0.42 0.55 0.405 0.55
L 0.297 0.55
L 0.297 0.061
L 0.405 0.061
C 0.42 0.061 0.446 0.061 0.446 0.03
C 0.446 0 0.42 0 0.405 0
L 0.12 0
C 0.105 0 0.079 0 0.079 0.031
Z
