M 0.322 0.561
C 0.322 0.586 0.343 0.611 0.372 0.611
C 0.402 0.611 0.422 0.586 0.422 0.561
C 0.422 0.536 0.401 0.511 0.372 0.511
C 0.342 0.511 0.322 0.536 0.322 0.561
Z
M 0.118 0.56
C 0.118 0.59 0.143 0.61 0.168 0.61
C 0.198 0.61 0.218 0.585 0.218 0.56
C 0.218 0.535 0.197 0.51 0.168 0.51
C 0.138 0.51 0.118 0.535 0.118 0.56
Z
M 0.055 0.128
C 0.055 0.224 0.178 0.274 0.355 0.277
C 0.355 0.348 0.303 0.379 0.227 0.379
C 0.218 0.379 0.205 0.379 0.191 0.378
C 0.171 0.376 0.17 0.375 0.17 0.367
C 0.169 0.33 0.141 0.321 0.126 0.321
C 0.102 0.321 0.081 0.337 0.081 0.367
C 0.081 0.44 0.183 0.44 0.226 0.44
C 0.37 0.44 0.424 0.356 0.424 0.285
L 0.424 0.069
C 0.432 0.066 0.442 0.061 0.484 0.061
C 0.499 0.061 0.524 0.061 0.524 0.031
C 0.524 0 0.502 0 0.474 0
C 0.436 0 0.388 0.001 0.366 0.032
C 0.319 0.001 0.257 -0.006 0.22 -0.006
C 0.118 -0.006 0.055 0.059 0.055 0.128
Z
M 0.124 0.128
C 0.124 0.089 0.165 0.055 0.227 0.055
C 0.235 0.055 0.28 0.055 0.316 0.072
C 0.355 0.09 0.355 0.111 0.355 0.134
L 0.355 0.218
C 0.21 0.214 0.124 0.177 0.124 0.128
Z
