M 0.046 0.221
C 0.046 0.36 0.139 0.454 0.198 0.504
L 0.188 0.504
C 0.087 0.504 0.062 0.57 0.062 0.613
C 0.062 0.643 0.082 0.65 0.095 0.65
C 0.13 0.65 0.128 0.611 0.129 0.605
C 0.131 0.587 0.143 0.567 0.187 0.567
C 0.275 0.567 0.395 0.636 0.406 0.642
C 0.413 0.646 0.42 0.65 0.429 0.65
C 0.449 0.65 0.462 0.632 0.462 0.616
C 0.462 0.592 0.437 0.582 0.425 0.575
C 0.263 0.48 0.113 0.379 0.113 0.221
C 0.113 0.163 0.149 0.067 0.274 0.067
L 0.285 0.067
C 0.373 0.067 0.43 0.057 0.46 0.02
C 0.474 0.004 0.478 -0.017 0.478 -0.033
C 0.478 -0.113 0.394 -0.132 0.306 -0.133
L 0.302 -0.133
C 0.268 -0.133 0.263 -0.11 0.263 -0.1
C 0.263 -0.085 0.272 -0.075 0.284 -0.07
C 0.303 -0.063 0.41 -0.076 0.41 -0.034
C 0.41 -0.002 0.325 0 0.291 0
L 0.27 0
C 0.122 0 0.046 0.114 0.046 0.221
Z
