M 0.027 0.4
C 0.027 0.425 0.044 0.43 0.065 0.43
L 0.167 0.43
L 0.167 0.519
C 0.167 0.532 0.169 0.554 0.201 0.554
L 0.204 0.554
C 0.221 0.554 0.237 0.546 0.237 0.518
L 0.237 0.43
L 0.384 0.43
C 0.403 0.43 0.42 0.425 0.42 0.4
C 0.42 0.385 0.413 0.369 0.384 0.369
L 0.237 0.369
L 0.237 -0.02
C 0.237 -0.026 0.236 -0.031 0.236 -0.037
C 0.236 -0.111 0.278 -0.166 0.359 -0.166
L 0.368 -0.166
C 0.391 -0.166 0.416 -0.164 0.436 -0.16
L 0.436 -0.152
C 0.436 -0.126 0.456 -0.107 0.48 -0.107
C 0.504 -0.107 0.524 -0.126 0.524 -0.152
C 0.524 -0.223 0.434 -0.227 0.363 -0.227
C 0.257 -0.227 0.167 -0.163 0.167 -0.034
L 0.167 0.369
L 0.063 0.369
C 0.034 0.369 0.027 0.385 0.027 0.4
Z
