M -0.004 0.031
C -0.004 0.06 0.021 0.062 0.033 0.062
L 0.053 0.062
L 0.053 0.369
C 0.043 0.369 0.017 0.369 0.017 0.4
C 0.017 0.415 0.027 0.43 0.051 0.43
L 0.053 0.43
L 0.053 0.483
C 0.053 0.575 0.135 0.616 0.202 0.616
C 0.25 0.616 0.27 0.598 0.281 0.587
C 0.313 0.609 0.346 0.616 0.378 0.616
C 0.407 0.616 0.414 0.612 0.431 0.611
L 0.431 0.609
C 0.434 0.609 0.438 0.61 0.443 0.61
C 0.456 0.61 0.472 0.604 0.472 0.575
L 0.472 0.062
L 0.492 0.062
C 0.524 0.062 0.529 0.042 0.529 0.031
C 0.529 0.02 0.524 0 0.494 0
L 0.393 0
C 0.368 0 0.359 0.015 0.359 0.03
C 0.359 0.06 0.383 0.062 0.397 0.062
L 0.402 0.062
L 0.402 0.369
L 0.298 0.369
L 0.298 0.062
L 0.304 0.062
C 0.331 0.062 0.341 0.048 0.341 0.033
C 0.341 0.02 0.335 0 0.305 0
L 0.219 0
C 0.194 0 0.184 0.015 0.184 0.03
C 0.184 0.044 0.192 0.057 0.206 0.06
C 0.213 0.062 0.221 0.062 0.228 0.062
L 0.228 0.369
L 0.123 0.369
L 0.123 0.062
L 0.128 0.062
C 0.143 0.062 0.166 0.06 0.166 0.03
C 0.166 0.015 0.157 0 0.132 0
L 0.031 0
C 0.003 0 -0.004 0.017 -0.004 0.031
Z
M 0.123 0.43
L 0.228 0.43
L 0.228 0.469
L 0.23 0.511
C 0.225 0.516 0.212 0.526 0.212 0.548
C 0.212 0.55 0.213 0.551 0.213 0.553
C 0.207 0.554 0.201 0.554 0.196 0.554
C 0.168 0.554 0.123 0.54 0.123 0.482
L 0.123 0.43
Z
M 0.298 0.43
L 0.402 0.43
L 0.402 0.522
L 0.393 0.533
L 0.388 0.545
L 0.387 0.554
L 0.374 0.554
C 0.342 0.554 0.298 0.54 0.298 0.482
L 0.298 0.43
Z
