M 0.047 0.031
C 0.047 0.042 0.052 0.061 0.081 0.062
L 0.144 0.062
L 0.144 0.369
L 0.084 0.369
C 0.074 0.369 0.047 0.369 0.047 0.399
C 0.047 0.413 0.054 0.43 0.082 0.43
L 0.442 0.43
C 0.459 0.43 0.482 0.429 0.482 0.395
L 0.482 0.336
C 0.482 0.308 0.468 0.301 0.446 0.301
C 0.41 0.301 0.412 0.329 0.412 0.342
L 0.412 0.369
L 0.214 0.369
L 0.214 0.062
L 0.3 0.062
C 0.328 0.062 0.335 0.046 0.335 0.031
C 0.335 0.013 0.325 0 0.299 0
L 0.082 0
C 0.054 0 0.047 0.017 0.047 0.031
Z
M 0.148 0.546
C 0.148 0.565 0.163 0.572 0.178 0.578
C 0.309 0.635 0.316 0.639 0.327 0.639
C 0.344 0.639 0.361 0.625 0.361 0.604
C 0.361 0.582 0.343 0.573 0.331 0.568
C 0.187 0.505 0.192 0.506 0.182 0.506
C 0.155 0.506 0.148 0.54 0.148 0.546
Z
