M 0.008 0.379
C 0.009 0.392 0.017 0.409 0.05 0.409
L 0.152 0.409
C 0.185 0.409 0.187 0.414 0.187 0.459
C 0.187 0.503 0.183 0.507 0.151 0.507
L 0.11 0.507
C 0.074 0.507 0.042 0.511 0.021 0.542
C 0.009 0.56 0.008 0.58 0.008 0.601
C 0.008 0.694 0.068 0.694 0.119 0.694
L 0.203 0.694
C 0.21 0.694 0.216 0.694 0.223 0.693
C 0.242 0.69 0.252 0.677 0.252 0.663
C 0.252 0.654 0.248 0.633 0.211 0.633
L 0.107 0.633
C 0.079 0.633 0.079 0.629 0.078 0.607
L 0.078 0.595
C 0.079 0.572 0.079 0.569 0.113 0.569
L 0.158 0.569
C 0.256 0.569 0.257 0.498 0.257 0.462
L 0.257 0.449
C 0.257 0.349 0.191 0.347 0.147 0.347
L 0.05 0.347
C 0.016 0.347 0.008 0.366 0.008 0.379
Z
M 0.27 0.373
L 0.27 0.665
C 0.27 0.673 0.269 0.705 0.305 0.705
C 0.334 0.705 0.335 0.694 0.393 0.562
C 0.452 0.695 0.447 0.687 0.454 0.694
C 0.46 0.7 0.469 0.705 0.48 0.705
C 0.493 0.705 0.515 0.699 0.515 0.666
L 0.515 0.374
C 0.516 0.345 0.494 0.336 0.48 0.336
C 0.442 0.336 0.445 0.37 0.445 0.381
L 0.445 0.51
C 0.427 0.466 0.419 0.446 0.392 0.446
C 0.363 0.446 0.358 0.469 0.34 0.51
L 0.34 0.378
C 0.34 0.37 0.342 0.336 0.305 0.336
C 0.295 0.336 0.271 0.341 0.27 0.373
Z
