M 0.024 0.619
C 0.024 0.664 0.071 0.694 0.126 0.694
C 0.192 0.694 0.228 0.651 0.272 0.651
C 0.33 0.651 0.298 0.694 0.342 0.694
L 0.343 0.694
C 0.361 0.694 0.374 0.682 0.374 0.665
C 0.374 0.62 0.328 0.59 0.272 0.59
C 0.206 0.59 0.17 0.632 0.126 0.632
C 0.069 0.632 0.1 0.59 0.057 0.59
L 0.055 0.59
C 0.037 0.59 0.024 0.601 0.024 0.619
Z
M 0.144 0.529
C 0.144 0.562 0.172 0.584 0.198 0.584
C 0.217 0.584 0.23 0.569 0.23 0.553
C 0.23 0.544 0.225 0.534 0.215 0.526
L 0.215 0.525
C 0.217 0.523 0.23 0.515 0.23 0.501
C 0.23 0.493 0.224 0.474 0.201 0.474
C 0.175 0.474 0.144 0.495 0.144 0.529
Z
M 0.166 0.134
L 0.166 0.398
C 0.166 0.413 0.167 0.436 0.199 0.436
C 0.226 0.436 0.233 0.419 0.233 0.404
L 0.233 0.139
C 0.233 0.074 0.253 0.062 0.266 0.062
C 0.289 0.062 0.292 0.101 0.293 0.104
C 0.297 0.115 0.307 0.123 0.322 0.123
C 0.323 0.123 0.323 0.122 0.324 0.122
C 0.349 0.122 0.358 0.11 0.358 0.091
C 0.358 0.051 0.325 -0.005 0.266 -0.005
C 0.226 -0.005 0.166 0.026 0.166 0.134
Z
