M 0.086 0.684
C 0.086 0.759 0.163 0.819 0.263 0.819
C 0.368 0.819 0.439 0.755 0.439 0.683
C 0.439 0.664 0.427 0.652 0.408 0.652
C 0.376 0.652 0.378 0.684 0.376 0.692
C 0.368 0.729 0.321 0.755 0.262 0.755
C 0.215 0.755 0.154 0.735 0.148 0.685
C 0.147 0.673 0.144 0.652 0.117 0.652
C 0.099 0.652 0.086 0.664 0.086 0.684
Z
M 0.079 0.031
C 0.079 0.061 0.105 0.061 0.12 0.061
L 0.228 0.061
L 0.228 0.55
L 0.12 0.55
C 0.105 0.55 0.079 0.55 0.079 0.581
C 0.079 0.611 0.105 0.611 0.12 0.611
L 0.405 0.611
C 0.42 0.611 0.446 0.611 0.446 0.58
C 0.446 0.55 0.42 0.55 0.405 0.55
L 0.297 0.55
L 0.297 0.061
L 0.405 0.061
C 0.42 0.061 0.446 0.061 0.446 0.03
C 0.446 0 0.42 0 0.405 0
L 0.12 0
C 0.105 0 0.079 0 0.079 0.031
Z
