M 0.058 0.349
L 0.058 0.395
C 0.058 0.404 0.055 0.436 0.088 0.436
C 0.101 0.436 0.112 0.428 0.126 0.418
C 0.163 0.436 0.21 0.439 0.231 0.439
C 0.354 0.439 0.451 0.338 0.451 0.215
C 0.451 0.099 0.361 -0.005 0.232 -0.005
C 0.098 -0.005 0.059 0.087 0.059 0.109
C 0.059 0.13 0.077 0.137 0.094 0.137
C 0.103 0.137 0.111 0.136 0.116 0.132
C 0.132 0.121 0.136 0.056 0.225 0.056
C 0.31 0.056 0.376 0.125 0.381 0.207
L 0.198 0.207
C 0.169 0.207 0.163 0.225 0.163 0.237
C 0.163 0.265 0.184 0.267 0.203 0.267
L 0.373 0.267
C 0.348 0.343 0.287 0.377 0.23 0.377
C 0.138 0.377 0.13 0.332 0.12 0.322
C 0.112 0.314 0.103 0.313 0.091 0.313
C 0.06 0.313 0.058 0.335 0.058 0.349
Z
