M 0.018 0.031
C 0.018 0.049 0.029 0.062 0.056 0.062
L 0.081 0.062
L 0.081 0.549
L 0.056 0.549
C 0.036 0.549 0.018 0.555 0.018 0.579
C 0.018 0.607 0.04 0.611 0.055 0.611
L 0.178 0.611
C 0.21 0.611 0.214 0.591 0.214 0.58
C 0.214 0.55 0.188 0.549 0.179 0.549
L 0.151 0.549
L 0.151 0.437
C 0.183 0.469 0.228 0.5 0.296 0.5
C 0.341 0.5 0.402 0.485 0.428 0.413
C 0.441 0.379 0.442 0.341 0.442 0.305
L 0.442 0.062
L 0.468 0.062
C 0.481 0.062 0.505 0.059 0.505 0.031
C 0.505 0.006 0.487 0 0.468 0
L 0.346 0
C 0.314 0 0.309 0.02 0.309 0.031
C 0.309 0.049 0.32 0.062 0.347 0.062
L 0.372 0.062
L 0.372 0.305
C 0.372 0.38 0.363 0.439 0.292 0.439
C 0.236 0.439 0.151 0.391 0.151 0.241
L 0.151 0.062
L 0.177 0.062
C 0.19 0.062 0.214 0.059 0.214 0.031
C 0.214 0.006 0.196 0 0.177 0
L 0.054 0
C 0.022 0 0.018 0.02 0.018 0.031
Z
