M 0.1 -0.174
C 0.1 -0.162 0.106 -0.154 0.12 -0.144
C 0.25 -0.047 0.252 -0.047 0.262 -0.047
L 0.264 -0.047
C 0.275 -0.047 0.276 -0.05 0.408 -0.145
C 0.414 -0.15 0.426 -0.159 0.426 -0.173
C 0.426 -0.189 0.408 -0.212 0.39 -0.212
C 0.372 -0.212 0.304 -0.153 0.262 -0.12
C 0.158 -0.203 0.15 -0.212 0.136 -0.212
C 0.116 -0.212 0.1 -0.188 0.1 -0.174
Z
M 0.004 0.581
C 0.004 0.611 0.03 0.611 0.045 0.611
L 0.174 0.611
C 0.189 0.611 0.215 0.611 0.215 0.581
C 0.215 0.55 0.189 0.55 0.174 0.55
L 0.144 0.55
L 0.144 0.209
C 0.144 0.102 0.209 0.05 0.262 0.05
C 0.314 0.05 0.38 0.102 0.38 0.209
L 0.38 0.55
L 0.35 0.55
C 0.335 0.55 0.309 0.55 0.309 0.581
C 0.309 0.611 0.335 0.611 0.35 0.611
L 0.479 0.611
C 0.494 0.611 0.52 0.611 0.52 0.581
C 0.52 0.55 0.495 0.55 0.479 0.55
L 0.449 0.55
L 0.449 0.204
C 0.449 0.081 0.362 -0.011 0.262 -0.011
C 0.162 -0.011 0.075 0.081 0.075 0.204
L 0.075 0.55
L 0.045 0.55
C 0.03 0.55 0.004 0.55 0.004 0.581
Z
