M 0.026 0.487
L 0.026 0.574
C 0.026 0.604 0.041 0.611 0.063 0.611
L 0.463 0.611
C 0.5 0.611 0.498 0.583 0.498 0.573
L 0.498 0.491
C 0.498 0.474 0.493 0.455 0.465 0.455
L 0.464 0.455
C 0.451 0.455 0.429 0.455 0.428 0.488
L 0.428 0.549
L 0.297 0.549
L 0.297 0.062
L 0.356 0.062
C 0.383 0.061 0.389 0.044 0.389 0.031
C 0.389 0.002 0.367 0 0.353 0
L 0.297 0
L 0.297 -0.01
C 0.297 -0.01 0.385 -0.029 0.385 -0.107
C 0.385 -0.203 0.268 -0.208 0.186 -0.208
L 0.174 -0.208
C 0.162 -0.208 0.14 -0.205 0.14 -0.177
C 0.14 -0.163 0.148 -0.147 0.176 -0.147
L 0.195 -0.147
C 0.263 -0.146 0.314 -0.139 0.314 -0.107
C 0.314 -0.083 0.288 -0.071 0.267 -0.068
C 0.244 -0.065 0.227 -0.068 0.227 -0.026
L 0.227 0
L 0.173 0
C 0.162 0 0.135 0.001 0.135 0.031
C 0.135 0.046 0.144 0.061 0.168 0.062
L 0.227 0.062
L 0.227 0.549
L 0.096 0.549
L 0.096 0.495
C 0.096 0.482 0.098 0.455 0.062 0.455
L 0.058 0.455
C 0.044 0.455 0.027 0.46 0.026 0.487
Z
