M 0.012 0.305
C 0.012 0.322 0.024 0.324 0.034 0.324
L 0.066 0.324
L 0.066 0.616
L 0.039 0.617
L 0.032 0.617
C 0.019 0.618 0.012 0.626 0.012 0.635
C 0.012 0.643 0.018 0.652 0.03 0.653
C 0.034 0.653 0.039 0.654 0.043 0.654
L 0.065 0.654
L 0.077 0.653
C 0.098 0.653 0.1 0.643 0.1 0.631
L 0.1 0.419
L 0.196 0.508
L 0.175 0.508
C 0.164 0.508 0.15 0.509 0.15 0.528
C 0.15 0.545 0.164 0.545 0.172 0.545
L 0.268 0.545
C 0.278 0.545 0.291 0.545 0.291 0.528
C 0.291 0.512 0.28 0.508 0.269 0.508
L 0.253 0.508
C 0.238 0.508 0.229 0.489 0.172 0.44
L 0.255 0.333
C 0.262 0.324 0.262 0.324 0.273 0.324
L 0.283 0.324
C 0.298 0.324 0.305 0.314 0.305 0.305
C 0.305 0.288 0.29 0.287 0.284 0.287
L 0.206 0.287
C 0.191 0.287 0.185 0.296 0.185 0.305
C 0.185 0.311 0.187 0.324 0.206 0.324
L 0.218 0.324
L 0.148 0.416
L 0.1 0.372
L 0.1 0.324
L 0.128 0.324
C 0.138 0.324 0.153 0.324 0.153 0.305
C 0.153 0.297 0.148 0.287 0.13 0.287
L 0.035 0.287
C 0.019 0.287 0.012 0.296 0.012 0.305
Z
