M 0.203 0.727
C 0.203 0.749 0.223 0.754 0.235 0.758
C 0.376 0.806 0.375 0.807 0.385 0.807
C 0.402 0.807 0.419 0.793 0.419 0.772
C 0.419 0.75 0.403 0.741 0.387 0.736
C 0.251 0.69 0.241 0.686 0.235 0.686
C 0.209 0.686 0.203 0.718 0.203 0.727
Z
M 0.026 0.031
C 0.026 0.061 0.052 0.061 0.067 0.061
L 0.089 0.061
L 0.089 0.55
L 0.067 0.55
C 0.051 0.55 0.026 0.55 0.026 0.581
C 0.026 0.611 0.052 0.611 0.067 0.611
L 0.167 0.611
C 0.183 0.611 0.208 0.611 0.208 0.58
C 0.208 0.55 0.182 0.55 0.167 0.55
L 0.145 0.55
L 0.145 0.284
L 0.356 0.55
C 0.342 0.55 0.315 0.55 0.315 0.58
C 0.315 0.611 0.341 0.611 0.356 0.611
L 0.444 0.611
C 0.458 0.611 0.485 0.611 0.485 0.581
C 0.485 0.55 0.464 0.55 0.428 0.55
L 0.276 0.358
L 0.436 0.073
C 0.437 0.071 0.441 0.065 0.443 0.061
C 0.472 0.061 0.495 0.061 0.495 0.03
C 0.495 0 0.469 0 0.454 0
L 0.379 0
C 0.363 0 0.338 0 0.338 0.031
C 0.338 0.061 0.364 0.061 0.378 0.061
L 0.238 0.311
L 0.145 0.194
L 0.145 0.061
L 0.167 0.061
C 0.183 0.061 0.208 0.061 0.208 0.03
C 0.208 0 0.182 0 0.167 0
L 0.067 0
C 0.051 0 0.026 0 0.026 0.031
Z
