M 0.087 0.619
C 0.087 0.664 0.135 0.694 0.189 0.694
C 0.255 0.694 0.291 0.651 0.335 0.651
C 0.393 0.651 0.36 0.694 0.404 0.694
L 0.406 0.694
C 0.424 0.694 0.436 0.683 0.436 0.665
C 0.436 0.62 0.39 0.59 0.334 0.59
C 0.27 0.59 0.232 0.632 0.188 0.632
C 0.131 0.632 0.163 0.59 0.12 0.59
L 0.118 0.59
C 0.1 0.59 0.087 0.601 0.087 0.619
Z
M 0.155 0.529
C 0.155 0.547 0.171 0.565 0.192 0.565
C 0.213 0.565 0.23 0.55 0.23 0.528
C 0.23 0.506 0.211 0.491 0.193 0.491
C 0.171 0.491 0.155 0.509 0.155 0.529
Z
M 0.293 0.528
C 0.293 0.548 0.31 0.565 0.331 0.565
C 0.354 0.565 0.368 0.546 0.368 0.528
C 0.368 0.511 0.354 0.491 0.331 0.491
C 0.309 0.491 0.293 0.508 0.293 0.528
Z
