M 0.065 -0.017
C 0.065 -0.006 0.071 0.018 0.105 0.018
C 0.143 0.018 0.207 0.014 0.232 0.013
C 0.232 0.044 0.228 0.1 0.227 0.144
C 0.227 0.153 0.227 0.162 0.23 0.171
C 0.237 0.189 0.252 0.194 0.262 0.194
C 0.279 0.194 0.295 0.182 0.297 0.162
C 0.298 0.156 0.297 0.149 0.297 0.143
C 0.296 0.099 0.292 0.044 0.292 0.013
C 0.332 0.014 0.384 0.018 0.413 0.018
L 0.417 0.018
C 0.454 0.018 0.458 -0.008 0.458 -0.017
C 0.458 -0.027 0.453 -0.052 0.418 -0.052
C 0.375 -0.052 0.334 -0.048 0.292 -0.047
C 0.292 -0.074 0.297 -0.135 0.297 -0.174
C 0.297 -0.195 0.297 -0.227 0.262 -0.227
C 0.245 -0.227 0.231 -0.216 0.228 -0.196
C 0.227 -0.19 0.227 -0.183 0.227 -0.177
C 0.228 -0.125 0.232 -0.073 0.232 -0.047
C 0.192 -0.048 0.14 -0.052 0.111 -0.052
L 0.107 -0.052
C 0.07 -0.052 0.065 -0.026 0.065 -0.017
Z
M 0.065 0.405
C 0.065 0.425 0.08 0.436 0.092 0.439
C 0.098 0.44 0.105 0.44 0.111 0.44
C 0.14 0.44 0.192 0.436 0.232 0.435
C 0.232 0.461 0.228 0.513 0.227 0.565
L 0.227 0.574
C 0.227 0.612 0.253 0.616 0.262 0.616
C 0.279 0.616 0.289 0.605 0.294 0.594
C 0.296 0.589 0.297 0.577 0.297 0.562
C 0.297 0.522 0.292 0.458 0.292 0.435
C 0.332 0.436 0.384 0.44 0.413 0.44
L 0.417 0.44
C 0.454 0.44 0.458 0.414 0.458 0.405
C 0.458 0.395 0.453 0.37 0.418 0.37
C 0.375 0.37 0.334 0.374 0.292 0.375
C 0.292 0.348 0.297 0.287 0.297 0.248
C 0.297 0.227 0.297 0.195 0.262 0.195
C 0.245 0.195 0.231 0.206 0.228 0.226
C 0.227 0.232 0.227 0.239 0.227 0.245
C 0.228 0.297 0.232 0.349 0.232 0.375
C 0.19 0.374 0.148 0.37 0.105 0.37
C 0.07 0.371 0.065 0.395 0.065 0.405
Z
