M 0.075 0.788
C 0.075 0.807 0.088 0.819 0.106 0.819
C 0.138 0.819 0.136 0.788 0.138 0.78
C 0.146 0.743 0.193 0.716 0.252 0.716
C 0.304 0.716 0.361 0.739 0.367 0.786
C 0.367 0.788 0.367 0.819 0.398 0.819
C 0.41 0.819 0.428 0.813 0.428 0.788
C 0.428 0.714 0.354 0.652 0.252 0.652
C 0.146 0.652 0.075 0.717 0.075 0.788
Z
M 0.027 0.03
C 0.027 0.043 0.033 0.053 0.044 0.059
C 0.05 0.061 0.073 0.061 0.087 0.061
L 0.208 0.585
C 0.217 0.623 0.233 0.623 0.262 0.623
C 0.293 0.623 0.307 0.622 0.316 0.584
L 0.437 0.061
C 0.452 0.061 0.474 0.061 0.48 0.058
C 0.492 0.053 0.497 0.043 0.497 0.03
C 0.497 0 0.471 0 0.454 0
L 0.352 0
C 0.334 0 0.31 0 0.31 0.03
C 0.31 0.061 0.33 0.061 0.366 0.061
L 0.343 0.165
L 0.181 0.165
L 0.158 0.061
C 0.194 0.061 0.214 0.061 0.214 0.03
C 0.214 0 0.19 0 0.172 0
L 0.07 0
C 0.053 0 0.027 0 0.027 0.03
Z
M 0.196 0.226
L 0.328 0.226
L 0.262 0.54
Z
