M 0.142 0.562
C 0.142 0.605 0.178 0.639 0.217 0.639
C 0.239 0.639 0.256 0.624 0.256 0.601
C 0.256 0.579 0.238 0.564 0.218 0.564
C 0.21 0.564 0.205 0.566 0.197 0.57
L 0.197 0.564
C 0.197 0.526 0.256 0.554 0.256 0.512
C 0.256 0.504 0.25 0.485 0.226 0.485
C 0.189 0.485 0.142 0.513 0.142 0.562
Z
M 0.264 0.499
C 0.264 0.512 0.274 0.522 0.324 0.591
C 0.334 0.605 0.343 0.612 0.356 0.612
C 0.373 0.612 0.389 0.598 0.389 0.578
C 0.389 0.561 0.38 0.556 0.321 0.492
C 0.31 0.48 0.303 0.473 0.291 0.473
C 0.277 0.473 0.264 0.484 0.264 0.499
Z
M 0.019 0.403
C 0.019 0.415 0.028 0.442 0.061 0.442
C 0.092 0.442 0.141 0.426 0.169 0.362
C 0.199 0.409 0.25 0.442 0.304 0.442
C 0.375 0.442 0.482 0.382 0.482 0.2
L 0.482 -0.193
C 0.482 -0.229 0.458 -0.233 0.448 -0.233
C 0.438 -0.233 0.415 -0.229 0.415 -0.193
L 0.415 0.203
C 0.415 0.335 0.346 0.374 0.304 0.374
C 0.281 0.374 0.194 0.35 0.194 0.204
L 0.194 0.036
C 0.193 0.026 0.196 -0.011 0.161 -0.011
C 0.146 -0.011 0.131 -0.001 0.128 0.015
C 0.127 0.022 0.127 0.03 0.127 0.037
L 0.127 0.203
C 0.127 0.333 0.093 0.373 0.07 0.373
C 0.064 0.373 0.058 0.37 0.051 0.37
C 0.035 0.37 0.019 0.385 0.019 0.403
Z
