M -0.008 0.317
C -0.008 0.331 -0.001 0.348 0.027 0.348
L 0.141 0.348
L 0.141 0.549
L 0.084 0.549
C 0.07 0.549 0.047 0.552 0.047 0.58
C 0.047 0.605 0.064 0.611 0.083 0.611
L 0.446 0.611
C 0.483 0.611 0.482 0.584 0.482 0.573
L 0.482 0.489
C 0.482 0.461 0.464 0.455 0.449 0.455
L 0.447 0.455
C 0.434 0.455 0.413 0.455 0.412 0.488
L 0.412 0.549
L 0.211 0.549
L 0.211 0.348
L 0.323 0.348
C 0.354 0.348 0.358 0.329 0.358 0.318
C 0.358 0.307 0.354 0.287 0.323 0.287
L 0.211 0.287
L 0.211 0.062
L 0.294 0.062
C 0.322 0.062 0.328 0.045 0.328 0.031
C 0.328 0.015 0.321 0 0.292 0
L 0.082 0
C 0.051 0 0.047 0.019 0.047 0.03
C 0.047 0.044 0.053 0.061 0.08 0.062
L 0.141 0.062
L 0.141 0.287
L 0.03 0.287
C 0.017 0.287 -0.008 0.287 -0.008 0.317
Z
