M 0.079 0.96
C 0.079 0.975 0.091 0.988 0.107 0.988
C 0.119 0.988 0.121 0.985 0.28 0.882
C 0.289 0.876 0.308 0.867 0.308 0.848
C 0.308 0.831 0.293 0.82 0.281 0.82
C 0.267 0.821 0.278 0.816 0.106 0.927
C 0.097 0.933 0.079 0.942 0.079 0.96
Z
M 0.114 0.772
C 0.114 0.792 0.128 0.803 0.142 0.803
C 0.17 0.803 0.172 0.77 0.172 0.77
C 0.177 0.75 0.208 0.732 0.272 0.732
C 0.303 0.732 0.355 0.737 0.369 0.763
C 0.373 0.771 0.372 0.803 0.401 0.803
C 0.41 0.803 0.429 0.796 0.429 0.772
C 0.429 0.733 0.397 0.675 0.271 0.675
C 0.147 0.675 0.114 0.733 0.114 0.772
Z
M 0.027 0.03
C 0.027 0.043 0.033 0.053 0.044 0.059
C 0.05 0.061 0.073 0.061 0.087 0.061
L 0.208 0.585
C 0.217 0.623 0.233 0.623 0.262 0.623
C 0.293 0.623 0.307 0.622 0.316 0.584
L 0.437 0.061
C 0.452 0.061 0.474 0.061 0.48 0.058
C 0.492 0.053 0.497 0.043 0.497 0.03
C 0.497 0 0.471 0 0.454 0
L 0.352 0
C 0.334 0 0.31 0 0.31 0.03
C 0.31 0.061 0.33 0.061 0.366 0.061
L 0.343 0.165
L 0.181 0.165
L 0.158 0.061
C 0.194 0.061 0.214 0.061 0.214 0.03
C 0.214 0 0.19 0 0.172 0
L 0.07 0
C 0.053 0 0.027 0 0.027 0.03
Z
M 0.196 0.226
L 0.328 0.226
L 0.262 0.54
Z
