M 0.167 0.722
C 0.167 0.751 0.193 0.772 0.217 0.772
C 0.243 0.772 0.267 0.751 0.267 0.722
C 0.267 0.693 0.243 0.672 0.219 0.672
C 0.189 0.672 0.167 0.695 0.167 0.722
Z
M 0.019 0.03
C 0.019 0.061 0.044 0.061 0.06 0.061
L 0.082 0.061
L 0.082 0.55
L 0.06 0.55
C 0.045 0.55 0.019 0.55 0.019 0.58
C 0.019 0.611 0.044 0.611 0.06 0.611
L 0.266 0.611
C 0.399 0.611 0.485 0.461 0.485 0.301
C 0.485 0.14 0.397 0 0.266 0
L 0.06 0
C 0.045 0 0.019 0 0.019 0.03
Z
M 0.151 0.061
L 0.247 0.061
C 0.358 0.061 0.416 0.184 0.416 0.301
C 0.416 0.417 0.36 0.55 0.247 0.55
L 0.151 0.55
L 0.151 0.061
Z
