M 0.053 0.418
C 0.053 0.539 0.154 0.622 0.265 0.622
C 0.36 0.622 0.471 0.553 0.471 0.312
C 0.471 0.114 0.348 -0.011 0.216 -0.011
C 0.088 -0.011 0.07 0.06 0.07 0.092
C 0.07 0.122 0.09 0.139 0.115 0.139
C 0.141 0.139 0.159 0.119 0.159 0.095
C 0.159 0.078 0.154 0.072 0.15 0.067
C 0.171 0.051 0.207 0.05 0.216 0.05
C 0.312 0.05 0.39 0.149 0.4 0.273
C 0.355 0.232 0.303 0.215 0.251 0.215
C 0.141 0.215 0.053 0.304 0.053 0.418
Z
M 0.122 0.418
C 0.122 0.344 0.175 0.277 0.256 0.277
C 0.339 0.277 0.393 0.334 0.393 0.389
C 0.393 0.398 0.389 0.414 0.389 0.419
C 0.389 0.424 0.39 0.426 0.39 0.428
C 0.39 0.434 0.378 0.485 0.352 0.518
C 0.336 0.538 0.308 0.561 0.265 0.561
C 0.193 0.561 0.122 0.505 0.122 0.418
Z
