M 0.043 0.22
C 0.043 0.234 0.052 0.24 0.06 0.248
L 0.248 0.42
C 0.258 0.428 0.266 0.439 0.283 0.439
C 0.308 0.439 0.313 0.42 0.313 0.411
C 0.313 0.398 0.306 0.391 0.293 0.379
C 0.154 0.252 0.136 0.235 0.118 0.22
L 0.118 0.219
C 0.136 0.204 0.154 0.187 0.293 0.06
C 0.306 0.048 0.313 0.041 0.313 0.028
C 0.313 0.02 0.308 0 0.283 0
C 0.266 0 0.257 0.011 0.248 0.019
L 0.06 0.191
C 0.052 0.199 0.043 0.205 0.043 0.22
Z
M 0.175 0.22
C 0.175 0.234 0.184 0.24 0.192 0.248
L 0.38 0.42
C 0.39 0.428 0.397 0.439 0.414 0.439
C 0.439 0.439 0.445 0.42 0.445 0.411
C 0.445 0.398 0.437 0.391 0.424 0.379
C 0.285 0.252 0.268 0.235 0.25 0.22
L 0.25 0.219
C 0.268 0.204 0.285 0.187 0.424 0.06
C 0.437 0.048 0.445 0.041 0.445 0.028
C 0.445 0.02 0.439 0 0.414 0
C 0.397 0 0.389 0.011 0.38 0.019
L 0.192 0.191
C 0.184 0.199 0.175 0.205 0.175 0.22
Z
