M 0.022 0.4
C 0.022 0.414 0.029 0.43 0.056 0.43
L 0.144 0.43
C 0.156 0.43 0.178 0.428 0.178 0.399
C 0.178 0.388 0.174 0.369 0.142 0.369
L 0.122 0.369
L 0.122 0.14
C 0.122 0.088 0.13 0.057 0.159 0.057
C 0.192 0.057 0.24 0.092 0.24 0.191
L 0.24 0.369
L 0.234 0.369
C 0.22 0.369 0.197 0.371 0.197 0.401
C 0.197 0.416 0.206 0.43 0.231 0.43
L 0.319 0.43
C 0.331 0.43 0.353 0.428 0.353 0.399
C 0.353 0.388 0.349 0.369 0.317 0.369
L 0.297 0.369
L 0.297 0.14
C 0.297 0.088 0.304 0.057 0.333 0.057
C 0.366 0.057 0.415 0.092 0.415 0.191
L 0.415 0.369
L 0.394 0.369
C 0.384 0.369 0.358 0.37 0.358 0.4
C 0.358 0.412 0.363 0.43 0.393 0.43
L 0.492 0.43
C 0.523 0.43 0.528 0.41 0.528 0.4
C 0.528 0.37 0.504 0.369 0.492 0.369
L 0.471 0.369
L 0.471 -0.16
L 0.492 -0.16
C 0.521 -0.16 0.528 -0.176 0.528 -0.191
C 0.528 -0.216 0.51 -0.222 0.49 -0.222
L 0.45 -0.222
C 0.433 -0.222 0.416 -0.218 0.415 -0.188
L 0.415 0.03
C 0.394 0.011 0.366 -0.005 0.329 -0.005
C 0.29 -0.005 0.267 0.017 0.254 0.046
L 0.253 0.046
C 0.216 -0.002 0.169 -0.005 0.154 -0.005
C 0.127 -0.005 0.094 0.007 0.077 0.052
C 0.067 0.08 0.065 0.11 0.065 0.139
L 0.065 0.369
L 0.06 0.369
C 0.045 0.369 0.022 0.371 0.022 0.4
Z
