M 0.209 0.562
C 0.209 0.59 0.231 0.612 0.259 0.612
C 0.287 0.612 0.309 0.59 0.309 0.562
C 0.309 0.534 0.287 0.512 0.259 0.512
C 0.231 0.512 0.209 0.534 0.209 0.562
Z
M 0.078 0.03
C 0.078 0.061 0.103 0.061 0.119 0.061
L 0.24 0.061
L 0.24 0.37
L 0.127 0.37
C 0.112 0.37 0.086 0.37 0.086 0.401
C 0.086 0.431 0.112 0.431 0.127 0.431
L 0.269 0.431
C 0.303 0.431 0.309 0.421 0.309 0.39
L 0.309 0.061
L 0.414 0.061
C 0.429 0.061 0.455 0.061 0.455 0.03
C 0.455 0 0.429 0 0.414 0
L 0.119 0
C 0.104 0 0.078 0 0.078 0.03
Z
