M 0.018 0.317
C 0.018 0.473 0.127 0.508 0.227 0.512
L 0.227 0.549
L 0.188 0.549
C 0.176 0.549 0.151 0.55 0.151 0.58
C 0.151 0.609 0.177 0.611 0.186 0.611
L 0.338 0.611
C 0.345 0.611 0.373 0.609 0.373 0.58
C 0.373 0.551 0.347 0.549 0.337 0.549
L 0.297 0.549
L 0.297 0.512
C 0.399 0.507 0.505 0.473 0.505 0.317
C 0.505 0.162 0.396 0.127 0.297 0.123
L 0.297 0.062
L 0.335 0.062
C 0.347 0.062 0.372 0.061 0.372 0.031
C 0.372 0.002 0.347 0 0.338 0
L 0.188 0
C 0.176 0 0.151 0 0.151 0.031
C 0.151 0.06 0.177 0.062 0.187 0.062
L 0.227 0.062
L 0.227 0.123
C 0.128 0.127 0.018 0.162 0.018 0.317
Z
M 0.088 0.316
C 0.088 0.21 0.169 0.188 0.227 0.185
L 0.227 0.45
C 0.111 0.444 0.088 0.375 0.088 0.316
Z
M 0.297 0.185
C 0.413 0.192 0.435 0.263 0.435 0.316
C 0.435 0.373 0.414 0.443 0.297 0.45
L 0.297 0.185
Z
