M 0.023 0.193
C 0.023 0.334 0.119 0.464 0.262 0.464
C 0.398 0.464 0.5 0.34 0.5 0.194
C 0.5 0.083 0.441 -0.005 0.352 -0.005
C 0.296 -0.005 0.269 0.031 0.258 0.049
C 0.227 -0.001 0.179 -0.005 0.16 -0.005
C 0.071 -0.005 0.023 0.087 0.023 0.193
Z
M 0.093 0.191
C 0.093 0.139 0.107 0.056 0.161 0.056
C 0.224 0.056 0.229 0.162 0.229 0.162
C 0.229 0.172 0.227 0.185 0.227 0.242
L 0.227 0.256
C 0.227 0.298 0.248 0.306 0.262 0.306
C 0.272 0.306 0.297 0.302 0.297 0.258
L 0.297 0.243
C 0.297 0.196 0.293 0.18 0.293 0.164
C 0.293 0.137 0.302 0.056 0.351 0.056
C 0.414 0.056 0.43 0.144 0.43 0.192
C 0.43 0.302 0.363 0.402 0.262 0.402
C 0.171 0.402 0.093 0.317 0.093 0.191
Z
