M 0.09 0.776
C 0.09 0.791 0.104 0.804 0.119 0.804
C 0.134 0.804 0.143 0.793 0.211 0.732
L 0.234 0.711
L 0.235 0.711
C 0.243 0.719 0.251 0.726 0.317 0.785
C 0.329 0.795 0.337 0.804 0.35 0.804
C 0.365 0.804 0.379 0.791 0.379 0.775
C 0.379 0.762 0.37 0.753 0.365 0.748
C 0.247 0.635 0.25 0.636 0.235 0.636
C 0.22 0.636 0.223 0.635 0.105 0.748
C 0.098 0.755 0.09 0.763 0.09 0.776
Z
M 0.019 0.03
C 0.019 0.061 0.044 0.061 0.06 0.061
L 0.082 0.061
L 0.082 0.55
L 0.06 0.55
C 0.045 0.55 0.019 0.55 0.019 0.58
C 0.019 0.611 0.044 0.611 0.06 0.611
L 0.266 0.611
C 0.399 0.611 0.485 0.461 0.485 0.301
C 0.485 0.14 0.397 0 0.266 0
L 0.06 0
C 0.045 0 0.019 0 0.019 0.03
Z
M 0.151 0.061
L 0.247 0.061
C 0.358 0.061 0.416 0.184 0.416 0.301
C 0.416 0.417 0.36 0.55 0.247 0.55
L 0.151 0.55
L 0.151 0.061
Z
