M -0.01 0.506
C -0.01 0.52 -0.004 0.537 0.024 0.537
L 0.097 0.537
L 0.097 0.549
L 0.049 0.549
C 0.035 0.549 0.012 0.552 0.012 0.58
C 0.012 0.605 0.03 0.611 0.05 0.611
L 0.13 0.611
C 0.169 0.611 0.167 0.585 0.167 0.572
L 0.167 0.537
L 0.386 0.537
C 0.418 0.537 0.422 0.518 0.422 0.506
C 0.422 0.488 0.413 0.475 0.386 0.475
L 0.167 0.475
L 0.167 0.348
L 0.234 0.348
C 0.282 0.348 0.328 0.343 0.372 0.313
C 0.426 0.277 0.429 0.235 0.429 0.212
L 0.429 0.062
L 0.435 0.062
C 0.467 0.062 0.471 0.043 0.471 0.031
C 0.471 0.016 0.465 0 0.436 0
L 0.351 0
C 0.326 0 0.317 0.014 0.317 0.029
C 0.317 0.06 0.34 0.062 0.354 0.062
L 0.359 0.062
L 0.359 0.213
C 0.359 0.262 0.31 0.288 0.237 0.288
L 0.167 0.288
L 0.167 0.062
L 0.173 0.062
C 0.2 0.062 0.21 0.048 0.21 0.033
C 0.21 0.023 0.206 0 0.174 0
L 0.089 0
C 0.064 0 0.055 0.014 0.055 0.029
C 0.055 0.06 0.078 0.062 0.092 0.062
L 0.097 0.062
L 0.097 0.475
L 0.025 0.475
C -0.003 0.475 -0.01 0.492 -0.01 0.506
Z
