M 0.21 0.727
C 0.21 0.749 0.23 0.754 0.242 0.758
C 0.383 0.806 0.382 0.807 0.392 0.807
C 0.409 0.807 0.426 0.793 0.426 0.772
C 0.426 0.75 0.41 0.741 0.394 0.736
C 0.258 0.69 0.248 0.686 0.242 0.686
C 0.216 0.686 0.21 0.718 0.21 0.727
Z
M 0.022 0.031
C 0.022 0.042 0.027 0.062 0.058 0.062
L 0.071 0.062
L 0.169 0.549
L 0.166 0.549
C 0.154 0.549 0.129 0.55 0.129 0.58
C 0.129 0.59 0.133 0.611 0.164 0.611
L 0.458 0.611
C 0.493 0.611 0.491 0.581 0.491 0.574
L 0.491 0.49
C 0.492 0.467 0.478 0.455 0.463 0.455
C 0.455 0.455 0.435 0.458 0.434 0.488
L 0.434 0.549
L 0.32 0.549
L 0.32 0.347
L 0.44 0.347
C 0.466 0.347 0.475 0.333 0.475 0.317
C 0.475 0.288 0.452 0.286 0.439 0.286
L 0.32 0.286
L 0.32 0.062
L 0.443 0.062
L 0.443 0.136
C 0.443 0.16 0.457 0.171 0.471 0.171
C 0.494 0.171 0.499 0.154 0.499 0.134
L 0.499 0.042
C 0.499 0.04 0.5 0.038 0.5 0.036
C 0.5 0.021 0.497 0 0.465 0
L 0.259 0
C 0.234 0 0.223 0.014 0.223 0.029
C 0.223 0.06 0.249 0.062 0.26 0.062
L 0.263 0.062
L 0.263 0.183
L 0.153 0.183
L 0.129 0.062
L 0.138 0.062
C 0.17 0.062 0.174 0.041 0.174 0.031
C 0.174 0.017 0.167 0 0.139 0
L 0.057 0
C 0.029 0 0.022 0.017 0.022 0.031
Z
M 0.165 0.244
L 0.263 0.244
L 0.263 0.549
L 0.227 0.549
Z
