M 0.036 0.031
C 0.036 0.06 0.051 0.062 0.061 0.062
L 0.143 0.062
L 0.143 0.549
L 0.06 0.549
C 0.05 0.549 0.036 0.552 0.036 0.58
C 0.036 0.594 0.04 0.611 0.058 0.611
L 0.165 0.611
C 0.189 0.611 0.187 0.585 0.187 0.572
L 0.187 0.062
L 0.238 0.062
L 0.238 0.14
C 0.238 0.153 0.242 0.172 0.26 0.172
C 0.273 0.172 0.277 0.168 0.282 0.144
C 0.297 0.07 0.33 0.056 0.362 0.056
C 0.428 0.056 0.442 0.097 0.442 0.125
C 0.442 0.2 0.344 0.193 0.295 0.219
C 0.243 0.247 0.238 0.297 0.238 0.32
C 0.238 0.37 0.262 0.439 0.358 0.439
C 0.385 0.439 0.403 0.433 0.425 0.418
C 0.427 0.426 0.433 0.439 0.444 0.439
C 0.451 0.439 0.463 0.433 0.463 0.404
L 0.463 0.329
C 0.463 0.314 0.464 0.289 0.44 0.289
C 0.397 0.289 0.45 0.377 0.357 0.377
C 0.294 0.377 0.278 0.344 0.277 0.321
C 0.279 0.258 0.375 0.268 0.423 0.238
C 0.458 0.217 0.481 0.179 0.481 0.126
C 0.481 0.072 0.457 -0.005 0.361 -0.005
C 0.337 -0.005 0.313 0.001 0.293 0.019
C 0.289 0.001 0.279 0 0.272 0
L 0.268 0
C 0.265 -0.003 0.26 -0.005 0.256 -0.005
C 0.252 -0.005 0.249 -0.004 0.246 0
L 0.059 0
C 0.04 0 0.036 0.016 0.036 0.031
Z
