M 0.012 0.4
C 0.012 0.431 0.037 0.431 0.053 0.431
L 0.126 0.431
C 0.16 0.431 0.166 0.421 0.166 0.39
L 0.166 0.12
C 0.166 0.088 0.166 0.055 0.245 0.055
C 0.277 0.055 0.358 0.067 0.358 0.157
L 0.358 0.37
L 0.313 0.37
C 0.299 0.37 0.273 0.37 0.273 0.4
C 0.273 0.431 0.298 0.431 0.314 0.431
L 0.387 0.431
C 0.421 0.431 0.427 0.421 0.427 0.39
L 0.427 0.061
L 0.472 0.061
C 0.486 0.061 0.512 0.061 0.512 0.031
C 0.512 0 0.487 0 0.471 0
L 0.398 0
C 0.38 0 0.359 0 0.358 0.032
C 0.321 0.004 0.28 -0.006 0.239 -0.006
C 0.166 -0.006 0.097 0.018 0.097 0.114
L 0.097 0.37
L 0.052 0.37
C 0.038 0.37 0.012 0.37 0.012 0.4
Z
M 0.12 0.61
C 0.12 0.626 0.134 0.639 0.149 0.639
C 0.172 0.639 0.252 0.562 0.264 0.562
C 0.278 0.562 0.355 0.638 0.38 0.639
C 0.397 0.639 0.409 0.624 0.409 0.61
C 0.409 0.592 0.405 0.592 0.289 0.496
C 0.284 0.492 0.275 0.484 0.264 0.484
L 0.261 0.484
C 0.252 0.484 0.248 0.488 0.139 0.579
C 0.13 0.586 0.12 0.595 0.12 0.61
Z
