M 0.011 0.031
C 0.011 0.045 0.018 0.062 0.045 0.062
L 0.058 0.062
L 0.058 0.577
L 0.046 0.577
C 0.018 0.577 0.011 0.592 0.011 0.607
C 0.011 0.623 0.018 0.639 0.045 0.639
L 0.141 0.639
C 0.166 0.639 0.174 0.624 0.174 0.609
C 0.174 0.594 0.168 0.577 0.14 0.577
L 0.128 0.577
L 0.128 0.363
L 0.247 0.363
L 0.247 0.577
L 0.235 0.577
C 0.21 0.577 0.2 0.591 0.2 0.606
C 0.2 0.618 0.205 0.639 0.234 0.639
L 0.33 0.639
C 0.357 0.639 0.364 0.623 0.364 0.607
C 0.364 0.591 0.357 0.577 0.33 0.577
L 0.317 0.577
L 0.317 0.062
L 0.33 0.062
C 0.357 0.062 0.364 0.045 0.364 0.031
C 0.364 0.002 0.341 0 0.33 0
L 0.234 0
C 0.217 0 0.201 0.007 0.201 0.032
C 0.201 0.049 0.21 0.062 0.235 0.062
L 0.247 0.062
L 0.247 0.301
L 0.128 0.301
L 0.128 0.062
L 0.14 0.062
C 0.165 0.062 0.175 0.047 0.175 0.032
C 0.175 0.019 0.17 0 0.141 0
L 0.045 0
C 0.036 0 0.011 0 0.011 0.031
Z
M 0.392 0.103
C 0.392 0.117 0.398 0.135 0.425 0.135
L 0.481 0.135
C 0.509 0.135 0.516 0.12 0.516 0.104
C 0.516 0.089 0.508 0.075 0.488 0.073
L 0.488 -0.073
C 0.498 -0.075 0.516 -0.079 0.516 -0.104
C 0.516 -0.12 0.509 -0.135 0.481 -0.135
L 0.425 -0.135
C 0.4 -0.135 0.392 -0.119 0.392 -0.104
C 0.392 -0.086 0.404 -0.074 0.421 -0.073
L 0.421 0.073
C 0.399 0.076 0.392 0.09 0.392 0.103
Z
