M 0.033 0.034
C 0.033 0.051 0.034 0.054 0.055 0.074
L 0.367 0.37
L 0.118 0.37
L 0.118 0.344
C 0.118 0.324 0.118 0.303 0.083 0.303
C 0.049 0.303 0.049 0.325 0.049 0.344
L 0.049 0.39
C 0.049 0.423 0.057 0.431 0.09 0.431
L 0.43 0.431
C 0.449 0.431 0.471 0.431 0.471 0.397
C 0.471 0.38 0.47 0.377 0.449 0.357
L 0.137 0.061
L 0.406 0.061
L 0.406 0.099
C 0.406 0.119 0.406 0.14 0.441 0.14
C 0.475 0.14 0.475 0.118 0.475 0.099
L 0.475 0.041
C 0.475 0.026 0.475 0.006 0.453 0
L 0.074 0
C 0.055 0 0.033 0 0.033 0.034
Z
M 0.205 -0.122
C 0.205 -0.093 0.229 -0.072 0.255 -0.072
C 0.281 -0.072 0.305 -0.093 0.305 -0.122
C 0.305 -0.151 0.28 -0.172 0.256 -0.172
C 0.226 -0.172 0.205 -0.149 0.205 -0.122
Z
