M 0.446 0.529
C 0.446 0.51 0.432 0.498 0.415 0.498
C 0.385 0.498 0.384 0.528 0.383 0.533
C 0.373 0.572 0.293 0.574 0.27 0.574
C 0.232 0.574 0.172 0.568 0.158 0.539
C 0.154 0.53 0.157 0.498 0.124 0.498
C 0.106 0.498 0.093 0.51 0.093 0.529
C 0.093 0.573 0.13 0.639 0.269 0.639
C 0.409 0.639 0.446 0.573 0.446 0.529
Z
M 0.055 0.217
C 0.055 0.34 0.151 0.44 0.27 0.44
C 0.4 0.44 0.464 0.342 0.464 0.228
C 0.464 0.191 0.445 0.191 0.424 0.191
L 0.126 0.191
C 0.142 0.105 0.217 0.055 0.292 0.055
C 0.32 0.055 0.374 0.064 0.396 0.115
C 0.403 0.134 0.411 0.137 0.429 0.137
C 0.435 0.137 0.464 0.137 0.464 0.109
C 0.464 0.084 0.417 -0.006 0.285 -0.006
C 0.156 -0.006 0.055 0.095 0.055 0.217
Z
M 0.127 0.251
L 0.393 0.251
C 0.384 0.354 0.322 0.379 0.27 0.379
C 0.2 0.379 0.141 0.324 0.127 0.251
Z
