M 0.01 0.447
C 0.01 0.552 0.106 0.61 0.135 0.61
C 0.151 0.61 0.166 0.594 0.166 0.579
C 0.166 0.539 0.1 0.561 0.074 0.469
C 0.08 0.47 0.087 0.472 0.093 0.472
L 0.094 0.472
C 0.131 0.472 0.156 0.443 0.156 0.409
C 0.156 0.376 0.131 0.347 0.094 0.347
C 0.043 0.347 0.01 0.393 0.01 0.447
Z
M 0.347 0.447
C 0.347 0.552 0.442 0.61 0.471 0.61
L 0.472 0.61
C 0.488 0.61 0.503 0.594 0.503 0.579
C 0.503 0.539 0.437 0.561 0.411 0.469
C 0.417 0.47 0.424 0.472 0.43 0.472
L 0.431 0.472
C 0.468 0.472 0.493 0.443 0.493 0.409
C 0.493 0.376 0.468 0.347 0.431 0.347
C 0.38 0.347 0.347 0.393 0.347 0.447
Z
