M 0.115 0.61
C 0.115 0.626 0.129 0.639 0.144 0.639
C 0.167 0.639 0.247 0.562 0.259 0.562
C 0.274 0.562 0.352 0.639 0.376 0.639
C 0.393 0.639 0.405 0.622 0.405 0.61
C 0.405 0.591 0.4 0.592 0.285 0.496
C 0.28 0.492 0.271 0.484 0.26 0.484
L 0.257 0.484
C 0.248 0.484 0.244 0.488 0.135 0.579
C 0.126 0.586 0.115 0.595 0.115 0.61
Z
M 0.033 0.034
C 0.033 0.051 0.034 0.054 0.055 0.074
L 0.367 0.37
L 0.118 0.37
L 0.118 0.344
C 0.118 0.324 0.118 0.303 0.083 0.303
C 0.049 0.303 0.049 0.325 0.049 0.344
L 0.049 0.39
C 0.049 0.423 0.057 0.431 0.09 0.431
L 0.43 0.431
C 0.449 0.431 0.471 0.431 0.471 0.397
C 0.471 0.38 0.47 0.377 0.449 0.357
L 0.137 0.061
L 0.406 0.061
L 0.406 0.099
C 0.406 0.119 0.406 0.14 0.441 0.14
C 0.475 0.14 0.475 0.118 0.475 0.099
L 0.475 0.041
C 0.475 0.026 0.475 0.006 0.453 0
L 0.074 0
C 0.055 0 0.033 0 0.033 0.034
Z
