M 0.186 0.829
C 0.186 0.859 0.21 0.907 0.265 0.907
C 0.321 0.907 0.36 0.875 0.36 0.828
C 0.36 0.77 0.303 0.77 0.292 0.728
C 0.289 0.715 0.297 0.676 0.262 0.676
C 0.249 0.676 0.239 0.685 0.235 0.697
C 0.233 0.704 0.234 0.71 0.234 0.717
C 0.234 0.793 0.303 0.809 0.303 0.829
C 0.303 0.842 0.285 0.851 0.269 0.851
C 0.228 0.851 0.258 0.811 0.223 0.799
C 0.22 0.798 0.217 0.798 0.214 0.798
C 0.199 0.798 0.186 0.811 0.186 0.829
Z
M 0.056 0.305
C 0.056 0.595 0.077 0.622 0.262 0.622
C 0.447 0.622 0.468 0.594 0.468 0.305
C 0.468 0.016 0.446 -0.011 0.262 -0.011
C 0.077 -0.011 0.056 0.016 0.056 0.305
Z
M 0.125 0.314
C 0.125 0.259 0.125 0.172 0.137 0.121
C 0.149 0.071 0.174 0.05 0.262 0.05
C 0.351 0.05 0.377 0.071 0.388 0.127
C 0.399 0.181 0.399 0.252 0.399 0.314
C 0.399 0.375 0.399 0.45 0.387 0.497
C 0.372 0.552 0.337 0.561 0.262 0.561
C 0.18 0.561 0.149 0.549 0.136 0.49
C 0.125 0.444 0.125 0.376 0.125 0.314
Z
