M 0.035 0.402
C 0.035 0.415 0.044 0.43 0.067 0.43
L 0.154 0.43
C 0.187 0.43 0.189 0.408 0.189 0.402
C 0.189 0.386 0.177 0.379 0.169 0.375
L 0.262 0.242
L 0.355 0.375
C 0.347 0.379 0.335 0.386 0.335 0.402
C 0.335 0.409 0.337 0.43 0.37 0.43
L 0.454 0.43
C 0.485 0.43 0.488 0.409 0.488 0.402
C 0.488 0.393 0.484 0.374 0.452 0.374
L 0.44 0.374
L 0.305 0.182
L 0.298 0.171
L 0.297 0.156
L 0.297 0.057
L 0.309 0.057
C 0.339 0.057 0.343 0.036 0.343 0.028
C 0.343 0.019 0.339 0 0.308 0
L 0.215 0
C 0.185 0 0.181 0.02 0.181 0.029
C 0.181 0.037 0.185 0.057 0.216 0.057
L 0.227 0.057
L 0.227 0.156
L 0.226 0.171
L 0.22 0.182
L 0.084 0.374
L 0.069 0.374
C 0.039 0.374 0.035 0.394 0.035 0.402
Z
