M 0.015 0.399
C 0.015 0.413 0.019 0.43 0.036 0.43
L 0.09 0.43
L 0.09 0.518
C 0.09 0.536 0.093 0.553 0.11 0.553
C 0.127 0.553 0.131 0.537 0.131 0.518
L 0.131 0.43
L 0.23 0.43
C 0.248 0.43 0.252 0.414 0.252 0.399
C 0.252 0.385 0.248 0.369 0.231 0.369
L 0.131 0.369
L 0.131 0.129
C 0.131 0.091 0.14 0.056 0.176 0.056
C 0.206 0.056 0.224 0.09 0.224 0.122
L 0.224 0.127
C 0.224 0.14 0.225 0.165 0.244 0.165
C 0.247 0.165 0.251 0.164 0.254 0.162
C 0.252 0.179 0.25 0.197 0.25 0.215
C 0.25 0.323 0.297 0.439 0.384 0.439
C 0.423 0.439 0.475 0.435 0.475 0.366
C 0.475 0.341 0.465 0.32 0.449 0.32
C 0.433 0.32 0.423 0.341 0.423 0.365
L 0.423 0.373
C 0.413 0.376 0.398 0.377 0.386 0.377
C 0.319 0.377 0.292 0.286 0.292 0.216
C 0.292 0.155 0.31 0.114 0.324 0.095
C 0.342 0.144 0.37 0.192 0.411 0.192
C 0.451 0.192 0.477 0.151 0.477 0.099
C 0.477 0.054 0.458 -0.005 0.381 -0.005
C 0.358 -0.005 0.347 0.001 0.334 0.008
C 0.326 -0.013 0.3 -0.071 0.278 -0.142
C 0.275 -0.153 0.271 -0.166 0.259 -0.166
C 0.247 -0.166 0.241 -0.151 0.241 -0.138
C 0.241 -0.126 0.242 -0.126 0.303 0.038
C 0.287 0.058 0.274 0.084 0.265 0.113
C 0.262 0.05 0.226 -0.005 0.173 -0.005
C 0.14 -0.005 0.09 0.02 0.09 0.127
L 0.09 0.369
L 0.035 0.369
C 0.019 0.369 0.015 0.385 0.015 0.399
Z
M 0.356 0.064
C 0.367 0.059 0.378 0.056 0.388 0.056
C 0.415 0.056 0.436 0.073 0.436 0.098
C 0.436 0.115 0.425 0.13 0.41 0.13
C 0.394 0.13 0.374 0.113 0.356 0.064
Z
