M 0.012 -0.192
C 0.012 -0.161 0.037 -0.161 0.053 -0.161
L 0.097 -0.161
L 0.097 0.37
L 0.052 0.37
C 0.038 0.37 0.012 0.37 0.012 0.4
C 0.012 0.431 0.037 0.431 0.053 0.431
L 0.126 0.431
C 0.164 0.431 0.166 0.417 0.166 0.388
C 0.2 0.419 0.245 0.437 0.293 0.437
C 0.399 0.437 0.488 0.339 0.488 0.216
C 0.488 0.089 0.391 -0.006 0.282 -0.006
C 0.25 -0.006 0.207 0.003 0.166 0.045
L 0.166 -0.161
L 0.21 -0.161
C 0.226 -0.161 0.251 -0.161 0.251 -0.192
C 0.251 -0.222 0.225 -0.222 0.211 -0.222
L 0.052 -0.222
C 0.038 -0.222 0.012 -0.222 0.012 -0.192
Z
M 0.166 0.191
C 0.166 0.143 0.201 0.055 0.279 0.055
C 0.349 0.055 0.419 0.12 0.419 0.216
C 0.419 0.303 0.361 0.376 0.287 0.376
C 0.224 0.376 0.166 0.323 0.166 0.264
L 0.166 0.191
Z
M 0.184 0.546
C 0.184 0.567 0.203 0.573 0.214 0.578
C 0.347 0.636 0.353 0.639 0.36 0.639
L 0.362 0.639
C 0.379 0.639 0.397 0.625 0.397 0.604
C 0.397 0.582 0.379 0.573 0.367 0.568
C 0.223 0.505 0.228 0.506 0.218 0.506
C 0.196 0.506 0.184 0.532 0.184 0.546
Z
