M 0.217 0.975
C 0.217 1.005 0.241 1.054 0.296 1.054
C 0.36 1.054 0.392 1.014 0.392 0.974
C 0.392 0.916 0.334 0.916 0.323 0.874
C 0.32 0.861 0.328 0.822 0.293 0.822
C 0.28 0.822 0.27 0.831 0.266 0.843
C 0.264 0.85 0.265 0.857 0.265 0.864
C 0.265 0.94 0.334 0.956 0.334 0.976
C 0.334 0.989 0.316 0.997 0.3 0.997
C 0.259 0.997 0.289 0.958 0.254 0.946
C 0.251 0.945 0.249 0.944 0.246 0.944
C 0.231 0.944 0.217 0.957 0.217 0.975
Z
M 0.087 0.702
C 0.087 0.721 0.1 0.726 0.137 0.744
C 0.244 0.797 0.253 0.803 0.264 0.803
C 0.275 0.803 0.297 0.79 0.413 0.733
C 0.423 0.728 0.44 0.721 0.44 0.702
C 0.44 0.688 0.428 0.674 0.413 0.674
C 0.393 0.674 0.278 0.742 0.263 0.742
C 0.257 0.742 0.253 0.738 0.135 0.68
C 0.129 0.677 0.122 0.674 0.115 0.674
C 0.098 0.674 0.087 0.688 0.087 0.702
Z
M 0.026 0.03
C 0.026 0.061 0.051 0.061 0.067 0.061
L 0.097 0.061
L 0.097 0.55
L 0.067 0.55
C 0.052 0.55 0.026 0.55 0.026 0.581
C 0.026 0.611 0.052 0.611 0.067 0.611
L 0.44 0.611
C 0.474 0.611 0.48 0.601 0.48 0.57
L 0.48 0.497
C 0.48 0.477 0.48 0.456 0.445 0.456
C 0.411 0.456 0.411 0.478 0.411 0.497
L 0.411 0.55
L 0.166 0.55
L 0.166 0.347
L 0.297 0.347
C 0.297 0.388 0.297 0.404 0.332 0.404
C 0.366 0.404 0.366 0.382 0.366 0.363
L 0.366 0.27
C 0.366 0.251 0.366 0.229 0.332 0.229
C 0.297 0.229 0.297 0.245 0.297 0.286
L 0.166 0.286
L 0.166 0.061
L 0.433 0.061
L 0.433 0.13
C 0.433 0.15 0.433 0.171 0.468 0.171
C 0.502 0.171 0.502 0.149 0.502 0.13
L 0.502 0.041
C 0.502 0.009 0.495 0 0.462 0
L 0.067 0
C 0.052 0 0.026 0 0.026 0.03
Z
