M 0.056 0.215
C 0.056 0.335 0.145 0.439 0.262 0.439
C 0.3 0.439 0.331 0.428 0.356 0.414
C 0.375 0.422 0.379 0.416 0.393 0.434
C 0.377 0.44 0.362 0.456 0.362 0.48
C 0.362 0.506 0.382 0.529 0.411 0.53
C 0.447 0.53 0.462 0.497 0.462 0.464
C 0.462 0.421 0.443 0.385 0.412 0.368
C 0.446 0.326 0.467 0.277 0.467 0.216
C 0.467 0.089 0.371 -0.005 0.261 -0.005
C 0.153 -0.005 0.056 0.087 0.056 0.215
Z
M 0.126 0.223
C 0.126 0.128 0.189 0.056 0.262 0.056
C 0.334 0.056 0.397 0.128 0.397 0.223
C 0.397 0.313 0.333 0.377 0.262 0.377
C 0.193 0.377 0.126 0.316 0.126 0.223
Z
M 0.217 -0.109
C 0.217 -0.083 0.238 -0.065 0.261 -0.065
C 0.284 -0.065 0.305 -0.084 0.305 -0.11
C 0.305 -0.136 0.285 -0.153 0.262 -0.153
C 0.236 -0.153 0.217 -0.131 0.217 -0.109
Z
