M 0.041 -0.183
L 0.041 0.398
C 0.04 0.434 0.062 0.441 0.075 0.441
C 0.083 0.441 0.108 0.438 0.108 0.401
L 0.108 0.225
C 0.108 0.104 0.184 0.061 0.234 0.061
C 0.272 0.061 0.36 0.091 0.36 0.227
L 0.36 0.403
C 0.361 0.437 0.385 0.441 0.394 0.441
C 0.411 0.441 0.423 0.429 0.426 0.416
C 0.428 0.408 0.427 0.401 0.427 0.393
L 0.427 0.204
L 0.426 0.168
L 0.426 0.15
C 0.426 0.083 0.434 0.067 0.454 0.061
C 0.46 0.076 0.474 0.083 0.488 0.083
C 0.504 0.083 0.52 0.072 0.52 0.053
C 0.52 0.017 0.489 -0.005 0.454 -0.005
C 0.396 -0.005 0.376 0.051 0.372 0.061
C 0.346 0.03 0.298 -0.005 0.234 -0.005
C 0.184 -0.005 0.14 0.017 0.108 0.048
L 0.108 -0.188
C 0.109 -0.218 0.087 -0.227 0.074 -0.227
C 0.061 -0.227 0.041 -0.221 0.041 -0.183
Z
