M 0.045 0.03
C 0.045 0.06 0.066 0.062 0.083 0.062
L 0.139 0.062
L 0.139 0.549
L 0.082 0.549
C 0.068 0.549 0.045 0.552 0.045 0.58
C 0.045 0.599 0.055 0.611 0.081 0.611
L 0.267 0.611
C 0.295 0.611 0.303 0.596 0.303 0.58
C 0.303 0.551 0.28 0.549 0.266 0.549
L 0.209 0.549
L 0.209 0.348
L 0.326 0.348
C 0.42 0.348 0.465 0.259 0.465 0.174
C 0.465 0.084 0.416 0 0.327 0
L 0.08 0
C 0.051 0 0.045 0.017 0.045 0.03
Z
M 0.209 0.062
L 0.302 0.062
C 0.358 0.062 0.395 0.114 0.395 0.174
C 0.395 0.234 0.358 0.287 0.302 0.287
L 0.209 0.287
L 0.209 0.062
Z
