M -0.206 0.324
C -0.206 0.334 -0.199 0.341 -0.19 0.341
C -0.165 0.341 -0.178 0.305 -0.127 0.242
C -0.123 0.292 -0.083 0.323 -0.04 0.323
C 0.004 0.323 0.047 0.288 0.047 0.236
C 0.047 0.184 0.005 0.149 -0.04 0.149
C -0.125 0.149 -0.206 0.287 -0.206 0.324
Z
M -0.118 -0.16
C -0.118 -0.151 -0.11 -0.143 -0.099 -0.143
C -0.089 -0.143 -0.081 -0.149 -0.044 -0.149
C -0.028 -0.149 -0.013 -0.147 0.001 -0.144
C -0.019 -0.132 -0.038 -0.106 -0.038 -0.071
C -0.038 -0.019 0.004 0.016 0.048 0.016
C 0.092 0.016 0.135 -0.019 0.135 -0.071
C 0.135 -0.093 0.126 -0.117 0.108 -0.134
C 0.087 -0.154 0.023 -0.184 -0.045 -0.184
C -0.1 -0.184 -0.118 -0.175 -0.118 -0.16
Z
M -0.046 0.594
C -0.046 0.647 -0.024 0.727 0.001 0.727
C 0.01 0.727 0.017 0.72 0.017 0.71
C 0.017 0.697 -0.006 0.671 -0.01 0.608
C 0.009 0.623 0.025 0.63 0.049 0.63
C 0.101 0.63 0.135 0.587 0.135 0.543
C 0.135 0.492 0.092 0.456 0.048 0.456
C -0.027 0.456 -0.046 0.531 -0.046 0.594
Z
M 0.176 -0.199
C 0.177 -0.147 0.216 -0.112 0.263 -0.112
C 0.315 -0.112 0.349 -0.154 0.349 -0.199
C 0.349 -0.234 0.315 -0.323 0.233 -0.375
C 0.221 -0.382 0.218 -0.382 0.214 -0.382
C 0.206 -0.382 0.196 -0.375 0.198 -0.363
C 0.202 -0.345 0.237 -0.342 0.278 -0.285
C 0.273 -0.286 0.268 -0.286 0.263 -0.286
C 0.211 -0.286 0.176 -0.242 0.176 -0.199
Z
M 0.176 0.671
C 0.176 0.706 0.21 0.794 0.292 0.847
C 0.302 0.853 0.306 0.854 0.31 0.854
C 0.321 0.854 0.329 0.844 0.327 0.835
C 0.323 0.817 0.288 0.814 0.247 0.757
C 0.252 0.758 0.257 0.758 0.262 0.758
C 0.315 0.758 0.35 0.714 0.35 0.671
C 0.349 0.619 0.309 0.584 0.262 0.584
C 0.218 0.584 0.176 0.619 0.176 0.671
Z
M 0.389 -0.071
C 0.389 -0.02 0.432 0.016 0.476 0.016
C 0.551 0.016 0.57 -0.058 0.57 -0.122
C 0.57 -0.173 0.55 -0.255 0.525 -0.255
C 0.514 -0.255 0.505 -0.246 0.508 -0.234
C 0.51 -0.224 0.532 -0.19 0.535 -0.136
C 0.516 -0.151 0.499 -0.158 0.476 -0.158
C 0.424 -0.158 0.389 -0.115 0.389 -0.071
Z
M 0.389 0.543
C 0.389 0.633 0.519 0.656 0.569 0.656
C 0.624 0.656 0.642 0.647 0.642 0.632
C 0.642 0.623 0.635 0.616 0.624 0.616
C 0.614 0.616 0.606 0.621 0.569 0.621
C 0.553 0.621 0.537 0.619 0.523 0.616
C 0.543 0.604 0.563 0.578 0.563 0.543
C 0.563 0.491 0.521 0.456 0.477 0.456
C 0.433 0.456 0.389 0.491 0.389 0.543
Z
M 0.478 0.236
C 0.478 0.288 0.52 0.323 0.565 0.323
C 0.647 0.323 0.73 0.189 0.731 0.148
C 0.731 0.14 0.724 0.131 0.714 0.131
C 0.689 0.131 0.704 0.165 0.652 0.23
C 0.648 0.183 0.608 0.149 0.565 0.149
C 0.521 0.149 0.478 0.184 0.478 0.236
Z
