M 0.024 0.4
C 0.024 0.431 0.048 0.431 0.064 0.431
L 0.181 0.431
C 0.197 0.431 0.221 0.431 0.221 0.4
C 0.221 0.37 0.196 0.37 0.181 0.37
L 0.153 0.37
L 0.262 0.048
L 0.371 0.37
L 0.343 0.37
C 0.327 0.37 0.303 0.37 0.303 0.401
C 0.303 0.431 0.328 0.431 0.343 0.431
L 0.46 0.431
C 0.476 0.431 0.5 0.431 0.5 0.4
C 0.5 0.37 0.475 0.37 0.46 0.37
L 0.43 0.37
L 0.315 0.029
C 0.304 -0.004 0.281 -0.004 0.262 -0.004
C 0.241 -0.004 0.221 -0.004 0.209 0.03
L 0.094 0.37
L 0.064 0.37
C 0.049 0.37 0.024 0.37 0.024 0.4
Z
M 0.088 0.523
C 0.088 0.536 0.096 0.544 0.104 0.551
C 0.159 0.602 0.192 0.611 0.214 0.611
C 0.268 0.611 0.288 0.557 0.313 0.557
C 0.346 0.557 0.382 0.61 0.404 0.61
C 0.42 0.61 0.436 0.596 0.436 0.579
C 0.436 0.566 0.427 0.558 0.42 0.551
C 0.398 0.53 0.353 0.491 0.309 0.491
C 0.253 0.491 0.239 0.544 0.211 0.544
C 0.179 0.544 0.142 0.491 0.119 0.491
C 0.1 0.491 0.088 0.509 0.088 0.523
Z
