M 0.046 0.289
C 0.046 0.332 0.074 0.436 0.166 0.436
C 0.215 0.436 0.297 0.406 0.297 0.316
L 0.297 -0.106
C 0.297 -0.159 0.345 -0.165 0.357 -0.165
C 0.409 -0.165 0.404 -0.077 0.412 -0.065
C 0.42 -0.051 0.433 -0.05 0.442 -0.05
L 0.445 -0.05
C 0.47 -0.05 0.478 -0.067 0.478 -0.082
C 0.478 -0.118 0.454 -0.227 0.358 -0.227
C 0.312 -0.227 0.227 -0.2 0.227 -0.104
L 0.227 0.314
C 0.227 0.368 0.179 0.374 0.167 0.374
C 0.117 0.374 0.119 0.288 0.113 0.275
C 0.106 0.26 0.091 0.259 0.082 0.259
L 0.08 0.259
C 0.054 0.259 0.046 0.274 0.046 0.289
Z
