M 0.011 -0.191
C 0.011 -0.162 0.035 -0.16 0.048 -0.16
L 0.096 -0.16
L 0.096 0.369
L 0.049 0.369
C 0.035 0.369 0.011 0.37 0.011 0.399
C 0.011 0.428 0.036 0.431 0.046 0.431
C 0.048 0.431 0.049 0.43 0.049 0.43
L 0.127 0.43
C 0.164 0.43 0.166 0.411 0.166 0.394
L 0.166 0.388
C 0.195 0.413 0.237 0.436 0.292 0.436
C 0.397 0.436 0.488 0.342 0.488 0.216
C 0.488 0.167 0.478 0.153 0.478 0.144
C 0.478 0.126 0.527 0.114 0.527 0.086
C 0.527 0.07 0.511 0.054 0.495 0.054
C 0.486 0.054 0.477 0.058 0.448 0.082
L 0.447 0.082
C 0.389 0.001 0.307 -0.005 0.283 -0.005
C 0.232 -0.005 0.198 0.014 0.166 0.045
L 0.166 -0.16
L 0.214 -0.16
C 0.224 -0.16 0.251 -0.162 0.251 -0.191
C 0.251 -0.206 0.244 -0.222 0.215 -0.222
L 0.047 -0.222
C 0.038 -0.222 0.011 -0.222 0.011 -0.191
Z
M 0.166 0.196
C 0.166 0.124 0.213 0.056 0.279 0.056
C 0.305 0.056 0.352 0.065 0.393 0.123
L 0.393 0.124
C 0.343 0.162 0.322 0.171 0.322 0.191
C 0.322 0.207 0.337 0.224 0.353 0.224
C 0.366 0.224 0.373 0.216 0.416 0.184
C 0.417 0.195 0.418 0.205 0.418 0.216
C 0.418 0.3 0.361 0.374 0.287 0.374
C 0.218 0.374 0.166 0.313 0.166 0.268
L 0.166 0.196
Z
