M 0.178 0.727
C 0.178 0.749 0.198 0.754 0.21 0.758
C 0.351 0.806 0.35 0.807 0.36 0.807
C 0.377 0.807 0.394 0.793 0.394 0.772
C 0.394 0.75 0.378 0.741 0.362 0.736
C 0.226 0.69 0.216 0.686 0.21 0.686
C 0.184 0.686 0.178 0.718 0.178 0.727
Z
M 0.038 0.306
C 0.038 0.487 0.141 0.622 0.261 0.622
C 0.303 0.622 0.343 0.607 0.378 0.577
C 0.393 0.611 0.398 0.622 0.419 0.622
C 0.449 0.622 0.449 0.597 0.449 0.581
L 0.449 0.442
C 0.449 0.422 0.449 0.401 0.414 0.401
C 0.388 0.401 0.382 0.413 0.38 0.43
C 0.363 0.538 0.3 0.561 0.265 0.561
C 0.187 0.561 0.107 0.458 0.107 0.305
C 0.107 0.158 0.183 0.05 0.264 0.05
C 0.317 0.05 0.366 0.097 0.378 0.209
L 0.336 0.209
C 0.32 0.209 0.296 0.209 0.296 0.24
C 0.296 0.27 0.321 0.27 0.336 0.27
L 0.455 0.27
C 0.47 0.27 0.496 0.27 0.496 0.24
C 0.496 0.209 0.473 0.209 0.449 0.209
L 0.449 0.041
C 0.449 0.022 0.449 0 0.415 0
C 0.38 0 0.38 0.02 0.38 0.042
C 0.36 0.019 0.318 -0.011 0.261 -0.011
C 0.142 -0.011 0.038 0.122 0.038 0.306
Z
