M 0.01 0.031
C 0.01 0.06 0.032 0.062 0.047 0.062
L 0.053 0.062
L 0.053 0.549
L 0.047 0.549
C 0.031 0.549 0.01 0.553 0.01 0.58
C 0.01 0.596 0.018 0.611 0.046 0.611
L 0.116 0.611
C 0.143 0.611 0.153 0.597 0.153 0.582
C 0.153 0.566 0.145 0.549 0.116 0.549
L 0.11 0.549
L 0.11 0.062
L 0.234 0.062
L 0.234 0.549
L 0.228 0.549
C 0.201 0.549 0.191 0.563 0.191 0.578
C 0.191 0.592 0.197 0.611 0.227 0.611
L 0.298 0.611
C 0.32 0.611 0.334 0.602 0.334 0.58
C 0.334 0.551 0.311 0.549 0.297 0.549
L 0.291 0.549
L 0.291 0.062
L 0.415 0.062
L 0.415 0.549
L 0.409 0.549
C 0.382 0.549 0.372 0.563 0.372 0.578
C 0.372 0.592 0.378 0.611 0.408 0.611
L 0.479 0.611
C 0.508 0.611 0.514 0.595 0.514 0.58
C 0.514 0.564 0.507 0.549 0.478 0.549
L 0.472 0.549
L 0.472 0.062
L 0.478 0.062
C 0.498 0.062 0.514 0.056 0.514 0.031
C 0.514 0.017 0.507 0 0.479 0
L 0.046 0
C 0.031 0 0.01 0.004 0.01 0.031
Z
