M 0.145 0.61
C 0.145 0.626 0.159 0.639 0.174 0.639
C 0.197 0.639 0.278 0.562 0.29 0.562
C 0.305 0.562 0.382 0.639 0.406 0.639
C 0.423 0.639 0.435 0.622 0.435 0.61
C 0.435 0.591 0.43 0.592 0.315 0.496
C 0.31 0.492 0.301 0.484 0.29 0.484
L 0.287 0.484
C 0.278 0.484 0.274 0.488 0.165 0.579
C 0.156 0.586 0.145 0.595 0.145 0.61
Z
M 0.032 0.031
C 0.032 0.061 0.057 0.061 0.072 0.061
L 0.153 0.061
L 0.153 0.37
L 0.072 0.37
C 0.056 0.37 0.032 0.37 0.032 0.401
C 0.032 0.431 0.057 0.431 0.072 0.431
L 0.182 0.431
C 0.216 0.431 0.222 0.421 0.222 0.39
L 0.222 0.356
C 0.277 0.419 0.341 0.437 0.392 0.437
C 0.475 0.437 0.487 0.395 0.487 0.375
C 0.487 0.348 0.467 0.332 0.445 0.332
C 0.42 0.332 0.403 0.352 0.402 0.376
C 0.281 0.376 0.222 0.28 0.222 0.186
L 0.222 0.061
L 0.333 0.061
C 0.348 0.061 0.374 0.061 0.374 0.03
C 0.374 0 0.348 0 0.333 0
L 0.072 0
C 0.056 0 0.032 0 0.032 0.031
Z
