M 0 0.031
C 0 0.061 0.025 0.062 0.039 0.062
L 0.039 0.549
L 0.035 0.549
C 0.024 0.549 0 0.551 0 0.58
C 0 0.609 0.026 0.611 0.036 0.611
L 0.113 0.611
C 0.138 0.611 0.148 0.596 0.148 0.581
C 0.148 0.555 0.13 0.549 0.109 0.549
L 0.109 0.27
L 0.242 0.27
C 0.244 0.281 0.245 0.293 0.247 0.304
L 0.292 0.584
C 0.297 0.62 0.314 0.623 0.335 0.623
L 0.343 0.623
C 0.382 0.623 0.384 0.604 0.388 0.577
L 0.471 0.062
L 0.472 0.062
C 0.499 0.062 0.507 0.045 0.507 0.03
C 0.507 0.016 0.499 0 0.471 0
L 0.432 0
C 0.399 0 0.395 0.022 0.395 0.03
C 0.395 0.039 0.4 0.046 0.4 0.058
C 0.4 0.064 0.385 0.158 0.377 0.209
L 0.372 0.209
L 0.372 0.065
C 0.373 0.054 0.383 0.043 0.383 0.029
C 0.383 0.022 0.379 0 0.349 0
L 0.332 0
C 0.302 0 0.296 0.017 0.296 0.032
C 0.296 0.046 0.306 0.051 0.306 0.067
L 0.306 0.209
L 0.302 0.209
C 0.301 0.208 0.279 0.059 0.279 0.053
C 0.279 0.049 0.284 0.041 0.284 0.029
C 0.284 0.005 0.265 0 0.245 0
L 0.207 0
C 0.182 0 0.172 0.015 0.172 0.03
C 0.172 0.04 0.176 0.062 0.208 0.062
L 0.232 0.209
L 0.109 0.209
L 0.109 0.062
L 0.111 0.062
C 0.121 0.062 0.147 0.061 0.147 0.031
C 0.147 0.019 0.143 0 0.113 0
L 0.037 0
C 0.021 0 0 0.003 0 0.031
Z
M 0.311 0.27
L 0.368 0.27
C 0.363 0.312 0.34 0.455 0.34 0.541
C 0.336 0.445 0.323 0.358 0.311 0.27
Z
