M 0.035 0.215
C 0.035 0.344 0.134 0.436 0.241 0.436
C 0.292 0.436 0.326 0.416 0.358 0.385
C 0.358 0.391 0.357 0.398 0.357 0.404
C 0.357 0.516 0.445 0.555 0.506 0.555
C 0.56 0.555 0.602 0.527 0.602 0.485
C 0.602 0.461 0.585 0.44 0.558 0.44
C 0.532 0.44 0.514 0.46 0.514 0.485
L 0.514 0.493
L 0.505 0.493
C 0.458 0.493 0.427 0.459 0.427 0.406
C 0.427 0.402 0.428 0.397 0.428 0.393
L 0.428 -0.16
L 0.476 -0.16
C 0.486 -0.16 0.512 -0.162 0.512 -0.191
C 0.512 -0.204 0.506 -0.222 0.476 -0.222
L 0.309 -0.222
C 0.277 -0.222 0.273 -0.204 0.273 -0.192
C 0.273 -0.162 0.296 -0.16 0.309 -0.16
L 0.358 -0.16
L 0.358 0.05
C 0.332 0.024 0.292 -0.005 0.231 -0.005
C 0.127 -0.005 0.035 0.089 0.035 0.215
Z
M 0.105 0.214
C 0.105 0.126 0.165 0.056 0.236 0.056
C 0.307 0.056 0.358 0.129 0.358 0.194
L 0.358 0.238
C 0.359 0.283 0.324 0.374 0.245 0.374
C 0.175 0.374 0.105 0.31 0.105 0.214
Z
