M 0.029 0.203
L 0.029 0.218
C 0.029 0.226 0.029 0.231 0.038 0.245
L 0.262 0.598
C 0.276 0.621 0.283 0.624 0.304 0.624
L 0.34 0.624
C 0.378 0.624 0.378 0.602 0.378 0.583
L 0.378 0.23
L 0.46 0.23
C 0.488 0.23 0.495 0.213 0.495 0.199
C 0.495 0.185 0.488 0.168 0.46 0.168
L 0.378 0.168
L 0.378 -0.033
C 0.378 -0.191 0.29 -0.227 0.231 -0.227
C 0.194 -0.226 0.146 -0.224 0.119 -0.195
C 0.108 -0.182 0.102 -0.168 0.102 -0.154
C 0.102 -0.129 0.119 -0.107 0.147 -0.107
C 0.171 -0.107 0.191 -0.124 0.191 -0.151
C 0.191 -0.154 0.191 -0.158 0.19 -0.162
C 0.204 -0.164 0.218 -0.166 0.234 -0.166
C 0.303 -0.166 0.321 -0.09 0.321 -0.037
L 0.321 0.168
L 0.066 0.168
C 0.052 0.168 0.029 0.17 0.029 0.203
Z
M 0.1 0.23
L 0.321 0.23
L 0.321 0.578
Z
