M 0.023 0.422
C 0.023 0.493 0.072 0.551 0.093 0.551
C 0.103 0.551 0.112 0.543 0.112 0.533
C 0.112 0.511 0.059 0.488 0.059 0.419
C 0.059 0.375 0.086 0.335 0.137 0.323
L 0.137 0.362
L 0.136 0.397
L 0.136 0.426
C 0.136 0.49 0.149 0.552 0.211 0.552
C 0.258 0.552 0.292 0.492 0.292 0.428
C 0.292 0.352 0.247 0.298 0.177 0.285
L 0.177 0.172
C 0.177 0.163 0.175 0.147 0.157 0.147
C 0.151 0.147 0.137 0.15 0.137 0.171
L 0.137 0.285
C 0.062 0.296 0.023 0.357 0.023 0.422
Z
M 0.176 0.436
C 0.176 0.414 0.177 0.385 0.177 0.323
C 0.235 0.338 0.254 0.384 0.254 0.427
C 0.254 0.462 0.239 0.515 0.212 0.515
C 0.197 0.515 0.176 0.503 0.176 0.436
Z
