M 0.052 0.031
C 0.052 0.045 0.058 0.05 0.067 0.058
L 0.288 0.244
C 0.354 0.299 0.403 0.357 0.403 0.427
C 0.403 0.515 0.326 0.561 0.244 0.561
C 0.189 0.561 0.142 0.53 0.127 0.484
C 0.136 0.477 0.141 0.464 0.141 0.452
C 0.141 0.424 0.118 0.407 0.097 0.407
C 0.08 0.407 0.052 0.418 0.052 0.455
C 0.052 0.54 0.131 0.622 0.249 0.622
C 0.371 0.622 0.472 0.547 0.472 0.427
C 0.472 0.347 0.426 0.283 0.363 0.227
C 0.32 0.187 0.224 0.112 0.165 0.061
L 0.403 0.061
C 0.403 0.089 0.403 0.108 0.438 0.108
C 0.472 0.108 0.472 0.086 0.472 0.067
L 0.472 0.041
C 0.472 0.009 0.465 0 0.432 0
L 0.093 0
C 0.077 0 0.052 0 0.052 0.031
Z
