M 0.032 0.031
C 0.032 0.061 0.057 0.061 0.072 0.061
L 0.153 0.061
L 0.153 0.37
L 0.072 0.37
C 0.056 0.37 0.032 0.37 0.032 0.401
C 0.032 0.431 0.057 0.431 0.072 0.431
L 0.182 0.431
C 0.216 0.431 0.222 0.421 0.222 0.39
L 0.222 0.356
C 0.277 0.419 0.341 0.437 0.392 0.437
C 0.475 0.437 0.487 0.395 0.487 0.375
C 0.487 0.348 0.467 0.332 0.445 0.332
C 0.42 0.332 0.403 0.352 0.402 0.376
C 0.281 0.376 0.222 0.28 0.222 0.186
L 0.222 0.061
L 0.333 0.061
C 0.348 0.061 0.374 0.061 0.374 0.03
C 0.374 0 0.348 0 0.333 0
L 0.072 0
C 0.056 0 0.032 0 0.032 0.031
Z
M 0.198 0.561
C 0.198 0.59 0.222 0.611 0.248 0.611
C 0.274 0.611 0.298 0.59 0.298 0.561
C 0.298 0.532 0.273 0.511 0.249 0.511
C 0.219 0.511 0.198 0.534 0.198 0.561
Z
