M 0.037 0.305
C 0.037 0.322 0.05 0.338 0.068 0.34
L 0.444 0.34
C 0.479 0.34 0.486 0.32 0.486 0.306
C 0.486 0.295 0.481 0.271 0.443 0.271
L 0.078 0.271
C 0.042 0.271 0.037 0.294 0.037 0.305
Z
M 0.205 0.133
C 0.205 0.164 0.231 0.19 0.261 0.19
C 0.291 0.19 0.318 0.166 0.318 0.133
C 0.318 0.102 0.293 0.077 0.262 0.077
C 0.233 0.077 0.205 0.1 0.205 0.133
Z
M 0.205 0.478
C 0.205 0.509 0.231 0.534 0.261 0.534
C 0.291 0.534 0.318 0.511 0.318 0.478
C 0.318 0.447 0.293 0.421 0.262 0.421
C 0.233 0.421 0.205 0.446 0.205 0.478
Z
