M 0.028 0.031
C 0.028 0.06 0.04 0.062 0.046 0.062
L 0.114 0.062
L 0.114 0.549
L 0.046 0.549
C 0.032 0.549 0.028 0.565 0.028 0.58
C 0.028 0.593 0.031 0.611 0.046 0.611
L 0.13 0.611
C 0.148 0.611 0.148 0.586 0.148 0.572
L 0.148 0.062
L 0.215 0.062
C 0.221 0.062 0.234 0.061 0.234 0.031
C 0.234 0.019 0.231 0 0.216 0
L 0.046 0
C 0.03 0 0.028 0.02 0.028 0.031
Z
M 0.286 -0.152
C 0.286 -0.127 0.294 -0.107 0.308 -0.107
C 0.32 -0.107 0.33 -0.126 0.33 -0.151
L 0.33 -0.162
C 0.338 -0.165 0.348 -0.166 0.357 -0.166
C 0.373 -0.166 0.384 -0.162 0.396 -0.136
C 0.406 -0.113 0.412 -0.079 0.412 -0.037
L 0.412 0.369
L 0.344 0.369
C 0.33 0.369 0.326 0.388 0.326 0.4
C 0.326 0.411 0.329 0.43 0.345 0.43
L 0.429 0.43
C 0.447 0.43 0.446 0.406 0.446 0.392
L 0.446 -0.04
C 0.446 -0.146 0.413 -0.228 0.359 -0.228
L 0.355 -0.228
C 0.323 -0.228 0.286 -0.218 0.286 -0.152
Z
M 0.396 0.561
C 0.396 0.591 0.41 0.611 0.422 0.611
C 0.437 0.611 0.446 0.586 0.446 0.561
C 0.446 0.536 0.436 0.511 0.422 0.511
C 0.407 0.511 0.396 0.536 0.396 0.561
Z
