M 0.028 0.402
C 0.028 0.41 0.031 0.43 0.062 0.43
L 0.163 0.43
C 0.194 0.43 0.198 0.411 0.198 0.402
C 0.198 0.396 0.195 0.374 0.163 0.374
L 0.148 0.374
L 0.148 0.151
C 0.148 0.082 0.211 0.053 0.262 0.053
C 0.33 0.053 0.37 0.097 0.375 0.135
C 0.376 0.144 0.376 0.151 0.376 0.16
L 0.376 0.374
L 0.36 0.374
C 0.328 0.374 0.326 0.396 0.326 0.402
C 0.326 0.411 0.33 0.43 0.361 0.43
L 0.461 0.43
C 0.493 0.43 0.496 0.409 0.496 0.402
C 0.496 0.393 0.492 0.374 0.46 0.374
L 0.446 0.374
L 0.446 0.151
C 0.446 0.048 0.354 -0.008 0.261 -0.008
C 0.196 -0.008 0.078 0.025 0.078 0.157
L 0.078 0.374
L 0.063 0.374
C 0.032 0.374 0.028 0.393 0.028 0.402
Z
