M 0.11 0.576
L 0.11 0.606
C 0.11 0.632 0.13 0.656 0.159 0.656
C 0.189 0.656 0.21 0.63 0.21 0.606
C 0.21 0.58 0.19 0.566 0.186 0.563
C 0.208 0.556 0.235 0.556 0.263 0.556
L 0.267 0.556
C 0.292 0.556 0.318 0.557 0.338 0.564
C 0.327 0.572 0.314 0.585 0.314 0.606
C 0.314 0.635 0.338 0.656 0.364 0.656
C 0.388 0.656 0.413 0.637 0.413 0.607
C 0.413 0.576 0.414 0.582 0.414 0.576
C 0.414 0.544 0.393 0.503 0.307 0.495
C 0.292 0.494 0.275 0.493 0.26 0.493
C 0.212 0.493 0.155 0.496 0.126 0.532
C 0.118 0.542 0.11 0.558 0.11 0.576
Z
M 0.026 0.4
C 0.026 0.431 0.05 0.431 0.066 0.431
L 0.183 0.431
C 0.199 0.431 0.223 0.431 0.223 0.4
C 0.223 0.37 0.198 0.37 0.183 0.37
L 0.158 0.37
L 0.251 0.13
C 0.258 0.111 0.267 0.09 0.272 0.071
L 0.273 0.071
C 0.28 0.102 0.286 0.12 0.299 0.157
L 0.371 0.37
L 0.343 0.37
C 0.327 0.37 0.303 0.37 0.303 0.401
C 0.303 0.431 0.328 0.431 0.343 0.431
L 0.46 0.431
C 0.476 0.431 0.5 0.431 0.5 0.4
C 0.5 0.37 0.475 0.37 0.46 0.37
L 0.43 0.37
L 0.275 -0.085
C 0.271 -0.096 0.226 -0.228 0.126 -0.228
C 0.077 -0.228 0.043 -0.188 0.043 -0.146
C 0.043 -0.12 0.06 -0.102 0.087 -0.102
C 0.112 -0.102 0.13 -0.12 0.13 -0.145
C 0.13 -0.158 0.125 -0.166 0.125 -0.167
C 0.14 -0.166 0.176 -0.164 0.205 -0.109
C 0.218 -0.084 0.243 -0.002 0.243 0
C 0.243 0.001 0.243 0.003 0.239 0.013
L 0.097 0.37
L 0.066 0.37
C 0.051 0.37 0.026 0.37 0.026 0.4
Z
