M 0.016 0.4
C 0.016 0.411 0.021 0.431 0.053 0.431
C 0.056 0.431 0.059 0.43 0.062 0.43
L 0.143 0.43
C 0.16 0.43 0.18 0.429 0.18 0.395
L 0.18 0.15
C 0.18 0.121 0.178 0.056 0.261 0.056
C 0.335 0.056 0.402 0.136 0.407 0.239
L 0.407 0.265
C 0.406 0.389 0.396 0.383 0.396 0.4
C 0.396 0.422 0.413 0.435 0.431 0.435
C 0.468 0.435 0.475 0.392 0.477 0.283
L 0.477 0.25
C 0.477 0.108 0.377 -0.005 0.26 -0.005
C 0.195 -0.005 0.127 0.023 0.113 0.107
C 0.111 0.122 0.11 0.137 0.11 0.152
L 0.11 0.369
L 0.051 0.369
C 0.039 0.369 0.016 0.371 0.016 0.4
Z
