M 0.023 0.311
C 0.023 0.348 0.052 0.357 0.066 0.357
C 0.088 0.357 0.109 0.34 0.109 0.314
C 0.109 0.3 0.104 0.292 0.099 0.285
C 0.109 0.27 0.118 0.261 0.142 0.255
C 0.163 0.378 0.242 0.439 0.319 0.439
C 0.392 0.439 0.475 0.383 0.475 0.227
C 0.475 0.192 0.454 0.191 0.438 0.191
L 0.211 0.191
C 0.224 0.101 0.286 0.056 0.336 0.056
C 0.377 0.056 0.397 0.09 0.404 0.11
C 0.406 0.117 0.411 0.137 0.438 0.137
L 0.44 0.137
C 0.47 0.137 0.475 0.12 0.475 0.109
C 0.475 0.074 0.424 -0.005 0.331 -0.005
C 0.236 -0.005 0.149 0.079 0.141 0.193
C 0.034 0.212 0.023 0.281 0.023 0.311
Z
M 0.212 0.252
L 0.405 0.252
C 0.397 0.353 0.353 0.377 0.319 0.377
C 0.276 0.377 0.227 0.337 0.212 0.252
Z
