M 0.056 0.272
L 0.056 0.348
C 0.056 0.629 0.092 0.65 0.261 0.65
C 0.439 0.65 0.468 0.63 0.468 0.332
L 0.468 0.271
C 0.462 0.041 0.455 -0.011 0.275 -0.011
L 0.251 -0.011
C 0.077 -0.011 0.06 0.032 0.056 0.272
Z
M 0.126 0.314
C 0.126 0.079 0.14 0.05 0.261 0.05
C 0.355 0.05 0.374 0.076 0.385 0.117
C 0.398 0.167 0.397 0.245 0.398 0.275
L 0.398 0.329
C 0.398 0.561 0.382 0.588 0.262 0.588
C 0.131 0.588 0.131 0.541 0.126 0.364
L 0.126 0.314
Z
M 0.164 0.288
L 0.164 0.348
C 0.164 0.365 0.167 0.386 0.198 0.386
L 0.199 0.386
C 0.213 0.386 0.23 0.381 0.231 0.354
L 0.293 0.354
C 0.293 0.377 0.31 0.386 0.326 0.386
C 0.36 0.386 0.36 0.359 0.36 0.349
L 0.36 0.288
C 0.36 0.267 0.353 0.253 0.325 0.253
C 0.299 0.254 0.293 0.271 0.293 0.285
L 0.231 0.285
C 0.231 0.259 0.214 0.253 0.199 0.253
C 0.171 0.253 0.164 0.267 0.164 0.288
Z
