M 0.072 0.031
L 0.072 0.14
C 0.072 0.166 0.09 0.172 0.109 0.172
C 0.116 0.172 0.129 0.171 0.137 0.159
C 0.146 0.145 0.154 0.067 0.245 0.057
C 0.252 0.056 0.262 0.057 0.279 0.057
C 0.381 0.057 0.397 0.098 0.397 0.125
C 0.397 0.139 0.391 0.168 0.325 0.187
C 0.248 0.208 0.072 0.203 0.072 0.321
C 0.072 0.368 0.097 0.439 0.261 0.439
C 0.326 0.439 0.355 0.425 0.369 0.418
C 0.375 0.429 0.383 0.439 0.399 0.439
C 0.409 0.439 0.429 0.434 0.429 0.404
L 0.429 0.328
C 0.429 0.297 0.414 0.288 0.396 0.288
C 0.391 0.288 0.387 0.289 0.382 0.29
C 0.335 0.301 0.397 0.377 0.262 0.377
L 0.26 0.377
C 0.221 0.377 0.134 0.375 0.134 0.322
C 0.134 0.266 0.269 0.265 0.336 0.248
C 0.426 0.225 0.459 0.174 0.459 0.125
C 0.459 0.073 0.431 0.003 0.301 -0.005
L 0.301 -0.009
C 0.349 -0.019 0.399 -0.048 0.399 -0.107
C 0.399 -0.207 0.262 -0.207 0.181 -0.208
L 0.167 -0.208
C 0.162 -0.208 0.132 -0.21 0.132 -0.177
C 0.132 -0.161 0.141 -0.148 0.165 -0.147
L 0.186 -0.147
C 0.231 -0.147 0.328 -0.145 0.328 -0.107
C 0.328 -0.09 0.31 -0.07 0.266 -0.067
C 0.23 -0.065 0.23 -0.043 0.23 -0.025
L 0.23 -0.003
C 0.201 0.002 0.169 0.009 0.139 0.032
C 0.13 0.012 0.125 -0.005 0.102 -0.005
C 0.091 -0.005 0.072 -0.001 0.072 0.031
Z
