M 0.123 0.306
C 0.123 0.32 0.131 0.328 0.14 0.333
C 0.156 0.341 0.3 0.328 0.304 0.395
L 0.304 0.569
C 0.304 0.599 0.295 0.63 0.162 0.632
L 0.161 0.632
C 0.134 0.632 0.124 0.645 0.124 0.663
C 0.124 0.676 0.129 0.694 0.159 0.694
L 0.161 0.694
C 0.334 0.692 0.374 0.642 0.374 0.565
L 0.374 0.409
C 0.374 0.383 0.375 0.339 0.317 0.306
L 0.317 0.305
C 0.371 0.275 0.374 0.234 0.374 0.205
L 0.374 0.041
C 0.377 -0.053 0.289 -0.082 0.163 -0.083
L 0.159 -0.083
C 0.13 -0.083 0.124 -0.067 0.124 -0.052
C 0.124 -0.029 0.139 -0.022 0.16 -0.022
L 0.163 -0.022
C 0.3 -0.02 0.304 0.016 0.304 0.041
L 0.304 0.207
C 0.304 0.232 0.302 0.27 0.163 0.274
C 0.154 0.274 0.123 0.273 0.123 0.306
Z
