M 0.022 0.031
C 0.022 0.059 0.047 0.062 0.056 0.062
L 0.09 0.062
L 0.09 0.577
L 0.057 0.577
C 0.047 0.577 0.022 0.578 0.022 0.607
C 0.022 0.622 0.029 0.639 0.055 0.639
L 0.286 0.639
C 0.408 0.639 0.461 0.546 0.461 0.477
C 0.461 0.42 0.427 0.364 0.35 0.335
C 0.419 0.319 0.482 0.26 0.482 0.174
C 0.482 0.103 0.433 0 0.305 0
L 0.055 0
C 0.041 0 0.022 0.004 0.022 0.031
Z
M 0.16 0.062
L 0.288 0.062
C 0.369 0.062 0.411 0.121 0.411 0.177
C 0.411 0.216 0.389 0.301 0.294 0.301
L 0.16 0.301
L 0.16 0.062
Z
M 0.16 0.363
L 0.266 0.363
C 0.353 0.363 0.391 0.427 0.391 0.476
C 0.391 0.523 0.357 0.577 0.288 0.577
L 0.16 0.577
L 0.16 0.363
Z
