M 0.165 0.546
C 0.165 0.567 0.184 0.573 0.195 0.578
C 0.326 0.635 0.333 0.639 0.344 0.639
C 0.361 0.639 0.378 0.625 0.378 0.604
C 0.378 0.582 0.36 0.573 0.348 0.568
C 0.204 0.505 0.208 0.506 0.198 0.506
C 0.176 0.506 0.165 0.532 0.165 0.546
Z
M 0.033 0.034
C 0.033 0.051 0.034 0.054 0.055 0.074
L 0.367 0.37
L 0.118 0.37
L 0.118 0.344
C 0.118 0.324 0.118 0.303 0.083 0.303
C 0.049 0.303 0.049 0.325 0.049 0.344
L 0.049 0.39
C 0.049 0.423 0.057 0.431 0.09 0.431
L 0.43 0.431
C 0.449 0.431 0.471 0.431 0.471 0.397
C 0.471 0.38 0.47 0.377 0.449 0.357
L 0.137 0.061
L 0.406 0.061
L 0.406 0.099
C 0.406 0.119 0.406 0.14 0.441 0.14
C 0.475 0.14 0.475 0.118 0.475 0.099
L 0.475 0.041
C 0.475 0.026 0.475 0.006 0.453 0
L 0.074 0
C 0.055 0 0.033 0 0.033 0.034
Z
