M 0.018 0.031
C 0.018 0.049 0.028 0.062 0.055 0.062
L 0.081 0.062
L 0.081 0.549
L 0.055 0.549
C 0.028 0.549 0.018 0.562 0.018 0.58
C 0.018 0.591 0.022 0.611 0.054 0.611
L 0.177 0.611
C 0.209 0.611 0.214 0.591 0.214 0.58
C 0.214 0.55 0.188 0.549 0.178 0.549
L 0.151 0.549
L 0.151 0.348
L 0.372 0.348
L 0.372 0.549
L 0.347 0.549
C 0.32 0.549 0.309 0.562 0.309 0.58
C 0.309 0.591 0.313 0.611 0.345 0.611
L 0.468 0.611
C 0.5 0.611 0.505 0.592 0.505 0.58
C 0.505 0.564 0.497 0.549 0.468 0.549
L 0.442 0.549
L 0.442 -0.037
C 0.442 -0.146 0.385 -0.227 0.3 -0.227
C 0.197 -0.227 0.172 -0.179 0.172 -0.146
C 0.172 -0.121 0.19 -0.1 0.217 -0.1
C 0.241 -0.1 0.261 -0.117 0.261 -0.144
C 0.261 -0.151 0.259 -0.155 0.258 -0.16
C 0.274 -0.164 0.286 -0.166 0.296 -0.166
C 0.341 -0.166 0.372 -0.117 0.372 -0.035
L 0.372 0.287
L 0.151 0.287
L 0.151 0.062
L 0.176 0.062
C 0.192 0.062 0.214 0.058 0.214 0.031
C 0.214 -0.001 0.184 0 0.178 0
L 0.054 0
C 0.022 0 0.018 0.02 0.018 0.031
Z
