M 0.007 0.031
C 0.007 0.06 0.032 0.062 0.043 0.062
L 0.084 0.062
L 0.084 0.369
L 0.042 0.369
C 0.017 0.369 0.007 0.382 0.007 0.4
C 0.007 0.428 0.032 0.431 0.042 0.431
C 0.044 0.431 0.046 0.43 0.046 0.43
L 0.112 0.43
C 0.155 0.43 0.154 0.413 0.154 0.387
C 0.178 0.41 0.218 0.436 0.273 0.436
C 0.305 0.436 0.357 0.426 0.38 0.37
C 0.391 0.343 0.392 0.317 0.392 0.285
L 0.392 0.165
C 0.398 0.166 0.404 0.166 0.409 0.166
C 0.468 0.166 0.507 0.115 0.507 0.067
C 0.507 0.021 0.467 -0.008 0.426 -0.008
C 0.396 -0.008 0.374 0.004 0.352 0.025
C 0.236 -0.191 0.251 -0.194 0.216 -0.195
C 0.183 -0.195 0.18 -0.173 0.18 -0.166
C 0.18 -0.151 0.27 0.017 0.306 0.078
C 0.323 0.106 0.322 0.103 0.322 0.125
L 0.322 0.283
C 0.322 0.338 0.317 0.374 0.268 0.374
C 0.226 0.374 0.154 0.342 0.154 0.234
L 0.154 0.062
L 0.194 0.062
C 0.206 0.062 0.231 0.061 0.231 0.031
C 0.231 0.001 0.206 0 0.196 0
L 0.044 0
C 0.031 0 0.007 0.001 0.007 0.031
Z
M 0.394 0.087
C 0.394 0.075 0.405 0.055 0.421 0.055
C 0.427 0.055 0.436 0.057 0.436 0.069
C 0.436 0.089 0.42 0.103 0.408 0.103
C 0.4 0.103 0.394 0.096 0.394 0.087
Z
