M 0.034 -0.099
C 0.034 0.001 0.148 0.031 0.227 0.031
C 0.305 0.031 0.36 0.004 0.41 -0.034
C 0.411 -0.027 0.412 -0.021 0.412 -0.014
C 0.412 0.065 0.311 0.112 0.241 0.124
C 0.19 0.133 0.149 0.12 0.147 0.157
C 0.147 0.172 0.157 0.179 0.165 0.187
L 0.379 0.374
L 0.119 0.374
L 0.119 0.357
C 0.119 0.347 0.119 0.321 0.085 0.321
L 0.081 0.321
C 0.046 0.321 0.049 0.353 0.049 0.362
L 0.049 0.394
C 0.049 0.418 0.056 0.43 0.086 0.43
L 0.439 0.43
C 0.452 0.43 0.471 0.424 0.471 0.397
C 0.471 0.383 0.468 0.377 0.451 0.362
L 0.254 0.189
C 0.38 0.169 0.482 0.09 0.482 -0.014
C 0.482 -0.046 0.475 -0.071 0.466 -0.093
C 0.503 -0.141 0.524 -0.21 0.524 -0.23
C 0.524 -0.24 0.519 -0.259 0.487 -0.259
C 0.446 -0.259 0.464 -0.232 0.426 -0.156
C 0.375 -0.207 0.324 -0.228 0.256 -0.228
C 0.167 -0.228 0.034 -0.208 0.034 -0.099
Z
M 0.096 -0.098
C 0.096 -0.152 0.178 -0.166 0.256 -0.166
C 0.333 -0.166 0.369 -0.121 0.385 -0.1
C 0.341 -0.056 0.289 -0.031 0.226 -0.031
C 0.179 -0.031 0.096 -0.044 0.096 -0.098
Z
