M 0.117 0.776
C 0.117 0.791 0.131 0.804 0.146 0.804
C 0.161 0.804 0.17 0.793 0.238 0.732
L 0.262 0.711
C 0.27 0.719 0.279 0.726 0.345 0.785
C 0.357 0.795 0.365 0.804 0.378 0.804
C 0.393 0.804 0.407 0.791 0.407 0.775
C 0.407 0.762 0.397 0.753 0.392 0.748
C 0.274 0.635 0.277 0.636 0.262 0.636
C 0.247 0.636 0.25 0.635 0.132 0.748
C 0.125 0.755 0.117 0.763 0.117 0.776
Z
M 0.028 0.031
C 0.028 0.061 0.053 0.061 0.068 0.061
L 0.093 0.061
L 0.093 0.55
L 0.068 0.55
C 0.052 0.55 0.028 0.55 0.028 0.581
C 0.028 0.611 0.053 0.611 0.068 0.611
L 0.136 0.611
C 0.163 0.611 0.178 0.608 0.19 0.575
L 0.374 0.075
L 0.375 0.075
L 0.375 0.55
L 0.35 0.55
C 0.335 0.55 0.31 0.55 0.31 0.58
C 0.31 0.611 0.334 0.611 0.35 0.611
L 0.456 0.611
C 0.472 0.611 0.496 0.611 0.496 0.58
C 0.496 0.55 0.471 0.55 0.456 0.55
L 0.431 0.55
L 0.431 0.041
C 0.431 0.003 0.419 0 0.389 0
C 0.363 0 0.347 0.001 0.334 0.036
L 0.15 0.536
L 0.149 0.536
L 0.149 0.061
L 0.174 0.061
C 0.19 0.061 0.214 0.061 0.214 0.03
C 0.214 0 0.189 0 0.174 0
L 0.068 0
C 0.052 0 0.028 0 0.028 0.031
Z
