M 0.192 0.61
C 0.192 0.626 0.206 0.639 0.221 0.639
C 0.244 0.639 0.324 0.562 0.336 0.562
C 0.35 0.562 0.427 0.638 0.452 0.639
C 0.469 0.639 0.481 0.624 0.481 0.61
C 0.481 0.592 0.477 0.592 0.361 0.496
C 0.356 0.492 0.347 0.484 0.336 0.484
L 0.333 0.484
C 0.324 0.484 0.32 0.488 0.211 0.579
C 0.202 0.586 0.192 0.595 0.192 0.61
Z
M 0.048 -0.152
C 0.048 -0.123 0.07 -0.106 0.093 -0.106
C 0.114 -0.106 0.137 -0.123 0.137 -0.151
C 0.137 -0.158 0.137 -0.16 0.136 -0.163
C 0.151 -0.165 0.163 -0.167 0.192 -0.167
C 0.215 -0.167 0.246 -0.167 0.273 -0.129
C 0.299 -0.094 0.299 -0.056 0.299 -0.039
L 0.299 0.37
L 0.169 0.37
C 0.154 0.37 0.129 0.37 0.129 0.4
C 0.129 0.431 0.154 0.431 0.17 0.431
L 0.328 0.431
C 0.362 0.431 0.368 0.421 0.368 0.39
L 0.368 -0.044
C 0.368 -0.108 0.332 -0.228 0.187 -0.228
C 0.146 -0.228 0.048 -0.228 0.048 -0.152
Z
