M 0.05 0.245
L 0.05 0.313
C 0.053 0.525 0.084 0.639 0.22 0.639
L 0.27 0.639
C 0.283 0.639 0.286 0.637 0.292 0.635
C 0.299 0.638 0.302 0.639 0.317 0.639
L 0.466 0.639
C 0.496 0.639 0.5 0.621 0.5 0.603
L 0.5 0.517
C 0.5 0.489 0.483 0.482 0.468 0.482
L 0.466 0.482
C 0.456 0.482 0.433 0.483 0.433 0.517
L 0.433 0.577
L 0.349 0.577
L 0.349 0.062
L 0.375 0.062
C 0.392 0.062 0.409 0.056 0.409 0.031
C 0.409 0.002 0.385 0 0.375 0
L 0.341 0
C 0.337 -0.025 0.318 -0.027 0.306 -0.027
L 0.216 -0.027
C 0.083 -0.027 0.053 0.096 0.05 0.245
Z
M 0.12 0.259
C 0.12 0.186 0.119 0.05 0.2 0.041
C 0.208 0.04 0.215 0.04 0.223 0.04
L 0.242 0.04
C 0.264 0.04 0.272 0.042 0.279 0.043
L 0.279 0.569
C 0.268 0.571 0.268 0.572 0.225 0.572
C 0.152 0.572 0.12 0.559 0.12 0.259
Z
