M 0.011 0.031
C 0.011 0.06 0.035 0.062 0.048 0.062
L 0.096 0.062
L 0.096 0.369
L 0.062 0.369
C 0.051 0.369 0.026 0.369 0.026 0.399
C 0.026 0.428 0.051 0.43 0.061 0.43
L 0.096 0.43
L 0.096 0.484
C 0.096 0.582 0.212 0.616 0.306 0.616
C 0.365 0.616 0.37 0.611 0.383 0.611
L 0.386 0.611
L 0.386 0.608
C 0.391 0.609 0.396 0.61 0.4 0.61
C 0.425 0.61 0.428 0.59 0.428 0.574
L 0.428 0.062
L 0.476 0.062
C 0.487 0.062 0.513 0.061 0.513 0.031
C 0.513 0.017 0.506 0 0.477 0
L 0.312 0
C 0.283 0 0.276 0.015 0.276 0.031
C 0.276 0.061 0.301 0.062 0.315 0.062
L 0.358 0.062
L 0.358 0.369
L 0.166 0.369
L 0.166 0.062
L 0.211 0.062
C 0.224 0.062 0.248 0.06 0.248 0.031
C 0.248 0.012 0.239 0 0.212 0
L 0.047 0
C 0.018 0 0.011 0.016 0.011 0.031
Z
M 0.166 0.43
L 0.358 0.43
L 0.358 0.522
C 0.344 0.536 0.345 0.543 0.343 0.553
C 0.328 0.554 0.313 0.555 0.298 0.555
L 0.297 0.555
C 0.222 0.555 0.166 0.527 0.166 0.481
L 0.166 0.43
Z
