M 0.011 0.031
C 0.011 0.06 0.035 0.062 0.048 0.062
L 0.096 0.062
L 0.096 0.369
L 0.049 0.369
C 0.035 0.369 0.011 0.37 0.011 0.399
C 0.011 0.428 0.036 0.43 0.046 0.43
L 0.127 0.43
C 0.143 0.43 0.166 0.429 0.166 0.396
L 0.166 0.383
C 0.196 0.41 0.238 0.436 0.298 0.436
C 0.402 0.436 0.428 0.365 0.428 0.286
L 0.428 -0.033
C 0.428 -0.108 0.437 -0.156 0.464 -0.164
C 0.472 -0.166 0.481 -0.165 0.489 -0.164
C 0.488 -0.16 0.488 -0.155 0.488 -0.151
C 0.488 -0.125 0.507 -0.107 0.532 -0.107
C 0.555 -0.107 0.577 -0.124 0.577 -0.152
C 0.577 -0.197 0.53 -0.227 0.475 -0.227
C 0.428 -0.227 0.358 -0.198 0.358 -0.041
L 0.358 0.285
C 0.358 0.328 0.356 0.374 0.292 0.374
C 0.249 0.374 0.166 0.346 0.166 0.234
L 0.166 0.062
L 0.214 0.062
C 0.224 0.062 0.251 0.06 0.251 0.031
C 0.251 0.002 0.225 0 0.216 0
L 0.048 0
C 0.038 0 0.011 0 0.011 0.031
Z
