M 0.105 0.88
C 0.105 0.894 0.11 0.904 0.171 0.936
C 0.179 0.94 0.218 0.962 0.246 0.962
C 0.265 0.962 0.288 0.954 0.292 0.915
C 0.346 0.935 0.37 0.962 0.389 0.962
C 0.406 0.962 0.419 0.946 0.419 0.93
C 0.419 0.911 0.404 0.904 0.374 0.886
C 0.321 0.855 0.298 0.848 0.279 0.848
C 0.263 0.848 0.237 0.853 0.233 0.895
C 0.179 0.875 0.155 0.848 0.136 0.848
C 0.119 0.848 0.105 0.864 0.105 0.88
Z
M 0.086 0.702
C 0.086 0.724 0.111 0.732 0.136 0.744
C 0.243 0.797 0.251 0.803 0.262 0.803
C 0.273 0.803 0.296 0.79 0.412 0.733
C 0.422 0.728 0.439 0.721 0.439 0.702
C 0.439 0.688 0.426 0.674 0.411 0.674
C 0.391 0.674 0.277 0.742 0.262 0.742
C 0.256 0.742 0.251 0.738 0.133 0.68
C 0.127 0.677 0.12 0.674 0.113 0.674
C 0.099 0.674 0.086 0.685 0.086 0.702
Z
M 0.056 0.305
C 0.056 0.595 0.077 0.622 0.262 0.622
C 0.447 0.622 0.468 0.594 0.468 0.305
C 0.468 0.016 0.446 -0.011 0.262 -0.011
C 0.077 -0.011 0.056 0.016 0.056 0.305
Z
M 0.125 0.314
C 0.125 0.259 0.125 0.172 0.137 0.121
C 0.149 0.071 0.174 0.05 0.262 0.05
C 0.351 0.05 0.377 0.071 0.388 0.127
C 0.399 0.181 0.399 0.252 0.399 0.314
C 0.399 0.375 0.399 0.45 0.387 0.497
C 0.372 0.552 0.337 0.561 0.262 0.561
C 0.18 0.561 0.149 0.549 0.136 0.49
C 0.125 0.444 0.125 0.376 0.125 0.314
Z
