M 0.049 0.168
C 0.049 0.216 0.075 0.28 0.154 0.319
C 0.083 0.366 0.072 0.422 0.072 0.454
C 0.072 0.547 0.165 0.622 0.289 0.622
C 0.421 0.622 0.524 0.559 0.524 0.464
C 0.524 0.427 0.496 0.416 0.479 0.416
C 0.453 0.416 0.435 0.437 0.435 0.46
C 0.435 0.473 0.439 0.481 0.447 0.491
C 0.417 0.543 0.348 0.56 0.29 0.56
C 0.199 0.56 0.142 0.507 0.142 0.453
C 0.142 0.417 0.169 0.348 0.266 0.348
L 0.316 0.348
C 0.329 0.348 0.354 0.348 0.354 0.318
C 0.354 0.289 0.332 0.287 0.315 0.287
L 0.275 0.287
C 0.159 0.287 0.119 0.215 0.119 0.168
C 0.119 0.114 0.17 0.05 0.267 0.05
C 0.349 0.05 0.448 0.085 0.458 0.161
C 0.46 0.174 0.456 0.202 0.493 0.202
C 0.514 0.202 0.529 0.194 0.529 0.17
C 0.529 0.062 0.41 -0.011 0.267 -0.011
C 0.132 -0.011 0.049 0.08 0.049 0.168
Z
