M 0.048 0.034
C 0.048 0.044 0.048 0.05 0.058 0.065
L 0.387 0.55
L 0.129 0.55
L 0.129 0.497
C 0.129 0.477 0.129 0.456 0.094 0.456
C 0.06 0.456 0.06 0.478 0.06 0.497
L 0.06 0.57
C 0.06 0.603 0.068 0.611 0.101 0.611
L 0.435 0.611
C 0.454 0.611 0.476 0.611 0.476 0.577
C 0.476 0.567 0.476 0.561 0.466 0.546
L 0.137 0.061
L 0.412 0.061
L 0.412 0.133
C 0.412 0.153 0.412 0.174 0.447 0.174
C 0.481 0.174 0.481 0.152 0.481 0.133
L 0.481 0.041
C 0.481 0.009 0.474 0 0.441 0
L 0.089 0
C 0.07 0 0.048 0 0.048 0.034
Z
M 0.235 0.749
C 0.235 0.778 0.259 0.799 0.285 0.799
C 0.311 0.799 0.335 0.778 0.335 0.749
C 0.335 0.72 0.31 0.699 0.286 0.699
C 0.256 0.699 0.235 0.722 0.235 0.749
Z
