M 0.18 0.648
C 0.18 0.683 0.212 0.727 0.276 0.727
C 0.359 0.727 0.384 0.68 0.384 0.648
C 0.384 0.581 0.303 0.588 0.303 0.535
L 0.303 0.53
C 0.303 0.503 0.286 0.496 0.274 0.496
C 0.25 0.496 0.246 0.517 0.246 0.534
C 0.246 0.618 0.326 0.63 0.326 0.648
C 0.326 0.657 0.311 0.67 0.277 0.67
C 0.219 0.67 0.252 0.628 0.215 0.618
L 0.209 0.618
C 0.195 0.618 0.18 0.627 0.18 0.648
Z
M 0.078 0.03
C 0.078 0.061 0.103 0.061 0.119 0.061
L 0.24 0.061
L 0.24 0.37
L 0.127 0.37
C 0.112 0.37 0.086 0.37 0.086 0.401
C 0.086 0.431 0.112 0.431 0.127 0.431
L 0.269 0.431
C 0.303 0.431 0.309 0.421 0.309 0.39
L 0.309 0.061
L 0.414 0.061
C 0.429 0.061 0.455 0.061 0.455 0.03
C 0.455 0 0.429 0 0.414 0
L 0.119 0
C 0.104 0 0.078 0 0.078 0.03
Z
