M 0.234 0.668
C 0.234 0.685 0.247 0.692 0.261 0.701
C 0.418 0.803 0.422 0.807 0.435 0.807
C 0.451 0.807 0.463 0.794 0.463 0.78
C 0.463 0.76 0.442 0.75 0.438 0.747
C 0.272 0.64 0.274 0.64 0.262 0.64
C 0.247 0.64 0.234 0.653 0.234 0.668
Z
M 0.098 0.592
C 0.098 0.612 0.112 0.622 0.126 0.622
C 0.154 0.622 0.155 0.589 0.155 0.589
C 0.16 0.569 0.191 0.552 0.256 0.552
C 0.287 0.552 0.339 0.557 0.353 0.583
C 0.357 0.591 0.355 0.622 0.384 0.622
C 0.393 0.622 0.412 0.616 0.412 0.592
C 0.412 0.553 0.38 0.495 0.254 0.495
C 0.13 0.495 0.098 0.553 0.098 0.592
Z
M 0.055 0.128
C 0.055 0.224 0.178 0.274 0.355 0.277
C 0.355 0.348 0.303 0.379 0.227 0.379
C 0.218 0.379 0.205 0.379 0.191 0.378
C 0.171 0.376 0.17 0.375 0.17 0.367
C 0.169 0.33 0.141 0.321 0.126 0.321
C 0.102 0.321 0.081 0.337 0.081 0.367
C 0.081 0.44 0.183 0.44 0.226 0.44
C 0.37 0.44 0.424 0.356 0.424 0.285
L 0.424 0.069
C 0.432 0.066 0.442 0.061 0.484 0.061
C 0.499 0.061 0.524 0.061 0.524 0.031
C 0.524 0 0.502 0 0.474 0
C 0.436 0 0.388 0.001 0.366 0.032
C 0.319 0.001 0.257 -0.006 0.22 -0.006
C 0.118 -0.006 0.055 0.059 0.055 0.128
Z
M 0.124 0.128
C 0.124 0.089 0.165 0.055 0.227 0.055
C 0.235 0.055 0.28 0.055 0.316 0.072
C 0.355 0.09 0.355 0.111 0.355 0.134
L 0.355 0.218
C 0.21 0.214 0.124 0.177 0.124 0.128
Z
