M 0.013 0.031
C 0.013 0.06 0.037 0.062 0.05 0.062
L 0.103 0.062
L 0.103 0.55
L 0.046 0.55
C 0.018 0.551 0.013 0.569 0.013 0.58
C 0.013 0.591 0.018 0.611 0.05 0.611
L 0.134 0.611
C 0.173 0.611 0.173 0.588 0.173 0.571
L 0.173 0.381
C 0.213 0.419 0.262 0.436 0.311 0.436
C 0.421 0.436 0.449 0.365 0.449 0.286
L 0.449 -0.03
C 0.449 -0.19 0.359 -0.227 0.299 -0.227
C 0.191 -0.227 0.173 -0.182 0.173 -0.152
C 0.173 -0.121 0.197 -0.107 0.217 -0.107
C 0.242 -0.107 0.261 -0.125 0.261 -0.151
C 0.261 -0.154 0.262 -0.158 0.261 -0.162
C 0.275 -0.164 0.287 -0.166 0.299 -0.166
C 0.365 -0.166 0.379 -0.092 0.379 -0.038
L 0.379 0.289
C 0.379 0.343 0.364 0.374 0.306 0.374
C 0.24 0.374 0.173 0.325 0.173 0.237
L 0.173 0.062
L 0.225 0.062
C 0.239 0.062 0.262 0.06 0.262 0.031
C 0.262 0.003 0.236 0 0.226 0
L 0.051 0
C 0.04 0 0.013 0.001 0.013 0.031
Z
