M 0.136 0.772
C 0.136 0.788 0.148 0.807 0.17 0.807
C 0.177 0.807 0.178 0.806 0.323 0.757
C 0.337 0.752 0.352 0.745 0.352 0.727
C 0.352 0.717 0.346 0.686 0.32 0.686
L 0.319 0.686
C 0.314 0.686 0.31 0.687 0.169 0.735
C 0.151 0.741 0.136 0.75 0.136 0.772
Z
M 0.011 0.58
C 0.011 0.611 0.037 0.611 0.052 0.611
L 0.131 0.611
C 0.147 0.611 0.171 0.611 0.171 0.58
C 0.171 0.55 0.146 0.55 0.131 0.55
L 0.106 0.55
L 0.158 0.154
C 0.165 0.1 0.166 0.081 0.166 0.076
L 0.167 0.076
C 0.172 0.138 0.219 0.338 0.222 0.345
C 0.232 0.367 0.252 0.367 0.262 0.367
C 0.271 0.367 0.294 0.367 0.303 0.344
C 0.304 0.338 0.351 0.14 0.357 0.076
L 0.358 0.076
C 0.359 0.104 0.366 0.156 0.374 0.217
L 0.418 0.55
L 0.393 0.55
C 0.378 0.55 0.353 0.55 0.353 0.58
C 0.353 0.611 0.377 0.611 0.393 0.611
L 0.472 0.611
C 0.487 0.611 0.513 0.611 0.513 0.58
C 0.513 0.55 0.486 0.55 0.475 0.55
L 0.403 0.027
C 0.398 -0.008 0.374 -0.008 0.362 -0.008
C 0.355 -0.008 0.329 -0.008 0.322 0.017
C 0.321 0.019 0.267 0.248 0.263 0.293
L 0.262 0.293
C 0.258 0.253 0.204 0.019 0.201 0.012
C 0.191 -0.008 0.171 -0.008 0.162 -0.008
C 0.15 -0.008 0.126 -0.008 0.121 0.027
L 0.049 0.55
L 0.048 0.55
C 0.039 0.55 0.011 0.55 0.011 0.58
Z
