M 0.057 0.216
C 0.057 0.341 0.15 0.44 0.262 0.44
C 0.374 0.44 0.467 0.341 0.467 0.216
C 0.467 0.09 0.372 -0.006 0.262 -0.006
C 0.152 -0.006 0.057 0.089 0.057 0.216
Z
M 0.126 0.223
C 0.126 0.13 0.188 0.055 0.262 0.055
C 0.336 0.055 0.398 0.13 0.398 0.223
C 0.398 0.314 0.334 0.379 0.262 0.379
C 0.191 0.379 0.126 0.314 0.126 0.223
Z
M 0.158 0.604
C 0.158 0.624 0.175 0.639 0.192 0.639
L 0.194 0.639
C 0.203 0.639 0.205 0.637 0.343 0.577
C 0.354 0.572 0.371 0.564 0.371 0.546
C 0.371 0.531 0.359 0.506 0.338 0.506
L 0.337 0.506
C 0.329 0.506 0.327 0.508 0.189 0.568
C 0.177 0.574 0.158 0.582 0.158 0.604
Z
