M 0.049 0.383
C 0.049 0.41 0.07 0.428 0.093 0.428
C 0.117 0.428 0.138 0.41 0.138 0.383
C 0.138 0.379 0.138 0.376 0.137 0.372
C 0.169 0.362 0.217 0.362 0.249 0.362
L 0.263 0.362
C 0.341 0.362 0.404 0.389 0.404 0.421
C 0.404 0.435 0.392 0.451 0.361 0.465
C 0.332 0.478 0.301 0.482 0.263 0.482
L 0.238 0.482
C 0.221 0.482 0.196 0.483 0.196 0.512
C 0.196 0.564 0.273 0.533 0.335 0.561
C 0.366 0.575 0.371 0.593 0.371 0.601
C 0.371 0.626 0.319 0.644 0.27 0.644
C 0.204 0.644 0.177 0.622 0.162 0.608
C 0.168 0.598 0.171 0.591 0.171 0.58
C 0.171 0.553 0.15 0.536 0.127 0.536
C 0.113 0.536 0.082 0.545 0.082 0.582
C 0.082 0.656 0.159 0.705 0.269 0.705
C 0.357 0.705 0.442 0.67 0.442 0.603
C 0.442 0.586 0.436 0.546 0.391 0.518
L 0.391 0.517
C 0.417 0.507 0.475 0.478 0.475 0.421
C 0.475 0.372 0.424 0.3 0.258 0.3
L 0.247 0.3
C 0.143 0.3 0.049 0.312 0.049 0.383
Z
