M 0.029 0.031
C 0.029 0.059 0.05 0.062 0.066 0.062
L 0.082 0.062
L 0.211 0.285
C 0.124 0.311 0.078 0.382 0.078 0.447
C 0.078 0.513 0.136 0.611 0.291 0.611
L 0.472 0.611
C 0.501 0.61 0.506 0.591 0.506 0.58
C 0.506 0.551 0.48 0.549 0.471 0.549
L 0.443 0.549
L 0.443 0.062
L 0.468 0.062
C 0.488 0.062 0.505 0.055 0.505 0.031
C 0.505 -0.001 0.475 0 0.469 0
L 0.346 0
C 0.314 0 0.31 0.02 0.31 0.031
C 0.31 0.049 0.32 0.062 0.347 0.062
L 0.373 0.062
L 0.373 0.275
L 0.27 0.275
L 0.147 0.062
L 0.149 0.062
C 0.159 0.062 0.187 0.061 0.187 0.031
C 0.187 0.021 0.183 0 0.152 0
L 0.066 0
C 0.056 0 0.029 0.001 0.029 0.031
Z
M 0.148 0.446
C 0.148 0.409 0.181 0.336 0.298 0.336
L 0.373 0.336
L 0.373 0.549
L 0.298 0.549
C 0.187 0.549 0.148 0.487 0.148 0.446
Z
