M 0.072 0.215
C 0.072 0.331 0.161 0.439 0.294 0.439
C 0.38 0.439 0.453 0.428 0.453 0.367
C 0.453 0.343 0.437 0.32 0.409 0.32
C 0.387 0.32 0.365 0.338 0.365 0.365
L 0.365 0.373
C 0.344 0.376 0.321 0.377 0.298 0.377
C 0.193 0.377 0.142 0.291 0.142 0.216
C 0.142 0.133 0.205 0.057 0.3 0.057
C 0.344 0.057 0.376 0.076 0.391 0.104
C 0.399 0.12 0.4 0.137 0.43 0.137
C 0.462 0.137 0.465 0.115 0.465 0.11
C 0.465 0.097 0.444 0.016 0.325 -0.003
L 0.325 -0.019
C 0.386 -0.037 0.413 -0.082 0.413 -0.125
C 0.413 -0.213 0.319 -0.236 0.21 -0.236
L 0.203 -0.236
C 0.194 -0.236 0.168 -0.235 0.168 -0.205
C 0.168 -0.176 0.19 -0.174 0.207 -0.174
L 0.21 -0.174
C 0.226 -0.174 0.343 -0.178 0.343 -0.125
C 0.343 -0.104 0.325 -0.079 0.289 -0.075
C 0.257 -0.071 0.255 -0.058 0.255 -0.033
L 0.255 -0.002
C 0.151 0.016 0.072 0.103 0.072 0.215
Z
