M 0.033 0.137
C 0.033 0.158 0.042 0.163 0.059 0.178
L 0.23 0.324
C 0.211 0.352 0.182 0.374 0.156 0.374
C 0.136 0.374 0.117 0.361 0.106 0.329
C 0.1 0.313 0.099 0.293 0.07 0.293
L 0.068 0.293
C 0.035 0.293 0.034 0.316 0.034 0.321
C 0.034 0.355 0.075 0.436 0.158 0.436
C 0.209 0.436 0.248 0.409 0.282 0.368
C 0.293 0.379 0.299 0.384 0.34 0.419
C 0.358 0.434 0.362 0.436 0.377 0.436
L 0.378 0.436
C 0.414 0.436 0.412 0.408 0.412 0.398
L 0.412 0.31
C 0.412 0.273 0.427 0.269 0.431 0.269
C 0.467 0.269 0.436 0.329 0.486 0.329
L 0.49 0.329
C 0.505 0.329 0.524 0.323 0.524 0.298
C 0.524 0.256 0.489 0.206 0.433 0.206
C 0.405 0.206 0.342 0.224 0.342 0.31
L 0.342 0.334
L 0.313 0.31
C 0.322 0.283 0.329 0.252 0.329 0.213
C 0.329 0.095 0.263 -0.008 0.168 -0.008
C 0.087 -0.008 0.033 0.051 0.033 0.137
Z
M 0.104 0.122
C 0.104 0.109 0.113 0.054 0.167 0.054
C 0.221 0.054 0.259 0.132 0.259 0.213
C 0.259 0.229 0.258 0.245 0.255 0.26
C 0.104 0.131 0.104 0.133 0.104 0.122
Z
