M 0.077 0.219
C 0.077 0.248 0.101 0.25 0.114 0.25
L 0.238 0.25
L 0.238 0.369
L 0.137 0.369
C 0.125 0.369 0.101 0.371 0.101 0.4
C 0.101 0.411 0.105 0.43 0.137 0.43
L 0.275 0.43
C 0.31 0.43 0.308 0.403 0.308 0.392
L 0.308 0.25
L 0.435 0.25
C 0.463 0.25 0.469 0.231 0.469 0.219
C 0.469 0.204 0.462 0.188 0.434 0.188
L 0.308 0.188
L 0.308 0.062
L 0.403 0.062
C 0.432 0.062 0.439 0.045 0.439 0.03
C 0.439 0.016 0.43 0.001 0.404 0
L 0.127 0
C 0.1 0 0.093 0.017 0.093 0.031
C 0.093 0.059 0.115 0.062 0.13 0.062
L 0.238 0.062
L 0.238 0.188
L 0.112 0.188
C 0.084 0.188 0.077 0.205 0.077 0.219
Z
M 0.208 0.561
C 0.208 0.591 0.233 0.611 0.258 0.611
C 0.288 0.611 0.308 0.586 0.308 0.561
C 0.308 0.536 0.287 0.511 0.258 0.511
C 0.228 0.511 0.208 0.536 0.208 0.561
Z
