M 0.031 -0.191
C 0.031 -0.175 0.039 -0.16 0.066 -0.16
L 0.152 -0.16
L 0.152 0.369
L 0.07 0.369
C 0.057 0.369 0.031 0.37 0.031 0.4
C 0.031 0.412 0.036 0.43 0.066 0.43
L 0.19 0.43
C 0.223 0.43 0.222 0.403 0.222 0.391
L 0.222 0.355
C 0.268 0.406 0.324 0.436 0.392 0.436
C 0.469 0.436 0.487 0.398 0.487 0.373
C 0.487 0.347 0.467 0.33 0.445 0.33
C 0.42 0.33 0.404 0.35 0.403 0.374
L 0.393 0.374
C 0.327 0.374 0.222 0.323 0.222 0.183
L 0.222 -0.16
L 0.336 -0.16
C 0.352 -0.16 0.374 -0.164 0.374 -0.192
C 0.374 -0.22 0.349 -0.222 0.339 -0.222
L 0.066 -0.222
C 0.038 -0.221 0.031 -0.205 0.031 -0.191
Z
