M 0.072 0.215
C 0.072 0.331 0.161 0.439 0.294 0.439
L 0.306 0.439
C 0.367 0.439 0.454 0.432 0.454 0.367
C 0.454 0.342 0.436 0.32 0.409 0.32
C 0.387 0.32 0.365 0.338 0.365 0.365
L 0.365 0.373
C 0.344 0.376 0.321 0.377 0.298 0.377
C 0.193 0.377 0.142 0.291 0.142 0.216
C 0.142 0.133 0.205 0.057 0.3 0.057
C 0.344 0.057 0.376 0.076 0.391 0.104
C 0.399 0.12 0.4 0.137 0.43 0.137
C 0.462 0.137 0.465 0.115 0.465 0.11
C 0.465 0.097 0.444 0.016 0.325 -0.003
L 0.325 -0.01
C 0.365 -0.02 0.413 -0.05 0.413 -0.107
C 0.413 -0.139 0.397 -0.164 0.373 -0.18
C 0.334 -0.206 0.275 -0.208 0.214 -0.208
L 0.204 -0.208
C 0.172 -0.208 0.168 -0.189 0.168 -0.178
C 0.168 -0.169 0.17 -0.157 0.185 -0.15
C 0.205 -0.14 0.342 -0.158 0.342 -0.107
C 0.342 -0.091 0.327 -0.073 0.296 -0.068
C 0.273 -0.065 0.255 -0.068 0.255 -0.025
L 0.255 -0.002
C 0.138 0.018 0.072 0.117 0.072 0.215
Z
