M 0.025 0.031
C 0.025 0.06 0.052 0.062 0.062 0.062
L 0.096 0.062
L 0.096 0.549
L 0.063 0.549
C 0.053 0.549 0.025 0.55 0.025 0.58
C 0.025 0.594 0.032 0.611 0.06 0.611
L 0.445 0.611
C 0.48 0.611 0.48 0.587 0.48 0.573
L 0.48 0.488
C 0.48 0.467 0.468 0.455 0.447 0.455
L 0.446 0.455
C 0.432 0.455 0.411 0.456 0.41 0.488
L 0.41 0.549
L 0.166 0.549
L 0.166 0.347
L 0.297 0.347
L 0.297 0.367
C 0.297 0.382 0.299 0.404 0.329 0.404
L 0.332 0.404
C 0.343 0.404 0.367 0.404 0.367 0.367
L 0.367 0.265
C 0.367 0.247 0.36 0.229 0.334 0.229
L 0.33 0.229
C 0.297 0.229 0.297 0.255 0.297 0.266
L 0.297 0.286
L 0.166 0.286
L 0.166 0.062
L 0.432 0.062
L 0.432 0.137
C 0.432 0.152 0.437 0.172 0.465 0.172
L 0.467 0.172
C 0.501 0.172 0.502 0.15 0.502 0.135
L 0.502 0.037
C 0.502 0.014 0.495 0 0.466 0
L 0.441 0
C 0.416 0 0.33 -0.058 0.33 -0.114
C 0.33 -0.148 0.36 -0.171 0.387 -0.171
C 0.432 -0.171 0.431 -0.124 0.461 -0.124
C 0.474 -0.124 0.493 -0.135 0.493 -0.154
C 0.493 -0.18 0.449 -0.233 0.386 -0.233
C 0.327 -0.233 0.266 -0.187 0.266 -0.116
C 0.266 -0.067 0.296 -0.029 0.326 0
L 0.06 0
C 0.033 0 0.025 0.016 0.025 0.031
Z
