M 0.012 0.58
C 0.012 0.611 0.037 0.611 0.053 0.611
L 0.126 0.611
C 0.16 0.611 0.166 0.601 0.166 0.57
L 0.166 0.388
C 0.2 0.419 0.245 0.437 0.293 0.437
C 0.399 0.437 0.488 0.339 0.488 0.216
C 0.488 0.089 0.391 -0.006 0.282 -0.006
C 0.25 -0.006 0.207 0.003 0.166 0.045
C 0.166 0.02 0.166 0 0.132 0
C 0.097 0 0.097 0.021 0.097 0.041
L 0.097 0.55
L 0.052 0.55
C 0.038 0.55 0.012 0.55 0.012 0.58
Z
M 0.166 0.191
C 0.166 0.143 0.201 0.055 0.279 0.055
C 0.349 0.055 0.419 0.12 0.419 0.216
C 0.419 0.303 0.361 0.376 0.287 0.376
C 0.224 0.376 0.166 0.323 0.166 0.264
L 0.166 0.191
Z
M 0.102 -0.123
C 0.102 -0.107 0.109 -0.091 0.137 -0.091
L 0.447 -0.091
C 0.474 -0.091 0.481 -0.109 0.481 -0.123
C 0.481 -0.138 0.473 -0.154 0.445 -0.154
L 0.136 -0.154
C 0.108 -0.153 0.102 -0.135 0.102 -0.123
Z
