M 0.188 0.727
C 0.188 0.749 0.208 0.754 0.22 0.758
C 0.361 0.806 0.36 0.807 0.37 0.807
C 0.387 0.807 0.404 0.793 0.404 0.772
C 0.404 0.75 0.388 0.741 0.372 0.736
C 0.236 0.69 0.226 0.686 0.22 0.686
C 0.194 0.686 0.188 0.718 0.188 0.727
Z
M 0.045 0.03
C 0.045 0.044 0.052 0.061 0.079 0.062
L 0.139 0.062
L 0.139 0.549
L 0.082 0.549
C 0.068 0.549 0.045 0.552 0.045 0.58
C 0.045 0.605 0.061 0.611 0.081 0.611
L 0.444 0.611
C 0.481 0.611 0.48 0.584 0.48 0.573
L 0.48 0.489
C 0.48 0.461 0.463 0.455 0.448 0.455
L 0.446 0.455
C 0.433 0.455 0.411 0.455 0.41 0.488
L 0.41 0.549
L 0.209 0.549
L 0.209 0.062
L 0.292 0.062
C 0.32 0.062 0.327 0.045 0.327 0.031
C 0.327 0.015 0.32 0 0.291 0
L 0.081 0
C 0.05 0 0.045 0.019 0.045 0.03
Z
