M -0.014 0.031
C -0.014 0.049 -0.004 0.062 0.021 0.062
L 0.046 0.062
L 0.131 0.476
C 0.132 0.482 0.134 0.486 0.134 0.49
C 0.134 0.5 0.126 0.513 0.087 0.588
C 0.082 0.599 0.079 0.603 0.079 0.618
L 0.079 0.631
C 0.079 0.662 0.1 0.666 0.107 0.666
C 0.127 0.666 0.133 0.646 0.14 0.634
L 0.42 0.089
C 0.425 0.08 0.43 0.071 0.434 0.062
L 0.463 0.062
C 0.472 0.062 0.498 0.06 0.498 0.031
C 0.498 0.004 0.477 0 0.463 0
L 0.351 0
C 0.326 0 0.317 0.014 0.317 0.029
C 0.317 0.061 0.341 0.062 0.355 0.062
L 0.357 0.062
L 0.278 0.216
L 0.246 0.062
L 0.258 0.062
C 0.285 0.062 0.292 0.046 0.292 0.031
C 0.292 0.002 0.269 0 0.256 0
L 0.174 0
C 0.142 0 0.146 0.001 0.139 0.001
C 0.132 0.001 0.132 0 0.106 0
L 0.018 0
C 0.002 0 -0.014 0.006 -0.014 0.031
Z
M 0.11 0.062
L 0.127 0.062
L 0.139 0.061
L 0.153 0.062
L 0.183 0.062
L 0.23 0.293
L 0.231 0.305
C 0.216 0.341 0.197 0.371 0.181 0.405
Z
