M 0.009 0.03
C 0.009 0.06 0.022 0.062 0.027 0.062
L 0.04 0.062
L 0.04 0.549
L 0.028 0.549
C 0.018 0.549 0.009 0.555 0.009 0.58
C 0.009 0.591 0.012 0.611 0.028 0.611
L 0.133 0.611
C 0.199 0.611 0.242 0.465 0.242 0.301
C 0.242 0.138 0.196 0 0.134 0
L 0.026 0
C 0.012 0 0.009 0.018 0.009 0.03
Z
M 0.076 0.062
L 0.122 0.062
C 0.183 0.062 0.208 0.198 0.208 0.3
C 0.208 0.433 0.174 0.549 0.124 0.549
L 0.076 0.549
L 0.076 0.062
Z
M 0.286 0.033
C 0.286 0.045 0.286 0.051 0.29 0.063
L 0.456 0.549
L 0.327 0.549
L 0.327 0.49
C 0.327 0.47 0.323 0.455 0.309 0.455
C 0.296 0.455 0.292 0.472 0.292 0.491
L 0.292 0.576
C 0.292 0.607 0.301 0.611 0.31 0.611
L 0.482 0.611
C 0.492 0.611 0.501 0.607 0.501 0.577
C 0.501 0.557 0.496 0.548 0.492 0.537
L 0.332 0.062
L 0.468 0.062
L 0.468 0.14
C 0.468 0.17 0.476 0.175 0.486 0.175
C 0.493 0.175 0.503 0.174 0.503 0.14
L 0.503 0.035
C 0.503 0 0.492 0 0.484 0
L 0.305 0
C 0.299 0 0.286 0 0.286 0.033
Z
