M 0.07 0.519
C 0.07 0.57 0.104 0.538 0.171 0.588
C 0.242 0.641 0.226 0.694 0.262 0.694
C 0.28 0.694 0.287 0.682 0.292 0.669
C 0.313 0.616 0.358 0.571 0.42 0.556
C 0.438 0.551 0.455 0.55 0.455 0.519
C 0.455 0.498 0.443 0.485 0.425 0.485
C 0.398 0.485 0.337 0.51 0.297 0.545
L 0.297 0.27
C 0.297 0.269 0.298 0.266 0.298 0.261
C 0.298 0.236 0.283 0.22 0.262 0.22
C 0.244 0.22 0.232 0.233 0.229 0.245
C 0.227 0.252 0.228 0.259 0.228 0.266
L 0.228 0.545
C 0.171 0.496 0.113 0.485 0.097 0.485
C 0.086 0.485 0.07 0.494 0.07 0.519
Z
