M 0.028 0.032
C 0.028 0.056 0.044 0.062 0.063 0.062
L 0.085 0.062
C 0.087 0.071 0.088 0.079 0.09 0.088
L 0.208 0.617
C 0.215 0.649 0.238 0.651 0.248 0.651
L 0.273 0.651
C 0.308 0.651 0.313 0.631 0.317 0.612
L 0.433 0.087
C 0.435 0.079 0.436 0.071 0.438 0.062
L 0.46 0.062
C 0.479 0.062 0.495 0.056 0.495 0.032
C 0.495 0.005 0.478 0 0.46 0
L 0.339 0
C 0.311 0 0.305 0.016 0.305 0.03
C 0.304 0.057 0.322 0.062 0.341 0.062
L 0.367 0.062
L 0.28 0.466
L 0.264 0.548
L 0.261 0.569
L 0.256 0.531
L 0.223 0.367
L 0.156 0.062
L 0.184 0.062
C 0.193 0.062 0.218 0.06 0.218 0.031
C 0.218 0.005 0.202 0 0.184 0
L 0.063 0
C 0.048 0 0.028 0.003 0.028 0.032
Z
