M 0.04 0.305
C 0.04 0.488 0.148 0.602 0.249 0.619
L 0.25 0.62
L 0.25 0.655
C 0.25 0.664 0.249 0.694 0.28 0.694
C 0.313 0.694 0.311 0.663 0.311 0.654
L 0.311 0.62
C 0.352 0.614 0.383 0.595 0.41 0.573
C 0.425 0.606 0.432 0.622 0.454 0.622
C 0.463 0.622 0.484 0.618 0.484 0.587
L 0.484 0.439
C 0.484 0.43 0.486 0.399 0.449 0.399
C 0.436 0.399 0.423 0.405 0.417 0.416
C 0.411 0.43 0.408 0.528 0.311 0.558
L 0.311 0.053
C 0.379 0.069 0.41 0.12 0.413 0.168
C 0.415 0.198 0.427 0.202 0.449 0.202
C 0.465 0.202 0.484 0.198 0.484 0.169
C 0.484 0.092 0.421 0.007 0.311 -0.009
L 0.311 -0.044
C 0.311 -0.059 0.31 -0.083 0.281 -0.083
C 0.248 -0.083 0.25 -0.052 0.25 -0.043
L 0.25 -0.009
L 0.249 -0.008
C 0.147 0.009 0.04 0.124 0.04 0.305
Z
M 0.11 0.306
C 0.11 0.202 0.157 0.085 0.25 0.056
L 0.25 0.555
C 0.161 0.523 0.11 0.421 0.11 0.306
Z
