M 0.132 0.512
C 0.132 0.554 0.191 0.526 0.191 0.565
L 0.191 0.57
C 0.183 0.566 0.176 0.564 0.169 0.564
C 0.146 0.564 0.132 0.584 0.132 0.601
C 0.132 0.624 0.15 0.639 0.172 0.639
C 0.207 0.639 0.246 0.609 0.246 0.562
C 0.246 0.508 0.194 0.485 0.163 0.485
C 0.144 0.485 0.132 0.497 0.132 0.512
Z
M 0.165 0.134
L 0.165 0.398
C 0.165 0.409 0.164 0.436 0.198 0.436
C 0.226 0.436 0.232 0.419 0.232 0.404
L 0.232 0.139
C 0.232 0.076 0.251 0.062 0.264 0.062
C 0.274 0.062 0.285 0.069 0.289 0.087
C 0.291 0.094 0.29 0.122 0.322 0.122
L 0.324 0.122
C 0.351 0.122 0.357 0.106 0.357 0.092
C 0.357 0.045 0.32 -0.005 0.265 -0.005
C 0.211 -0.005 0.165 0.041 0.165 0.134
Z
