M 0.026 0.517
L 0.026 0.596
C 0.026 0.622 0.029 0.639 0.061 0.639
L 0.463 0.639
C 0.484 0.639 0.498 0.631 0.498 0.603
L 0.498 0.517
C 0.498 0.489 0.482 0.482 0.466 0.482
L 0.465 0.482
C 0.448 0.482 0.431 0.486 0.431 0.517
L 0.431 0.577
L 0.297 0.577
L 0.297 0.062
L 0.354 0.062
C 0.368 0.062 0.39 0.06 0.39 0.031
C 0.39 0.005 0.371 0 0.354 0
L 0.17 0
C 0.154 0 0.135 0.005 0.135 0.031
C 0.135 0.059 0.157 0.062 0.171 0.062
L 0.227 0.062
L 0.227 0.577
L 0.093 0.577
L 0.093 0.515
C 0.092 0.488 0.078 0.482 0.059 0.482
L 0.057 0.482
C 0.041 0.482 0.026 0.489 0.026 0.517
Z
