M 0.086 0.788
C 0.086 0.807 0.098 0.819 0.117 0.819
C 0.149 0.819 0.147 0.787 0.149 0.779
C 0.157 0.742 0.204 0.716 0.263 0.716
C 0.31 0.716 0.371 0.736 0.377 0.786
C 0.378 0.798 0.381 0.819 0.408 0.819
C 0.426 0.819 0.439 0.807 0.439 0.787
C 0.439 0.712 0.362 0.652 0.262 0.652
C 0.157 0.652 0.086 0.716 0.086 0.788
Z
M 0.079 0.031
C 0.079 0.061 0.105 0.061 0.12 0.061
L 0.228 0.061
L 0.228 0.55
L 0.12 0.55
C 0.105 0.55 0.079 0.55 0.079 0.581
C 0.079 0.611 0.105 0.611 0.12 0.611
L 0.405 0.611
C 0.42 0.611 0.446 0.611 0.446 0.58
C 0.446 0.55 0.42 0.55 0.405 0.55
L 0.297 0.55
L 0.297 0.061
L 0.405 0.061
C 0.42 0.061 0.446 0.061 0.446 0.03
C 0.446 0 0.42 0 0.405 0
L 0.12 0
C 0.105 0 0.079 0 0.079 0.031
Z
