M 0.127 0.732
C 0.127 0.761 0.15 0.782 0.176 0.782
C 0.202 0.782 0.227 0.761 0.227 0.732
C 0.227 0.703 0.203 0.682 0.177 0.682
C 0.147 0.682 0.127 0.706 0.127 0.732
Z
M 0.297 0.732
C 0.297 0.761 0.321 0.782 0.347 0.782
C 0.373 0.782 0.397 0.761 0.397 0.732
C 0.397 0.703 0.373 0.682 0.347 0.682
C 0.317 0.682 0.297 0.706 0.297 0.732
Z
M 0.037 0.515
C 0.037 0.574 0.077 0.65 0.153 0.65
C 0.235 0.65 0.256 0.555 0.262 0.5
C 0.268 0.554 0.289 0.65 0.37 0.65
C 0.446 0.65 0.486 0.574 0.486 0.514
C 0.486 0.486 0.466 0.484 0.451 0.484
C 0.396 0.484 0.43 0.53 0.402 0.578
C 0.397 0.585 0.387 0.597 0.371 0.597
C 0.31 0.596 0.297 0.489 0.297 0.365
L 0.297 0.062
L 0.337 0.062
C 0.349 0.062 0.373 0.06 0.373 0.031
C 0.373 0.003 0.353 0 0.338 0
L 0.187 0
C 0.175 0 0.151 0 0.151 0.031
C 0.151 0.059 0.175 0.062 0.186 0.062
L 0.227 0.062
L 0.227 0.365
C 0.225 0.426 0.229 0.597 0.154 0.597
C 0.1 0.597 0.112 0.514 0.103 0.498
C 0.098 0.489 0.089 0.484 0.075 0.484
L 0.072 0.484
C 0.061 0.484 0.037 0.484 0.037 0.515
Z
