M 0.187 0.546
C 0.187 0.567 0.206 0.573 0.217 0.578
C 0.348 0.635 0.355 0.639 0.366 0.639
C 0.383 0.639 0.4 0.625 0.4 0.604
C 0.4 0.582 0.382 0.573 0.37 0.568
C 0.226 0.505 0.231 0.506 0.221 0.506
C 0.199 0.506 0.187 0.532 0.187 0.546
Z
M 0.073 0.216
C 0.073 0.304 0.133 0.44 0.305 0.44
C 0.35 0.44 0.454 0.44 0.454 0.367
C 0.454 0.338 0.433 0.321 0.409 0.321
C 0.385 0.321 0.366 0.335 0.365 0.37
C 0.365 0.379 0.326 0.379 0.305 0.379
C 0.17 0.379 0.142 0.264 0.142 0.216
C 0.142 0.125 0.214 0.055 0.299 0.055
C 0.373 0.055 0.392 0.102 0.398 0.115
C 0.405 0.135 0.415 0.137 0.431 0.137
C 0.437 0.137 0.466 0.137 0.466 0.109
C 0.466 0.092 0.432 -0.006 0.293 -0.006
C 0.167 -0.006 0.073 0.096 0.073 0.216
Z
