M 0.088 0.523
C 0.088 0.536 0.096 0.544 0.104 0.551
C 0.159 0.602 0.193 0.611 0.215 0.611
C 0.269 0.611 0.288 0.557 0.313 0.557
C 0.346 0.557 0.382 0.61 0.404 0.61
C 0.42 0.61 0.436 0.596 0.436 0.579
C 0.436 0.566 0.428 0.558 0.421 0.551
C 0.399 0.53 0.354 0.491 0.31 0.491
C 0.256 0.491 0.237 0.544 0.211 0.544
C 0.179 0.544 0.142 0.491 0.119 0.491
C 0.1 0.491 0.088 0.509 0.088 0.523
Z
M 0.012 0.03
C 0.012 0.061 0.037 0.061 0.053 0.061
L 0.097 0.061
L 0.097 0.37
L 0.052 0.37
C 0.038 0.37 0.012 0.37 0.012 0.4
C 0.012 0.431 0.037 0.431 0.053 0.431
L 0.126 0.431
C 0.166 0.431 0.166 0.416 0.166 0.384
C 0.185 0.403 0.23 0.437 0.297 0.437
C 0.376 0.437 0.427 0.394 0.427 0.293
L 0.427 0.061
L 0.471 0.061
C 0.487 0.061 0.512 0.061 0.512 0.03
C 0.512 0 0.486 0 0.472 0
L 0.319 0
C 0.305 0 0.278 0 0.278 0.03
C 0.278 0.061 0.303 0.061 0.319 0.061
L 0.358 0.061
L 0.358 0.288
C 0.358 0.348 0.344 0.376 0.291 0.376
C 0.24 0.376 0.166 0.338 0.166 0.238
L 0.166 0.061
L 0.21 0.061
C 0.226 0.061 0.251 0.061 0.251 0.03
C 0.251 0 0.225 0 0.211 0
L 0.052 0
C 0.038 0 0.012 0 0.012 0.03
Z
