M 0.103 0.525
C 0.103 0.545 0.12 0.562 0.141 0.562
C 0.163 0.562 0.178 0.543 0.178 0.525
C 0.178 0.503 0.159 0.487 0.141 0.487
C 0.119 0.487 0.103 0.505 0.103 0.525
Z
M 0.126 0.633
C 0.126 0.653 0.143 0.667 0.16 0.667
C 0.182 0.667 0.182 0.66 0.268 0.537
C 0.275 0.554 0.289 0.562 0.303 0.562
C 0.322 0.562 0.341 0.547 0.341 0.525
C 0.341 0.504 0.324 0.488 0.304 0.488
C 0.295 0.488 0.287 0.491 0.278 0.498
C 0.276 0.496 0.267 0.484 0.253 0.484
C 0.239 0.484 0.232 0.494 0.225 0.502
C 0.127 0.62 0.126 0.617 0.126 0.633
Z
M 0.043 0.409
C 0.043 0.428 0.062 0.441 0.077 0.441
C 0.093 0.441 0.103 0.431 0.11 0.416
C 0.161 0.304 0.15 0.225 0.155 0.191
C 0.163 0.132 0.206 0.062 0.283 0.062
C 0.348 0.062 0.413 0.121 0.413 0.218
C 0.413 0.33 0.355 0.383 0.355 0.408
C 0.355 0.427 0.372 0.441 0.389 0.441
C 0.411 0.441 0.421 0.42 0.428 0.408
C 0.468 0.34 0.48 0.272 0.48 0.217
C 0.48 0.098 0.397 -0.005 0.284 -0.005
C 0.18 -0.005 0.095 0.083 0.087 0.2
C 0.084 0.242 0.09 0.296 0.051 0.384
C 0.047 0.392 0.043 0.4 0.043 0.409
Z
