M 0.018 0.031
C 0.018 0.06 0.04 0.062 0.054 0.062
L 0.06 0.062
L 0.138 0.614
C 0.14 0.625 0.14 0.651 0.177 0.651
L 0.193 0.651
C 0.224 0.651 0.229 0.634 0.232 0.616
L 0.311 0.062
L 0.317 0.062
C 0.331 0.062 0.352 0.06 0.352 0.031
C 0.352 0.016 0.345 0 0.317 0
L 0.233 0
C 0.206 0.001 0.199 0.015 0.199 0.031
C 0.199 0.06 0.221 0.062 0.235 0.062
L 0.24 0.062
L 0.224 0.175
L 0.146 0.175
L 0.131 0.062
L 0.135 0.062
C 0.148 0.062 0.172 0.06 0.172 0.031
C 0.172 0.02 0.167 0.001 0.138 0
L 0.053 0
C 0.025 0 0.018 0.016 0.018 0.031
Z
M 0.154 0.237
L 0.216 0.237
C 0.211 0.272 0.186 0.471 0.186 0.569
C 0.186 0.569 0.182 0.427 0.154 0.237
Z
M 0.381 0.103
C 0.381 0.117 0.387 0.135 0.414 0.135
L 0.469 0.135
C 0.497 0.135 0.505 0.12 0.505 0.104
C 0.505 0.089 0.496 0.075 0.476 0.073
L 0.476 -0.073
C 0.486 -0.075 0.505 -0.079 0.505 -0.104
C 0.505 -0.12 0.497 -0.135 0.469 -0.135
L 0.414 -0.135
C 0.389 -0.135 0.381 -0.119 0.381 -0.104
C 0.381 -0.086 0.392 -0.074 0.409 -0.073
L 0.409 0.073
C 0.387 0.076 0.381 0.09 0.381 0.103
Z
