M 0.015 0.2
C 0.015 0.206 0.02 0.215 0.053 0.215
L 0.18 0.215
C 0.205 0.215 0.216 0.208 0.216 0.2
C 0.216 0.194 0.21 0.189 0.2 0.186
C 0.192 0.184 0.181 0.184 0.172 0.184
L 0.124 0.184
L 0.176 0.035
C 0.183 0.051 0.201 0.081 0.219 0.111
C 0.227 0.124 0.241 0.129 0.262 0.129
L 0.266 0.129
C 0.306 0.129 0.308 0.115 0.335 0.067
C 0.341 0.057 0.346 0.047 0.35 0.035
C 0.364 0.087 0.384 0.134 0.4 0.184
L 0.344 0.184
C 0.314 0.184 0.308 0.194 0.308 0.2
C 0.308 0.208 0.319 0.215 0.344 0.215
L 0.47 0.215
C 0.503 0.215 0.509 0.206 0.509 0.2
C 0.509 0.194 0.503 0.184 0.473 0.184
L 0.457 0.184
C 0.455 0.178 0.417 0.072 0.397 0.016
C 0.395 0.01 0.389 -0.002 0.357 -0.002
L 0.348 -0.002
C 0.309 -0.002 0.306 0.01 0.292 0.034
C 0.265 0.08 0.266 0.088 0.264 0.094
C 0.262 0.078 0.243 0.047 0.226 0.018
C 0.217 0.004 0.207 -0.002 0.178 -0.002
L 0.169 -0.002
C 0.13 -0.002 0.13 0.01 0.124 0.024
C 0.105 0.077 0.069 0.178 0.067 0.184
L 0.051 0.184
C 0.021 0.184 0.015 0.194 0.015 0.2
Z
M 0.015 0.469
C 0.015 0.475 0.02 0.484 0.053 0.484
L 0.18 0.484
C 0.205 0.484 0.216 0.477 0.216 0.469
C 0.216 0.463 0.21 0.458 0.2 0.455
C 0.192 0.453 0.181 0.453 0.172 0.453
L 0.124 0.453
L 0.176 0.304
C 0.183 0.32 0.201 0.35 0.219 0.38
C 0.227 0.393 0.241 0.398 0.262 0.398
L 0.266 0.398
C 0.306 0.398 0.308 0.384 0.335 0.336
C 0.341 0.326 0.346 0.316 0.35 0.304
C 0.364 0.356 0.384 0.403 0.4 0.453
L 0.344 0.453
C 0.314 0.453 0.308 0.463 0.308 0.469
C 0.308 0.477 0.319 0.484 0.344 0.484
L 0.47 0.484
C 0.503 0.484 0.509 0.475 0.509 0.469
C 0.509 0.463 0.503 0.453 0.473 0.453
L 0.457 0.453
C 0.455 0.447 0.417 0.341 0.397 0.285
C 0.395 0.279 0.389 0.267 0.357 0.267
L 0.354 0.267
C 0.308 0.267 0.307 0.277 0.292 0.303
C 0.265 0.349 0.266 0.357 0.264 0.363
C 0.262 0.347 0.243 0.316 0.226 0.287
C 0.217 0.272 0.207 0.267 0.172 0.267
L 0.169 0.267
C 0.127 0.267 0.128 0.282 0.124 0.293
C 0.105 0.346 0.069 0.447 0.067 0.453
L 0.051 0.453
C 0.021 0.453 0.015 0.463 0.015 0.469
Z
