M 0.015 0.031
C 0.015 0.059 0.028 0.062 0.033 0.062
L 0.054 0.062
L 0.054 0.549
L 0.034 0.549
C 0.028 0.549 0.015 0.551 0.015 0.58
C 0.015 0.595 0.019 0.611 0.033 0.611
L 0.119 0.611
C 0.123 0.611 0.136 0.61 0.136 0.58
C 0.136 0.551 0.126 0.549 0.118 0.549
L 0.088 0.549
L 0.088 0.062
L 0.209 0.062
L 0.209 0.137
C 0.209 0.17 0.22 0.172 0.226 0.172
L 0.228 0.172
C 0.241 0.172 0.244 0.155 0.244 0.135
L 0.244 0.037
C 0.244 0.02 0.244 0 0.226 0
L 0.033 0
C 0.023 0 0.015 0.006 0.015 0.031
Z
M 0.286 -0.152
C 0.286 -0.127 0.294 -0.107 0.308 -0.107
C 0.32 -0.107 0.33 -0.126 0.33 -0.151
L 0.33 -0.162
C 0.338 -0.165 0.348 -0.166 0.357 -0.166
C 0.373 -0.166 0.384 -0.162 0.396 -0.136
C 0.406 -0.113 0.412 -0.079 0.412 -0.037
L 0.412 0.369
L 0.344 0.369
C 0.33 0.369 0.326 0.388 0.326 0.4
C 0.326 0.411 0.329 0.43 0.345 0.43
L 0.429 0.43
C 0.447 0.43 0.446 0.406 0.446 0.392
L 0.446 -0.04
C 0.446 -0.146 0.413 -0.228 0.359 -0.228
L 0.355 -0.228
C 0.323 -0.228 0.286 -0.218 0.286 -0.152
Z
M 0.396 0.561
C 0.396 0.591 0.41 0.611 0.422 0.611
C 0.437 0.611 0.446 0.586 0.446 0.561
C 0.446 0.536 0.436 0.511 0.422 0.511
C 0.407 0.511 0.396 0.536 0.396 0.561
Z
