M 0.062 0.495
C 0.062 0.551 0.111 0.617 0.252 0.617
C 0.437 0.617 0.462 0.53 0.462 0.493
C 0.462 0.441 0.425 0.412 0.396 0.396
C 0.303 0.345 0.287 0.288 0.287 0.241
L 0.287 0.224
C 0.287 0.19 0.277 0.184 0.247 0.184
C 0.207 0.184 0.207 0.197 0.207 0.236
C 0.207 0.276 0.207 0.365 0.352 0.445
C 0.371 0.455 0.393 0.467 0.393 0.493
C 0.393 0.524 0.354 0.556 0.252 0.556
C 0.213 0.556 0.166 0.549 0.141 0.521
C 0.146 0.515 0.151 0.505 0.151 0.493
C 0.151 0.465 0.128 0.448 0.107 0.448
C 0.086 0.448 0.062 0.463 0.062 0.495
Z
M 0.197 0.05
C 0.197 0.078 0.219 0.1 0.247 0.1
C 0.275 0.1 0.297 0.078 0.297 0.05
C 0.297 0.022 0.275 0 0.247 0
C 0.219 0 0.197 0.022 0.197 0.05
Z
