M 0.155 0.561
C 0.155 0.606 0.2 0.647 0.262 0.647
C 0.328 0.647 0.37 0.604 0.37 0.56
C 0.37 0.515 0.324 0.473 0.262 0.473
C 0.21 0.473 0.155 0.507 0.155 0.561
Z
M 0.213 0.56
C 0.213 0.534 0.232 0.509 0.262 0.509
C 0.291 0.509 0.311 0.534 0.311 0.56
C 0.311 0.586 0.292 0.612 0.262 0.612
C 0.233 0.612 0.213 0.586 0.213 0.56
Z
M 0.012 0.4
C 0.012 0.431 0.037 0.431 0.053 0.431
L 0.126 0.431
C 0.16 0.431 0.166 0.421 0.166 0.39
L 0.166 0.12
C 0.166 0.088 0.166 0.055 0.245 0.055
C 0.277 0.055 0.358 0.067 0.358 0.157
L 0.358 0.37
L 0.313 0.37
C 0.299 0.37 0.273 0.37 0.273 0.4
C 0.273 0.431 0.298 0.431 0.314 0.431
L 0.387 0.431
C 0.421 0.431 0.427 0.421 0.427 0.39
L 0.427 0.061
L 0.472 0.061
C 0.486 0.061 0.512 0.061 0.512 0.031
C 0.512 0 0.487 0 0.471 0
L 0.398 0
C 0.38 0 0.359 0 0.358 0.032
C 0.321 0.004 0.28 -0.006 0.239 -0.006
C 0.166 -0.006 0.097 0.018 0.097 0.114
L 0.097 0.37
L 0.052 0.37
C 0.038 0.37 0.012 0.37 0.012 0.4
Z
