M 0.043 0.606
C 0.043 0.617 0.051 0.639 0.081 0.639
C 0.217 0.639 0.346 0.554 0.42 0.366
C 0.469 0.242 0.48 0.105 0.48 0.03
C 0.48 -0.006 0.458 -0.011 0.447 -0.011
C 0.434 -0.011 0.418 -0.003 0.414 0.016
C 0.413 0.022 0.418 0.227 0.34 0.382
C 0.305 0.339 0.294 0.295 0.294 0.192
C 0.294 0.177 0.295 0.18 0.295 0.162
L 0.295 0.117
C 0.295 0.081 0.272 0.077 0.262 0.077
C 0.246 0.077 0.229 0.087 0.228 0.115
L 0.228 0.176
C 0.228 0.28 0.239 0.378 0.309 0.438
L 0.288 0.467
L 0.266 0.491
C 0.206 0.421 0.12 0.333 0.116 0.228
C 0.115 0.192 0.095 0.186 0.082 0.186
C 0.072 0.186 0.049 0.19 0.049 0.226
C 0.049 0.353 0.164 0.468 0.219 0.531
C 0.13 0.582 0.092 0.568 0.069 0.574
C 0.05 0.578 0.043 0.595 0.043 0.606
Z
