M 0.043 0.215
C 0.043 0.324 0.13 0.42 0.26 0.437
L 0.26 0.51
C 0.261 0.538 0.277 0.544 0.291 0.544
C 0.304 0.544 0.321 0.538 0.321 0.511
L 0.321 0.439
C 0.381 0.438 0.483 0.434 0.483 0.365
C 0.483 0.34 0.464 0.32 0.438 0.32
C 0.42 0.32 0.393 0.332 0.394 0.371
L 0.36 0.375
L 0.321 0.377
L 0.321 0.057
C 0.446 0.07 0.405 0.137 0.46 0.137
C 0.487 0.137 0.494 0.12 0.494 0.109
C 0.494 0.086 0.453 0.003 0.322 -0.004
L 0.321 -0.005
L 0.321 -0.077
C 0.321 -0.104 0.304 -0.111 0.291 -0.111
C 0.277 -0.111 0.261 -0.105 0.26 -0.077
L 0.26 -0.004
C 0.129 0.012 0.043 0.109 0.043 0.215
Z
M 0.113 0.216
C 0.113 0.15 0.164 0.079 0.26 0.06
L 0.26 0.375
C 0.16 0.358 0.113 0.28 0.113 0.216
Z
