M 0.042 0.031
C 0.042 0.061 0.068 0.061 0.083 0.061
L 0.184 0.061
L 0.184 0.37
L 0.083 0.37
C 0.068 0.37 0.043 0.37 0.043 0.4
C 0.043 0.431 0.068 0.431 0.084 0.431
L 0.184 0.431
L 0.184 0.484
C 0.184 0.571 0.261 0.617 0.341 0.617
C 0.357 0.617 0.437 0.617 0.437 0.557
C 0.437 0.529 0.414 0.513 0.394 0.513
C 0.359 0.513 0.35 0.552 0.35 0.556
C 0.32 0.556 0.253 0.556 0.253 0.478
L 0.253 0.431
L 0.375 0.431
C 0.391 0.431 0.415 0.431 0.415 0.4
C 0.415 0.37 0.39 0.37 0.375 0.37
L 0.253 0.37
L 0.253 0.061
L 0.354 0.061
C 0.369 0.061 0.395 0.061 0.395 0.03
C 0.395 0 0.369 0 0.354 0
L 0.083 0
C 0.068 0 0.042 0 0.042 0.031
Z
