M 0.014 0.031
C 0.014 0.06 0.027 0.062 0.031 0.062
L 0.046 0.062
L 0.046 0.549
L 0.032 0.549
C 0.026 0.549 0.014 0.55 0.014 0.58
C 0.014 0.596 0.018 0.611 0.032 0.611
L 0.07 0.611
C 0.089 0.611 0.092 0.588 0.096 0.568
L 0.188 0.07
L 0.187 0.549
L 0.174 0.549
C 0.168 0.549 0.154 0.55 0.154 0.58
C 0.154 0.596 0.159 0.611 0.173 0.611
L 0.23 0.611
C 0.245 0.611 0.248 0.592 0.248 0.58
C 0.248 0.556 0.24 0.549 0.23 0.549
L 0.216 0.549
L 0.216 0.041
C 0.216 0.022 0.215 0 0.198 0
L 0.192 0
C 0.174 0 0.169 0.017 0.164 0.045
L 0.074 0.541
L 0.074 0.062
L 0.088 0.062
C 0.098 0.062 0.107 0.056 0.107 0.031
C 0.107 0.02 0.105 0 0.089 0
L 0.031 0
C 0.017 0 0.014 0.015 0.014 0.031
Z
M 0.286 -0.152
C 0.286 -0.127 0.294 -0.107 0.308 -0.107
C 0.32 -0.107 0.33 -0.126 0.33 -0.151
L 0.33 -0.162
C 0.338 -0.165 0.348 -0.166 0.357 -0.166
C 0.373 -0.166 0.384 -0.162 0.396 -0.136
C 0.406 -0.113 0.412 -0.079 0.412 -0.037
L 0.412 0.369
L 0.344 0.369
C 0.33 0.369 0.326 0.388 0.326 0.4
C 0.326 0.411 0.329 0.43 0.345 0.43
L 0.429 0.43
C 0.447 0.43 0.446 0.406 0.446 0.392
L 0.446 -0.04
C 0.446 -0.146 0.413 -0.228 0.359 -0.228
L 0.355 -0.228
C 0.323 -0.228 0.286 -0.218 0.286 -0.152
Z
M 0.396 0.561
C 0.396 0.591 0.41 0.611 0.422 0.611
C 0.437 0.611 0.446 0.586 0.446 0.561
C 0.446 0.536 0.436 0.511 0.422 0.511
C 0.407 0.511 0.396 0.536 0.396 0.561
Z
