M 0.049 0.362
L 0.049 0.393
C 0.049 0.415 0.053 0.43 0.086 0.43
L 0.44 0.43
C 0.455 0.43 0.472 0.423 0.472 0.397
C 0.472 0.374 0.478 0.383 0.286 0.236
C 0.326 0.233 0.475 0.232 0.475 0.12
C 0.475 -0.02 0.211 -0.024 0.211 -0.113
C 0.211 -0.143 0.253 -0.166 0.307 -0.166
C 0.396 -0.166 0.415 -0.104 0.442 -0.104
C 0.457 -0.104 0.479 -0.122 0.479 -0.141
C 0.479 -0.171 0.397 -0.227 0.307 -0.227
C 0.234 -0.227 0.142 -0.195 0.142 -0.108
C 0.142 0.03 0.406 0.036 0.406 0.123
C 0.406 0.164 0.325 0.17 0.229 0.172
L 0.204 0.172
C 0.197 0.172 0.191 0.172 0.185 0.174
C 0.169 0.18 0.165 0.192 0.165 0.2
C 0.165 0.219 0.158 0.21 0.372 0.374
L 0.119 0.374
L 0.119 0.357
C 0.119 0.328 0.106 0.321 0.083 0.321
L 0.082 0.321
C 0.048 0.321 0.049 0.352 0.049 0.362
Z
