M 0.014 0.031
C 0.014 0.06 0.027 0.062 0.031 0.062
L 0.046 0.062
L 0.046 0.549
L 0.032 0.549
C 0.026 0.549 0.014 0.55 0.014 0.58
C 0.014 0.596 0.018 0.611 0.032 0.611
L 0.07 0.611
C 0.089 0.611 0.092 0.588 0.096 0.568
L 0.188 0.07
L 0.187 0.549
L 0.174 0.549
C 0.168 0.549 0.154 0.55 0.154 0.58
C 0.154 0.596 0.159 0.611 0.173 0.611
L 0.23 0.611
C 0.245 0.611 0.248 0.592 0.248 0.58
C 0.248 0.556 0.24 0.549 0.23 0.549
L 0.216 0.549
L 0.216 0.041
C 0.216 0.022 0.215 0 0.198 0
L 0.192 0
C 0.174 0 0.169 0.017 0.164 0.045
L 0.074 0.541
L 0.074 0.062
L 0.088 0.062
C 0.098 0.062 0.107 0.056 0.107 0.031
C 0.107 0.02 0.105 0 0.089 0
L 0.031 0
C 0.017 0 0.014 0.015 0.014 0.031
Z
M 0.298 0.1
C 0.298 0.127 0.308 0.146 0.32 0.146
C 0.333 0.146 0.342 0.125 0.342 0.101
C 0.342 0.093 0.34 0.085 0.338 0.076
C 0.343 0.068 0.355 0.051 0.381 0.051
C 0.4 0.051 0.432 0.068 0.432 0.138
L 0.432 0.549
L 0.388 0.549
C 0.38 0.549 0.37 0.555 0.37 0.58
C 0.37 0.598 0.376 0.61 0.386 0.611
L 0.486 0.611
C 0.496 0.611 0.502 0.599 0.502 0.58
C 0.502 0.551 0.489 0.549 0.484 0.549
L 0.466 0.549
L 0.466 0.136
C 0.467 0.05 0.43 -0.011 0.382 -0.011
C 0.334 -0.011 0.298 0.033 0.298 0.1
Z
