M 0.021 0.414
C 0.021 0.482 0.068 0.548 0.143 0.548
C 0.172 0.548 0.193 0.541 0.215 0.522
C 0.215 0.543 0.224 0.55 0.234 0.55
C 0.239 0.55 0.257 0.549 0.257 0.526
L 0.257 0.324
L 0.285 0.324
C 0.296 0.324 0.307 0.323 0.307 0.306
C 0.307 0.288 0.291 0.287 0.284 0.287
L 0.238 0.287
C 0.226 0.287 0.214 0.288 0.214 0.308
L 0.214 0.317
C 0.19 0.294 0.163 0.284 0.137 0.284
C 0.076 0.284 0.021 0.34 0.021 0.414
Z
M 0.063 0.417
C 0.063 0.368 0.096 0.321 0.14 0.321
C 0.177 0.321 0.215 0.356 0.215 0.405
L 0.215 0.444
C 0.215 0.484 0.182 0.511 0.146 0.511
C 0.097 0.511 0.063 0.465 0.063 0.417
Z
