M 0.064 0.131
C 0.064 0.208 0.132 0.24 0.132 0.24
C 0.12 0.247 0.076 0.274 0.076 0.324
C 0.076 0.34 0.081 0.388 0.128 0.414
C 0.171 0.438 0.221 0.439 0.269 0.439
L 0.273 0.439
C 0.383 0.439 0.46 0.428 0.46 0.365
C 0.46 0.338 0.44 0.32 0.416 0.32
C 0.389 0.32 0.37 0.34 0.371 0.371
C 0.341 0.377 0.307 0.377 0.272 0.377
L 0.256 0.377
C 0.165 0.377 0.146 0.345 0.146 0.323
C 0.146 0.291 0.197 0.267 0.272 0.267
L 0.318 0.267
C 0.349 0.267 0.353 0.246 0.353 0.237
C 0.353 0.209 0.328 0.207 0.316 0.207
L 0.279 0.207
C 0.212 0.207 0.16 0.197 0.14 0.156
C 0.137 0.149 0.134 0.141 0.134 0.132
C 0.134 0.072 0.229 0.057 0.275 0.057
C 0.302 0.057 0.37 0.063 0.395 0.122
C 0.403 0.139 0.41 0.146 0.43 0.146
C 0.459 0.146 0.466 0.129 0.466 0.118
C 0.466 0.107 0.438 -0.005 0.266 -0.005
C 0.099 -0.005 0.064 0.076 0.064 0.131
Z
