M 0.097 0.697
C 0.097 0.709 0.103 0.717 0.117 0.727
C 0.247 0.824 0.249 0.824 0.259 0.824
L 0.261 0.824
C 0.272 0.824 0.273 0.821 0.405 0.726
C 0.411 0.721 0.423 0.712 0.423 0.698
C 0.423 0.682 0.405 0.659 0.387 0.659
C 0.369 0.659 0.301 0.718 0.259 0.751
C 0.155 0.668 0.147 0.659 0.133 0.659
C 0.113 0.659 0.097 0.683 0.097 0.697
Z
M 0.038 0.306
C 0.038 0.487 0.141 0.622 0.261 0.622
C 0.303 0.622 0.343 0.607 0.378 0.577
C 0.393 0.611 0.398 0.622 0.419 0.622
C 0.449 0.622 0.449 0.597 0.449 0.581
L 0.449 0.442
C 0.449 0.422 0.449 0.401 0.414 0.401
C 0.388 0.401 0.382 0.413 0.38 0.43
C 0.363 0.538 0.3 0.561 0.265 0.561
C 0.187 0.561 0.107 0.458 0.107 0.305
C 0.107 0.158 0.183 0.05 0.264 0.05
C 0.317 0.05 0.366 0.097 0.378 0.209
L 0.336 0.209
C 0.32 0.209 0.296 0.209 0.296 0.24
C 0.296 0.27 0.321 0.27 0.336 0.27
L 0.455 0.27
C 0.47 0.27 0.496 0.27 0.496 0.24
C 0.496 0.209 0.473 0.209 0.449 0.209
L 0.449 0.041
C 0.449 0.022 0.449 0 0.415 0
C 0.38 0 0.38 0.02 0.38 0.042
C 0.36 0.019 0.318 -0.011 0.261 -0.011
C 0.142 -0.011 0.038 0.122 0.038 0.306
Z
