M 0.02 0.031
C 0.02 0.06 0.045 0.062 0.054 0.062
L 0.085 0.062
L 0.085 0.577
L 0.055 0.577
C 0.044 0.577 0.02 0.578 0.02 0.608
C 0.02 0.632 0.037 0.639 0.056 0.639
L 0.185 0.639
C 0.204 0.639 0.221 0.633 0.221 0.608
C 0.221 0.579 0.196 0.577 0.186 0.577
L 0.155 0.577
L 0.155 0.363
L 0.367 0.363
L 0.367 0.577
L 0.337 0.577
C 0.327 0.577 0.302 0.578 0.302 0.607
C 0.302 0.638 0.327 0.639 0.337 0.639
L 0.468 0.639
C 0.487 0.639 0.503 0.633 0.503 0.608
C 0.503 0.579 0.478 0.577 0.468 0.577
L 0.438 0.577
L 0.438 0.062
L 0.468 0.062
C 0.478 0.062 0.503 0.061 0.503 0.031
C 0.503 0.007 0.486 0 0.467 0
L 0.337 0
C 0.327 0 0.302 0 0.302 0.031
C 0.302 0.06 0.327 0.062 0.337 0.062
L 0.367 0.062
L 0.367 0.301
L 0.155 0.301
L 0.155 0.062
L 0.186 0.062
C 0.196 0.062 0.221 0.061 0.221 0.031
C 0.221 0.007 0.204 0 0.185 0
L 0.055 0
C 0.045 0 0.02 0 0.02 0.031
Z
