M 0.025 0.4
C 0.025 0.431 0.05 0.431 0.066 0.431
L 0.153 0.431
L 0.153 0.513
C 0.153 0.533 0.153 0.554 0.188 0.554
C 0.222 0.554 0.222 0.532 0.222 0.513
L 0.222 0.431
L 0.386 0.431
C 0.402 0.431 0.426 0.431 0.426 0.4
C 0.426 0.37 0.401 0.37 0.386 0.37
L 0.222 0.37
L 0.222 0.132
C 0.222 0.107 0.222 0.055 0.299 0.055
C 0.322 0.055 0.379 0.065 0.38 0.127
C 0.38 0.144 0.381 0.165 0.414 0.165
C 0.449 0.165 0.449 0.144 0.449 0.126
C 0.449 0.037 0.368 -0.006 0.294 -0.006
C 0.221 -0.006 0.153 0.03 0.153 0.126
L 0.153 0.37
L 0.065 0.37
C 0.05 0.37 0.025 0.37 0.025 0.4
Z
M 0.21 -0.122
C 0.21 -0.093 0.234 -0.072 0.26 -0.072
C 0.286 -0.072 0.31 -0.093 0.31 -0.122
C 0.31 -0.151 0.285 -0.172 0.261 -0.172
C 0.231 -0.172 0.21 -0.149 0.21 -0.122
Z
