M 0.035 0.561
C 0.035 0.636 0.073 0.694 0.122 0.694
C 0.17 0.694 0.209 0.638 0.209 0.56
C 0.209 0.485 0.171 0.427 0.122 0.427
C 0.074 0.427 0.035 0.483 0.035 0.561
Z
M 0.087 -0.048
C 0.087 -0.041 0.089 -0.036 0.093 -0.026
L 0.366 0.663
C 0.371 0.675 0.378 0.694 0.402 0.694
C 0.422 0.694 0.437 0.677 0.437 0.659
C 0.437 0.652 0.435 0.647 0.431 0.637
L 0.157 -0.054
C 0.153 -0.065 0.146 -0.083 0.122 -0.083
C 0.103 -0.083 0.087 -0.067 0.087 -0.048
Z
M 0.091 0.561
C 0.091 0.517 0.11 0.489 0.122 0.489
C 0.134 0.489 0.153 0.517 0.153 0.561
C 0.153 0.602 0.135 0.632 0.122 0.632
C 0.109 0.632 0.091 0.602 0.091 0.561
Z
M 0.315 0.05
C 0.315 0.124 0.352 0.183 0.402 0.183
C 0.452 0.183 0.489 0.124 0.489 0.05
C 0.489 -0.024 0.452 -0.083 0.402 -0.083
C 0.352 -0.083 0.315 -0.024 0.315 0.05
Z
M 0.371 0.05
C 0.371 0.006 0.39 -0.021 0.402 -0.021
C 0.414 -0.021 0.433 0.006 0.433 0.05
C 0.433 0.094 0.414 0.121 0.402 0.121
C 0.39 0.121 0.371 0.094 0.371 0.05
Z
