M 0.354 0.459
C 0.354 0.468 0.359 0.478 0.367 0.483
C 0.382 0.493 0.408 0.482 0.438 0.52
C 0.393 0.52 0.374 0.555 0.374 0.583
C 0.374 0.616 0.398 0.645 0.436 0.645
C 0.482 0.645 0.513 0.605 0.513 0.561
C 0.513 0.478 0.439 0.428 0.387 0.428
C 0.367 0.428 0.354 0.445 0.354 0.459
Z
M 0.058 0.03
C 0.058 0.061 0.083 0.061 0.099 0.061
L 0.228 0.061
L 0.228 0.55
L 0.098 0.55
C 0.084 0.55 0.058 0.55 0.058 0.58
C 0.058 0.611 0.083 0.611 0.099 0.611
L 0.257 0.611
C 0.291 0.611 0.297 0.601 0.297 0.57
L 0.297 0.061
L 0.427 0.061
C 0.443 0.061 0.467 0.061 0.467 0.03
C 0.467 0 0.442 0 0.427 0
L 0.098 0
C 0.084 0 0.058 0 0.058 0.03
Z
