M 0.247 0.499
C 0.247 0.512 0.255 0.52 0.306 0.591
C 0.316 0.605 0.325 0.612 0.338 0.612
C 0.355 0.612 0.371 0.598 0.371 0.578
C 0.371 0.561 0.36 0.553 0.304 0.492
C 0.293 0.48 0.286 0.473 0.274 0.473
L 0.273 0.473
C 0.259 0.473 0.247 0.484 0.247 0.499
Z
M 0.123 0.562
C 0.123 0.609 0.163 0.639 0.198 0.639
C 0.22 0.639 0.237 0.624 0.237 0.601
C 0.237 0.579 0.22 0.564 0.2 0.564
C 0.192 0.564 0.187 0.566 0.179 0.57
C 0.179 0.568 0.178 0.566 0.178 0.564
C 0.178 0.526 0.237 0.554 0.237 0.512
C 0.237 0.504 0.231 0.485 0.207 0.485
C 0.177 0.485 0.123 0.507 0.123 0.562
Z
M 0.043 0.12
C 0.043 0.18 0.101 0.213 0.114 0.22
C 0.069 0.245 0.043 0.278 0.043 0.318
C 0.043 0.392 0.144 0.442 0.26 0.442
C 0.317 0.442 0.379 0.431 0.448 0.4
C 0.455 0.397 0.48 0.389 0.48 0.368
C 0.48 0.353 0.466 0.329 0.447 0.329
C 0.425 0.329 0.366 0.376 0.259 0.376
C 0.183 0.376 0.104 0.344 0.104 0.31
C 0.104 0.278 0.186 0.251 0.216 0.251
C 0.224 0.251 0.24 0.253 0.255 0.253
C 0.291 0.253 0.295 0.228 0.295 0.22
C 0.295 0.207 0.285 0.186 0.257 0.186
C 0.248 0.186 0.237 0.187 0.223 0.187
C 0.165 0.187 0.104 0.156 0.104 0.127
C 0.104 0.098 0.164 0.055 0.262 0.055
C 0.379 0.055 0.429 0.109 0.455 0.109
L 0.458 0.109
C 0.469 0.107 0.48 0.098 0.48 0.083
C 0.48 0.027 0.333 -0.011 0.26 -0.011
C 0.145 -0.011 0.043 0.041 0.043 0.12
Z
