M 0.019 0.08
C 0.019 0.109 0.04 0.127 0.064 0.127
C 0.086 0.127 0.108 0.11 0.108 0.083
C 0.108 0.063 0.096 0.053 0.094 0.05
L 0.094 0.049
C 0.099 0.047 0.104 0.046 0.108 0.046
C 0.154 0.046 0.161 0.124 0.165 0.343
L 0.165 0.405
C 0.165 0.426 0.166 0.427 0.166 0.436
L 0.166 0.549
L 0.136 0.549
C 0.125 0.549 0.1 0.55 0.1 0.58
C 0.1 0.594 0.106 0.611 0.134 0.611
L 0.471 0.611
C 0.498 0.611 0.505 0.592 0.505 0.58
C 0.505 0.55 0.48 0.549 0.47 0.549
L 0.443 0.549
L 0.443 -0.037
C 0.443 -0.146 0.386 -0.227 0.301 -0.227
C 0.249 -0.227 0.173 -0.211 0.173 -0.146
C 0.173 -0.121 0.19 -0.1 0.217 -0.1
C 0.241 -0.1 0.261 -0.117 0.261 -0.144
C 0.261 -0.151 0.26 -0.155 0.259 -0.16
C 0.274 -0.164 0.286 -0.166 0.297 -0.166
C 0.328 -0.166 0.373 -0.138 0.373 -0.037
L 0.373 0.549
L 0.223 0.549
C 0.223 0.53 0.222 0.53 0.222 0.502
L 0.222 0.373
L 0.221 0.358
L 0.221 0.34
C 0.216 0.099 0.212 -0.011 0.102 -0.011
C 0.036 -0.011 0.019 0.047 0.019 0.08
Z
