M 0.116 0.438
C 0.116 0.452 0.117 0.478 0.154 0.478
L 0.367 0.478
C 0.408 0.478 0.407 0.449 0.407 0.437
L 0.407 0.312
C 0.407 0.276 0.385 0.272 0.376 0.272
C 0.362 0.272 0.344 0.279 0.344 0.314
L 0.344 0.415
L 0.179 0.415
L 0.179 0.314
C 0.179 0.308 0.179 0.303 0.178 0.297
C 0.176 0.288 0.166 0.273 0.148 0.273
C 0.123 0.273 0.116 0.292 0.116 0.315
L 0.116 0.438
Z
M 0.116 0.165
C 0.116 0.179 0.117 0.205 0.154 0.205
L 0.367 0.205
C 0.408 0.205 0.407 0.176 0.407 0.164
L 0.407 0.039
C 0.407 0.003 0.385 -0.001 0.376 -0.001
C 0.362 -0.001 0.344 0.006 0.344 0.041
L 0.344 0.142
L 0.179 0.142
L 0.179 0.041
C 0.179 0.035 0.179 0.03 0.178 0.024
C 0.176 0.015 0.166 0 0.148 0
C 0.123 0 0.116 0.019 0.116 0.042
L 0.116 0.165
Z
