M 0.061 -0.057
C 0.061 0.005 0.119 0.027 0.137 0.039
C 0.203 0.082 0.206 0.123 0.206 0.156
L 0.206 0.168
C 0.205 0.206 0.231 0.205 0.245 0.205
L 0.266 0.205
C 0.32 0.205 0.297 0.174 0.31 -0.103
C 0.339 -0.1 0.356 -0.097 0.381 -0.083
C 0.376 -0.073 0.373 -0.064 0.373 -0.056
C 0.373 -0.029 0.397 -0.013 0.417 -0.013
C 0.441 -0.013 0.462 -0.031 0.462 -0.06
C 0.462 -0.144 0.37 -0.16 0.311 -0.165
C 0.311 -0.169 0.312 -0.173 0.312 -0.179
C 0.312 -0.222 0.277 -0.233 0.261 -0.233
C 0.234 -0.233 0.215 -0.212 0.212 -0.19
C 0.211 -0.182 0.212 -0.173 0.212 -0.165
C 0.092 -0.156 0.061 -0.1 0.061 -0.057
Z
M 0.132 -0.057
C 0.132 -0.076 0.149 -0.098 0.213 -0.103
L 0.217 0.015
L 0.216 0.015
C 0.168 -0.025 0.132 -0.03 0.132 -0.057
Z
M 0.211 0.338
C 0.211 0.368 0.236 0.388 0.261 0.388
C 0.291 0.388 0.311 0.363 0.311 0.338
C 0.311 0.313 0.29 0.288 0.261 0.288
C 0.231 0.288 0.211 0.313 0.211 0.338
Z
