M 0.04 0.215
C 0.04 0.342 0.142 0.437 0.254 0.437
C 0.311 0.437 0.352 0.411 0.379 0.382
C 0.379 0.42 0.379 0.437 0.414 0.437
C 0.448 0.437 0.448 0.415 0.448 0.396
L 0.448 -0.161
L 0.497 -0.161
C 0.513 -0.161 0.537 -0.161 0.537 -0.192
C 0.537 -0.222 0.512 -0.222 0.497 -0.222
L 0.33 -0.222
C 0.314 -0.222 0.29 -0.222 0.29 -0.191
C 0.29 -0.161 0.315 -0.161 0.33 -0.161
L 0.379 -0.161
L 0.379 0.054
C 0.358 0.031 0.312 -0.006 0.244 -0.006
C 0.134 -0.006 0.04 0.091 0.04 0.215
Z
M 0.109 0.215
C 0.109 0.125 0.174 0.055 0.248 0.055
C 0.33 0.055 0.379 0.137 0.379 0.194
L 0.379 0.233
C 0.379 0.299 0.334 0.376 0.259 0.376
C 0.179 0.376 0.109 0.307 0.109 0.215
Z
