M 0.04 0.32
C 0.04 0.403 0.127 0.469 0.227 0.479
L 0.227 0.577
L 0.182 0.577
C 0.169 0.577 0.146 0.578 0.146 0.607
C 0.146 0.632 0.162 0.639 0.181 0.639
L 0.343 0.639
C 0.356 0.639 0.379 0.637 0.379 0.608
C 0.379 0.579 0.355 0.577 0.342 0.577
L 0.297 0.577
L 0.297 0.479
C 0.393 0.469 0.484 0.406 0.484 0.319
C 0.484 0.236 0.398 0.171 0.297 0.16
L 0.297 0.062
L 0.343 0.062
C 0.356 0.062 0.379 0.06 0.379 0.031
C 0.379 0.001 0.354 0 0.345 0
L 0.181 0
C 0.17 0 0.145 0.001 0.145 0.031
C 0.145 0.06 0.169 0.062 0.182 0.062
L 0.227 0.062
L 0.227 0.16
C 0.12 0.17 0.04 0.241 0.04 0.32
Z
M 0.11 0.319
C 0.11 0.28 0.147 0.235 0.227 0.222
L 0.227 0.417
C 0.152 0.405 0.11 0.362 0.11 0.319
Z
M 0.297 0.222
C 0.377 0.236 0.413 0.28 0.413 0.319
C 0.413 0.358 0.377 0.403 0.297 0.417
L 0.297 0.222
Z
