M 0.036 0.028
C 0.036 0.039 0.043 0.057 0.072 0.057
L 0.074 0.057
L 0.074 0.374
L 0.072 0.374
C 0.042 0.374 0.036 0.391 0.036 0.402
C 0.036 0.409 0.039 0.43 0.071 0.43
L 0.121 0.43
C 0.16 0.43 0.169 0.408 0.178 0.388
L 0.262 0.205
L 0.345 0.388
C 0.358 0.415 0.368 0.43 0.403 0.43
L 0.453 0.43
C 0.485 0.43 0.488 0.409 0.488 0.402
C 0.488 0.379 0.47 0.374 0.45 0.374
L 0.45 0.057
L 0.452 0.057
C 0.482 0.057 0.488 0.039 0.488 0.028
C 0.488 0.017 0.48 0 0.453 0
L 0.392 0
C 0.362 0 0.356 0.018 0.356 0.029
C 0.356 0.043 0.365 0.057 0.391 0.057
L 0.394 0.057
L 0.394 0.326
L 0.393 0.368
C 0.3 0.165 0.305 0.173 0.299 0.165
C 0.291 0.153 0.277 0.144 0.262 0.144
C 0.226 0.144 0.227 0.158 0.131 0.368
L 0.131 0.057
L 0.132 0.057
C 0.162 0.057 0.168 0.039 0.168 0.028
C 0.168 0.013 0.158 0 0.134 0
L 0.072 0
C 0.04 0 0.036 0.02 0.036 0.028
Z
