M 0.32 0.61
C 0.32 0.626 0.326 0.639 0.334 0.639
C 0.346 0.639 0.386 0.562 0.392 0.562
C 0.4 0.562 0.438 0.639 0.45 0.639
C 0.458 0.639 0.465 0.622 0.465 0.61
C 0.465 0.591 0.463 0.592 0.405 0.496
C 0.403 0.492 0.398 0.484 0.392 0.484
C 0.388 0.484 0.384 0.488 0.33 0.579
C 0.326 0.586 0.32 0.595 0.32 0.61
Z
M 0.018 0.215
C 0.018 0.337 0.063 0.436 0.12 0.436
C 0.144 0.436 0.161 0.42 0.178 0.391
L 0.178 0.549
L 0.154 0.549
C 0.147 0.549 0.136 0.551 0.136 0.579
C 0.136 0.604 0.145 0.611 0.155 0.611
L 0.196 0.611
C 0.21 0.611 0.214 0.597 0.214 0.578
L 0.214 0.062
L 0.237 0.062
C 0.245 0.062 0.256 0.06 0.256 0.031
C 0.256 0.002 0.244 0 0.238 0
L 0.195 0
C 0.181 0 0.178 0.019 0.178 0.036
L 0.178 0.051
C 0.175 0.044 0.154 -0.005 0.116 -0.005
C 0.061 -0.005 0.018 0.096 0.018 0.215
Z
M 0.052 0.214
C 0.052 0.126 0.082 0.056 0.118 0.056
C 0.156 0.056 0.178 0.14 0.178 0.191
L 0.178 0.27
C 0.178 0.312 0.156 0.374 0.122 0.374
C 0.088 0.374 0.052 0.311 0.052 0.214
Z
M 0.278 0.032
C 0.278 0.046 0.278 0.053 0.286 0.068
L 0.445 0.369
L 0.322 0.369
L 0.322 0.343
C 0.322 0.327 0.323 0.301 0.304 0.301
C 0.287 0.301 0.286 0.331 0.286 0.342
L 0.286 0.39
C 0.286 0.41 0.288 0.43 0.306 0.43
L 0.482 0.43
C 0.49 0.43 0.498 0.423 0.498 0.396
C 0.498 0.376 0.494 0.369 0.49 0.362
L 0.332 0.062
L 0.464 0.062
L 0.464 0.105
C 0.464 0.119 0.467 0.14 0.483 0.14
C 0.491 0.14 0.5 0.134 0.5 0.106
L 0.5 0.042
C 0.5 0.038 0.502 0 0.482 0
L 0.296 0
C 0.282 0.001 0.278 0.017 0.278 0.032
Z
