M -0.04 0.772
C -0.04 0.793 -0.023 0.807 -0.006 0.807
C 0.004 0.807 0.003 0.806 0.144 0.758
C 0.156 0.754 0.176 0.749 0.176 0.727
C 0.176 0.718 0.17 0.686 0.144 0.686
C 0.138 0.686 0.128 0.69 -0.008 0.736
C -0.024 0.741 -0.04 0.75 -0.04 0.772
Z
M 0.193 0.772
C 0.193 0.793 0.21 0.807 0.227 0.807
C 0.237 0.807 0.236 0.806 0.377 0.758
C 0.389 0.754 0.409 0.749 0.409 0.727
C 0.409 0.718 0.403 0.686 0.377 0.686
C 0.371 0.686 0.361 0.69 0.225 0.736
C 0.209 0.741 0.193 0.75 0.193 0.772
Z
M 0.056 0.305
C 0.056 0.595 0.077 0.622 0.262 0.622
C 0.447 0.622 0.468 0.594 0.468 0.305
C 0.468 0.016 0.446 -0.011 0.262 -0.011
C 0.077 -0.011 0.056 0.016 0.056 0.305
Z
M 0.125 0.314
C 0.125 0.259 0.125 0.172 0.137 0.121
C 0.149 0.071 0.174 0.05 0.262 0.05
C 0.351 0.05 0.377 0.071 0.388 0.127
C 0.399 0.181 0.399 0.252 0.399 0.314
C 0.399 0.375 0.399 0.45 0.387 0.497
C 0.372 0.552 0.337 0.561 0.262 0.561
C 0.18 0.561 0.149 0.549 0.136 0.49
C 0.125 0.444 0.125 0.376 0.125 0.314
Z
