M 0.011 0.58
C 0.011 0.609 0.035 0.611 0.048 0.611
L 0.128 0.611
C 0.148 0.611 0.166 0.61 0.166 0.572
L 0.166 0.55
C 0.282 0.637 0.278 0.637 0.292 0.637
C 0.308 0.637 0.323 0.621 0.323 0.605
C 0.323 0.586 0.316 0.586 0.181 0.484
C 0.169 0.475 0.166 0.472 0.166 0.46
L 0.166 0.387
C 0.199 0.414 0.238 0.436 0.293 0.436
C 0.397 0.436 0.488 0.342 0.488 0.216
C 0.488 0.084 0.387 -0.005 0.283 -0.005
C 0.232 -0.005 0.198 0.014 0.166 0.045
L 0.166 0.038
C 0.166 0.022 0.164 0 0.134 0
L 0.132 0
C 0.094 0 0.096 0.025 0.096 0.039
L 0.096 0.42
C 0.065 0.396 0.061 0.393 0.051 0.393
C 0.034 0.393 0.02 0.41 0.02 0.426
C 0.02 0.437 0.019 0.443 0.096 0.497
L 0.096 0.549
L 0.048 0.549
C 0.034 0.549 0.011 0.551 0.011 0.58
Z
M 0.166 0.185
C 0.166 0.151 0.199 0.056 0.278 0.056
C 0.349 0.056 0.418 0.12 0.418 0.216
C 0.418 0.304 0.359 0.374 0.288 0.374
C 0.216 0.374 0.166 0.312 0.166 0.267
L 0.166 0.185
Z
