M 0.022 0.031
C 0.022 0.06 0.047 0.062 0.057 0.062
L 0.09 0.062
L 0.09 0.549
L 0.057 0.549
C 0.046 0.549 0.022 0.551 0.022 0.58
C 0.022 0.594 0.029 0.611 0.057 0.611
L 0.392 0.611
C 0.43 0.611 0.429 0.585 0.429 0.573
L 0.429 0.487
C 0.429 0.472 0.423 0.456 0.395 0.455
L 0.394 0.455
C 0.381 0.455 0.36 0.455 0.359 0.488
L 0.359 0.549
L 0.16 0.549
L 0.16 0.348
L 0.244 0.348
C 0.414 0.348 0.482 0.218 0.482 0.05
C 0.482 -0.097 0.402 -0.228 0.282 -0.228
C 0.179 -0.228 0.154 -0.178 0.154 -0.145
C 0.154 -0.114 0.178 -0.1 0.198 -0.1
C 0.221 -0.1 0.242 -0.117 0.242 -0.144
C 0.242 -0.149 0.241 -0.155 0.24 -0.16
C 0.255 -0.164 0.269 -0.166 0.282 -0.166
C 0.36 -0.166 0.412 -0.065 0.412 0.05
C 0.412 0.162 0.374 0.287 0.225 0.287
L 0.16 0.287
L 0.16 0.062
L 0.206 0.062
C 0.218 0.062 0.245 0.061 0.245 0.031
C 0.245 0.019 0.24 0 0.208 0
L 0.061 0
C 0.047 0 0.022 0.001 0.022 0.031
Z
