M 0.004 0.581
C 0.004 0.611 0.03 0.611 0.045 0.611
L 0.174 0.611
C 0.189 0.611 0.215 0.611 0.215 0.581
C 0.215 0.55 0.189 0.55 0.174 0.55
L 0.144 0.55
L 0.144 0.209
C 0.144 0.102 0.209 0.05 0.262 0.05
C 0.314 0.05 0.38 0.102 0.38 0.209
L 0.38 0.55
L 0.35 0.55
C 0.335 0.55 0.309 0.55 0.309 0.581
C 0.309 0.611 0.335 0.611 0.35 0.611
L 0.479 0.611
C 0.494 0.611 0.52 0.611 0.52 0.581
C 0.52 0.55 0.495 0.55 0.479 0.55
L 0.449 0.55
L 0.449 0.204
C 0.449 0.081 0.362 -0.011 0.262 -0.011
C 0.162 -0.011 0.075 0.081 0.075 0.204
L 0.075 0.55
L 0.045 0.55
C 0.03 0.55 0.004 0.55 0.004 0.581
Z
M 0.11 -0.108
C 0.11 -0.08 0.132 -0.057 0.16 -0.057
C 0.186 -0.057 0.21 -0.078 0.21 -0.107
C 0.21 -0.134 0.189 -0.157 0.16 -0.157
C 0.134 -0.157 0.11 -0.137 0.11 -0.108
Z
M 0.314 -0.108
C 0.314 -0.081 0.336 -0.057 0.364 -0.057
C 0.39 -0.057 0.414 -0.078 0.414 -0.107
C 0.414 -0.135 0.393 -0.157 0.364 -0.157
C 0.334 -0.157 0.314 -0.133 0.314 -0.108
Z
