M 0.057 0.722
C 0.057 0.742 0.122 0.82 0.188 0.82
C 0.256 0.82 0.29 0.758 0.335 0.758
C 0.38 0.758 0.406 0.82 0.433 0.82
C 0.443 0.82 0.464 0.808 0.464 0.788
C 0.464 0.768 0.4 0.691 0.334 0.691
C 0.269 0.691 0.228 0.753 0.187 0.753
C 0.142 0.753 0.116 0.691 0.089 0.691
C 0.072 0.691 0.057 0.707 0.057 0.722
Z
M 0.027 0.03
C 0.027 0.043 0.033 0.053 0.044 0.059
C 0.05 0.061 0.073 0.061 0.087 0.061
L 0.208 0.585
C 0.217 0.623 0.233 0.623 0.262 0.623
C 0.293 0.623 0.307 0.622 0.316 0.584
L 0.437 0.061
C 0.452 0.061 0.474 0.061 0.48 0.058
C 0.492 0.053 0.497 0.043 0.497 0.03
C 0.497 0 0.471 0 0.454 0
L 0.352 0
C 0.334 0 0.31 0 0.31 0.03
C 0.31 0.061 0.33 0.061 0.366 0.061
L 0.343 0.165
L 0.181 0.165
L 0.158 0.061
C 0.194 0.061 0.214 0.061 0.214 0.03
C 0.214 0 0.19 0 0.172 0
L 0.07 0
C 0.053 0 0.027 0 0.027 0.03
Z
M 0.196 0.226
L 0.328 0.226
L 0.262 0.54
Z
