M 0.194 0.546
C 0.194 0.567 0.213 0.573 0.224 0.578
C 0.355 0.635 0.362 0.639 0.373 0.639
C 0.39 0.639 0.407 0.625 0.407 0.604
C 0.407 0.582 0.389 0.573 0.377 0.568
C 0.233 0.505 0.237 0.506 0.227 0.506
C 0.205 0.506 0.194 0.532 0.194 0.546
Z
M 0.078 0.03
C 0.078 0.061 0.103 0.061 0.119 0.061
L 0.24 0.061
L 0.24 0.37
L 0.127 0.37
C 0.112 0.37 0.086 0.37 0.086 0.401
C 0.086 0.431 0.112 0.431 0.127 0.431
L 0.269 0.431
C 0.303 0.431 0.309 0.421 0.309 0.39
L 0.309 0.061
L 0.414 0.061
C 0.429 0.061 0.455 0.061 0.455 0.03
C 0.455 0 0.429 0 0.414 0
L 0.119 0
C 0.104 0 0.078 0 0.078 0.03
Z
