M 0.424 0.529
C 0.424 0.51 0.41 0.498 0.393 0.498
C 0.363 0.498 0.362 0.528 0.361 0.533
C 0.351 0.572 0.271 0.574 0.248 0.574
C 0.21 0.574 0.15 0.568 0.136 0.539
C 0.132 0.53 0.135 0.498 0.102 0.498
C 0.084 0.498 0.071 0.51 0.071 0.529
C 0.071 0.573 0.108 0.639 0.247 0.639
C 0.387 0.639 0.424 0.573 0.424 0.529
Z
M 0.032 0.031
C 0.032 0.061 0.057 0.061 0.072 0.061
L 0.153 0.061
L 0.153 0.37
L 0.072 0.37
C 0.056 0.37 0.032 0.37 0.032 0.401
C 0.032 0.431 0.057 0.431 0.072 0.431
L 0.182 0.431
C 0.216 0.431 0.222 0.421 0.222 0.39
L 0.222 0.356
C 0.277 0.419 0.341 0.437 0.392 0.437
C 0.475 0.437 0.487 0.395 0.487 0.375
C 0.487 0.348 0.467 0.332 0.445 0.332
C 0.42 0.332 0.403 0.352 0.402 0.376
C 0.281 0.376 0.222 0.28 0.222 0.186
L 0.222 0.061
L 0.333 0.061
C 0.348 0.061 0.374 0.061 0.374 0.03
C 0.374 0 0.348 0 0.333 0
L 0.072 0
C 0.056 0 0.032 0 0.032 0.031
Z
