M 0.044 0.174
C 0.044 0.249 0.108 0.308 0.183 0.329
C 0.104 0.355 0.058 0.405 0.058 0.462
C 0.058 0.543 0.142 0.622 0.262 0.622
C 0.381 0.622 0.466 0.544 0.466 0.462
C 0.466 0.405 0.421 0.356 0.341 0.329
C 0.415 0.308 0.48 0.249 0.48 0.174
C 0.48 0.077 0.388 -0.011 0.262 -0.011
C 0.137 -0.011 0.044 0.077 0.044 0.174
Z
M 0.113 0.175
C 0.113 0.106 0.179 0.05 0.262 0.05
C 0.345 0.05 0.411 0.106 0.411 0.175
C 0.411 0.236 0.354 0.299 0.262 0.299
C 0.171 0.299 0.113 0.236 0.113 0.175
Z
M 0.127 0.461
C 0.127 0.405 0.189 0.36 0.262 0.36
C 0.335 0.36 0.397 0.404 0.397 0.461
C 0.397 0.513 0.34 0.561 0.262 0.561
C 0.183 0.561 0.127 0.513 0.127 0.461
Z
