M 0.052 0.142
C 0.052 0.181 0.082 0.19 0.097 0.19
C 0.118 0.19 0.141 0.174 0.141 0.145
C 0.141 0.125 0.133 0.118 0.128 0.113
C 0.156 0.058 0.22 0.05 0.248 0.05
C 0.332 0.05 0.403 0.11 0.403 0.19
C 0.403 0.255 0.358 0.328 0.276 0.328
C 0.218 0.328 0.177 0.31 0.15 0.278
C 0.142 0.268 0.138 0.263 0.12 0.263
C 0.088 0.263 0.088 0.286 0.088 0.304
L 0.088 0.57
C 0.088 0.602 0.095 0.611 0.128 0.611
L 0.397 0.611
C 0.413 0.611 0.437 0.611 0.437 0.58
C 0.437 0.55 0.412 0.55 0.397 0.55
L 0.157 0.55
L 0.157 0.36
C 0.198 0.382 0.242 0.389 0.277 0.389
C 0.395 0.389 0.472 0.291 0.472 0.19
C 0.472 0.079 0.373 -0.011 0.248 -0.011
C 0.136 -0.011 0.052 0.059 0.052 0.142
Z
