M 0.156 -0.042
L 0.156 0.648
C 0.156 0.654 0.156 0.659 0.157 0.665
C 0.16 0.679 0.173 0.694 0.191 0.694
C 0.199 0.694 0.226 0.69 0.226 0.653
L 0.226 -0.037
C 0.226 -0.043 0.226 -0.049 0.225 -0.055
C 0.223 -0.067 0.211 -0.083 0.191 -0.083
C 0.183 -0.083 0.156 -0.078 0.156 -0.042
Z
M 0.298 -0.042
L 0.298 0.648
C 0.298 0.654 0.298 0.659 0.299 0.665
C 0.302 0.679 0.315 0.694 0.333 0.694
C 0.341 0.694 0.368 0.69 0.368 0.653
L 0.368 -0.037
C 0.368 -0.043 0.368 -0.049 0.367 -0.055
C 0.365 -0.067 0.353 -0.083 0.333 -0.083
C 0.325 -0.083 0.298 -0.078 0.298 -0.042
Z
