M 0.035 0.214
C 0.035 0.347 0.137 0.436 0.241 0.436
C 0.288 0.436 0.324 0.42 0.358 0.391
L 0.358 0.435
C 0.358 0.437 0.357 0.438 0.357 0.44
C 0.357 0.572 0.447 0.617 0.506 0.617
C 0.558 0.617 0.602 0.586 0.602 0.541
C 0.602 0.514 0.581 0.496 0.558 0.496
C 0.536 0.496 0.514 0.512 0.514 0.54
C 0.514 0.544 0.514 0.549 0.515 0.553
C 0.511 0.554 0.507 0.555 0.502 0.555
C 0.473 0.555 0.428 0.532 0.428 0.438
L 0.428 0.062
L 0.474 0.062
C 0.494 0.062 0.512 0.056 0.512 0.031
C 0.512 0.002 0.489 0 0.475 0
L 0.393 0
C 0.379 0 0.358 0.003 0.358 0.035
L 0.358 0.05
C 0.33 0.022 0.291 -0.005 0.231 -0.005
C 0.118 -0.005 0.035 0.098 0.035 0.214
Z
M 0.105 0.214
C 0.105 0.126 0.165 0.056 0.236 0.056
C 0.312 0.056 0.358 0.139 0.358 0.19
L 0.358 0.269
C 0.358 0.309 0.315 0.374 0.245 0.374
C 0.177 0.374 0.105 0.312 0.105 0.214
Z
