M 0.002 0.58
C 0.002 0.587 0.006 0.611 0.04 0.611
C 0.169 0.611 0.168 0.587 0.189 0.546
L 0.24 0.448
C 0.363 0.512 0.369 0.518 0.383 0.518
C 0.402 0.518 0.415 0.496 0.415 0.481
C 0.415 0.46 0.407 0.46 0.271 0.389
L 0.435 0.077
C 0.455 0.038 0.472 0.047 0.472 0.023
C 0.472 0.012 0.462 -0.005 0.44 -0.005
L 0.438 -0.005
C 0.426 -0.005 0.399 -0.004 0.378 0.035
C 0.285 0.211 0.273 0.233 0.262 0.255
L 0.119 0.023
C 0.111 0.01 0.103 -0.004 0.082 -0.005
C 0.061 -0.005 0.047 0.011 0.047 0.029
C 0.047 0.042 0.055 0.054 0.061 0.063
L 0.225 0.326
L 0.209 0.356
C 0.086 0.291 0.08 0.286 0.066 0.286
C 0.047 0.286 0.034 0.308 0.034 0.323
C 0.034 0.344 0.044 0.345 0.178 0.415
C 0.113 0.539 0.115 0.537 0.109 0.541
C 0.082 0.559 0.002 0.531 0.002 0.58
Z
