M 0.055 0.217
C 0.055 0.329 0.141 0.439 0.271 0.439
C 0.387 0.439 0.465 0.357 0.465 0.226
C 0.465 0.193 0.442 0.191 0.43 0.191
L 0.127 0.191
C 0.146 0.094 0.23 0.056 0.292 0.056
C 0.338 0.056 0.377 0.077 0.393 0.111
C 0.399 0.125 0.405 0.137 0.428 0.137
L 0.429 0.137
C 0.459 0.137 0.464 0.12 0.464 0.109
C 0.464 0.077 0.411 -0.005 0.286 -0.005
C 0.151 -0.005 0.055 0.1 0.055 0.217
Z
M 0.128 0.252
L 0.393 0.252
C 0.382 0.361 0.312 0.377 0.271 0.377
C 0.214 0.377 0.149 0.341 0.128 0.252
Z
M 0.225 -0.108
C 0.225 -0.082 0.246 -0.064 0.269 -0.064
C 0.292 -0.064 0.313 -0.083 0.313 -0.109
C 0.313 -0.135 0.293 -0.152 0.27 -0.152
C 0.244 -0.152 0.225 -0.13 0.225 -0.108
Z
