M 0.001 0.49
C 0.001 0.52 0.023 0.521 0.04 0.521
L 0.096 0.521
L 0.096 0.55
L 0.048 0.55
C 0.035 0.55 0.011 0.552 0.011 0.581
C 0.011 0.594 0.017 0.611 0.047 0.611
L 0.13 0.611
C 0.164 0.611 0.166 0.59 0.166 0.576
L 0.166 0.521
L 0.263 0.521
C 0.285 0.521 0.297 0.505 0.297 0.489
C 0.297 0.478 0.292 0.459 0.26 0.459
L 0.166 0.459
L 0.166 0.387
C 0.202 0.417 0.241 0.436 0.292 0.436
C 0.396 0.436 0.488 0.342 0.488 0.216
C 0.488 0.084 0.386 -0.005 0.282 -0.005
C 0.231 -0.005 0.198 0.014 0.166 0.045
L 0.166 0.038
C 0.166 0.022 0.163 0 0.133 0
L 0.132 0
C 0.094 0 0.096 0.025 0.096 0.039
L 0.096 0.459
L 0.035 0.459
C 0.007 0.46 0.001 0.478 0.001 0.49
Z
M 0.166 0.185
C 0.166 0.151 0.198 0.056 0.278 0.056
C 0.349 0.056 0.418 0.121 0.418 0.216
C 0.418 0.304 0.358 0.374 0.287 0.374
C 0.215 0.374 0.166 0.314 0.166 0.268
L 0.166 0.185
Z
