M 0.055 0.217
C 0.055 0.34 0.151 0.44 0.27 0.44
C 0.4 0.44 0.464 0.342 0.464 0.228
C 0.464 0.191 0.445 0.191 0.424 0.191
L 0.126 0.191
C 0.142 0.105 0.217 0.055 0.292 0.055
C 0.32 0.055 0.374 0.064 0.396 0.115
C 0.403 0.134 0.411 0.137 0.429 0.137
C 0.435 0.137 0.464 0.137 0.464 0.109
C 0.464 0.084 0.417 -0.006 0.285 -0.006
C 0.156 -0.006 0.055 0.095 0.055 0.217
Z
M 0.127 0.251
L 0.393 0.251
C 0.384 0.354 0.322 0.379 0.27 0.379
C 0.2 0.379 0.141 0.324 0.127 0.251
Z
M 0.123 -0.173
C 0.123 -0.157 0.134 -0.15 0.145 -0.143
C 0.27 -0.06 0.273 -0.056 0.285 -0.056
L 0.286 -0.056
C 0.296 -0.056 0.297 -0.057 0.425 -0.142
C 0.433 -0.147 0.448 -0.156 0.448 -0.174
C 0.448 -0.186 0.433 -0.212 0.413 -0.212
L 0.411 -0.212
C 0.39 -0.212 0.3 -0.132 0.285 -0.132
C 0.278 -0.132 0.272 -0.138 0.254 -0.151
C 0.183 -0.202 0.172 -0.212 0.158 -0.212
C 0.138 -0.212 0.123 -0.187 0.123 -0.173
Z
