M 0.013 0.031
C 0.013 0.06 0.037 0.062 0.05 0.062
L 0.103 0.062
L 0.103 0.441
C 0.103 0.472 0.105 0.53 0.17 0.577
C 0.208 0.604 0.253 0.617 0.303 0.617
C 0.368 0.617 0.449 0.606 0.449 0.536
C 0.449 0.509 0.429 0.49 0.404 0.49
C 0.38 0.49 0.36 0.509 0.36 0.534
C 0.36 0.539 0.361 0.544 0.362 0.549
C 0.35 0.552 0.331 0.555 0.299 0.555
C 0.218 0.555 0.178 0.505 0.173 0.461
L 0.173 0.381
C 0.213 0.419 0.262 0.436 0.311 0.436
C 0.421 0.436 0.449 0.365 0.449 0.286
L 0.449 -0.03
C 0.449 -0.19 0.359 -0.227 0.299 -0.227
C 0.191 -0.227 0.173 -0.182 0.173 -0.152
C 0.173 -0.121 0.197 -0.107 0.217 -0.107
C 0.242 -0.107 0.261 -0.125 0.261 -0.151
C 0.261 -0.154 0.262 -0.158 0.261 -0.162
C 0.275 -0.164 0.287 -0.166 0.299 -0.166
C 0.365 -0.166 0.379 -0.092 0.379 -0.038
L 0.379 0.289
C 0.379 0.343 0.364 0.374 0.306 0.374
C 0.24 0.374 0.173 0.325 0.173 0.237
L 0.173 0.062
L 0.225 0.062
C 0.239 0.062 0.262 0.06 0.262 0.031
C 0.262 0.003 0.236 0 0.226 0
L 0.051 0
C 0.04 0 0.013 0.001 0.013 0.031
Z
