M 0.205 0.829
C 0.205 0.859 0.23 0.907 0.285 0.907
C 0.341 0.907 0.38 0.875 0.38 0.828
C 0.38 0.77 0.322 0.77 0.311 0.728
C 0.308 0.715 0.317 0.676 0.282 0.676
C 0.269 0.676 0.259 0.685 0.255 0.697
C 0.253 0.704 0.253 0.711 0.253 0.718
C 0.253 0.794 0.322 0.809 0.322 0.829
C 0.322 0.842 0.304 0.851 0.288 0.851
C 0.247 0.851 0.278 0.811 0.243 0.799
C 0.24 0.798 0.237 0.798 0.234 0.798
C 0.219 0.798 0.205 0.811 0.205 0.829
Z
M 0.003 0.58
C 0.003 0.609 0.028 0.611 0.04 0.611
L 0.178 0.611
C 0.194 0.611 0.215 0.608 0.215 0.58
C 0.215 0.552 0.188 0.549 0.179 0.549
L 0.144 0.549
L 0.144 0.215
C 0.144 0.093 0.215 0.051 0.262 0.051
C 0.306 0.051 0.379 0.092 0.379 0.211
L 0.379 0.549
L 0.347 0.549
C 0.337 0.549 0.309 0.55 0.309 0.58
C 0.309 0.595 0.319 0.611 0.341 0.611
L 0.415 0.611
C 0.426 0.611 0.43 0.609 0.435 0.609
C 0.439 0.609 0.443 0.61 0.451 0.616
C 0.443 0.621 0.425 0.634 0.425 0.661
C 0.425 0.687 0.444 0.71 0.475 0.71
C 0.505 0.71 0.525 0.684 0.525 0.644
C 0.525 0.592 0.487 0.557 0.449 0.546
L 0.449 0.222
C 0.449 0.176 0.446 0.136 0.422 0.091
C 0.398 0.046 0.344 -0.011 0.262 -0.011
C 0.16 -0.011 0.079 0.079 0.074 0.195
L 0.074 0.549
L 0.038 0.549
C 0.03 0.549 0.003 0.55 0.003 0.58
Z
