M 0.01 0.286
C 0.01 0.32 0.031 0.322 0.049 0.322
L 0.432 0.322
C 0.425 0.46 0.338 0.56 0.24 0.56
C 0.173 0.56 0.116 0.515 0.103 0.448
C 0.098 0.425 0.094 0.412 0.065 0.412
C 0.031 0.413 0.031 0.437 0.031 0.453
L 0.031 0.584
C 0.031 0.592 0.03 0.622 0.061 0.622
C 0.085 0.622 0.092 0.6 0.105 0.575
C 0.139 0.601 0.183 0.622 0.24 0.622
C 0.378 0.622 0.503 0.491 0.503 0.305
C 0.503 0.127 0.389 -0.011 0.25 -0.011
C 0.142 -0.011 0.01 0.061 0.01 0.286
Z
M 0.081 0.26
C 0.093 0.086 0.183 0.051 0.251 0.051
C 0.349 0.051 0.418 0.156 0.43 0.26
L 0.081 0.26
Z
M 0.11 0.769
C 0.11 0.798 0.134 0.819 0.16 0.819
C 0.185 0.819 0.21 0.798 0.21 0.769
C 0.21 0.742 0.189 0.719 0.16 0.719
C 0.135 0.719 0.11 0.74 0.11 0.769
Z
M 0.314 0.769
C 0.314 0.796 0.337 0.819 0.364 0.819
C 0.389 0.819 0.414 0.798 0.414 0.769
C 0.414 0.74 0.389 0.719 0.365 0.719
C 0.335 0.719 0.314 0.744 0.314 0.769
Z
