M 0.006 0.031
C 0.006 0.06 0.018 0.062 0.024 0.062
L 0.048 0.062
L 0.048 0.369
L 0.024 0.369
C 0.017 0.369 0.006 0.37 0.006 0.399
C 0.006 0.428 0.018 0.43 0.023 0.43
L 0.064 0.43
C 0.072 0.43 0.083 0.429 0.083 0.396
L 0.083 0.383
C 0.098 0.41 0.119 0.436 0.149 0.436
C 0.201 0.436 0.214 0.365 0.214 0.287
L 0.214 0.062
L 0.238 0.062
C 0.244 0.062 0.256 0.061 0.256 0.031
C 0.256 0.017 0.252 0 0.238 0
L 0.157 0
C 0.147 0 0.139 0.006 0.139 0.031
C 0.139 0.06 0.151 0.062 0.157 0.062
L 0.179 0.062
L 0.179 0.285
C 0.179 0.335 0.176 0.374 0.146 0.374
C 0.125 0.374 0.083 0.346 0.083 0.234
L 0.083 0.062
L 0.107 0.062
C 0.112 0.062 0.126 0.06 0.126 0.031
C 0.126 0.016 0.122 0 0.108 0
L 0.024 0
C 0.02 0 0.006 0 0.006 0.031
Z
M 0.286 -0.152
C 0.286 -0.127 0.294 -0.107 0.308 -0.107
C 0.32 -0.107 0.33 -0.126 0.33 -0.151
L 0.33 -0.162
C 0.338 -0.165 0.348 -0.166 0.357 -0.166
C 0.373 -0.166 0.384 -0.162 0.396 -0.136
C 0.406 -0.113 0.412 -0.079 0.412 -0.037
L 0.412 0.369
L 0.344 0.369
C 0.33 0.369 0.326 0.388 0.326 0.4
C 0.326 0.411 0.329 0.43 0.345 0.43
L 0.429 0.43
C 0.447 0.43 0.446 0.406 0.446 0.392
L 0.446 -0.04
C 0.446 -0.146 0.413 -0.228 0.359 -0.228
L 0.355 -0.228
C 0.323 -0.228 0.286 -0.218 0.286 -0.152
Z
M 0.396 0.561
C 0.396 0.591 0.41 0.611 0.422 0.611
C 0.437 0.611 0.446 0.586 0.446 0.561
C 0.446 0.536 0.436 0.511 0.422 0.511
C 0.407 0.511 0.396 0.536 0.396 0.561
Z
