M 0.136 0.727
C 0.136 0.749 0.156 0.754 0.168 0.758
C 0.309 0.806 0.308 0.807 0.318 0.807
C 0.335 0.807 0.352 0.793 0.352 0.772
C 0.352 0.75 0.336 0.741 0.32 0.736
C 0.184 0.69 0.174 0.686 0.168 0.686
C 0.142 0.686 0.136 0.718 0.136 0.727
Z
M 0.026 0.03
C 0.026 0.061 0.051 0.061 0.067 0.061
L 0.097 0.061
L 0.097 0.55
L 0.067 0.55
C 0.052 0.55 0.026 0.55 0.026 0.581
C 0.026 0.611 0.052 0.611 0.067 0.611
L 0.291 0.611
C 0.406 0.611 0.48 0.521 0.48 0.428
C 0.48 0.335 0.407 0.245 0.291 0.245
L 0.166 0.245
L 0.166 0.061
L 0.196 0.061
C 0.211 0.061 0.237 0.061 0.237 0.03
C 0.237 0 0.211 0 0.196 0
L 0.067 0
C 0.052 0 0.026 0 0.026 0.03
Z
M 0.166 0.306
L 0.272 0.306
C 0.368 0.306 0.411 0.375 0.411 0.428
C 0.411 0.481 0.368 0.55 0.272 0.55
L 0.166 0.55
L 0.166 0.306
Z
