M 0.202 0.727
C 0.202 0.749 0.222 0.754 0.234 0.758
C 0.375 0.806 0.374 0.807 0.384 0.807
C 0.401 0.807 0.418 0.793 0.418 0.772
C 0.418 0.75 0.402 0.741 0.386 0.736
C 0.25 0.69 0.24 0.686 0.234 0.686
C 0.208 0.686 0.202 0.718 0.202 0.727
Z
M 0.04 0.306
C 0.04 0.488 0.152 0.622 0.281 0.622
C 0.332 0.622 0.378 0.602 0.411 0.574
C 0.424 0.599 0.424 0.601 0.426 0.605
C 0.431 0.612 0.436 0.622 0.454 0.622
C 0.484 0.622 0.484 0.597 0.484 0.581
L 0.484 0.442
C 0.484 0.422 0.484 0.401 0.449 0.401
C 0.419 0.401 0.417 0.417 0.414 0.434
C 0.4 0.515 0.345 0.561 0.285 0.561
C 0.196 0.561 0.109 0.455 0.109 0.306
C 0.109 0.156 0.195 0.05 0.286 0.05
C 0.327 0.05 0.408 0.074 0.415 0.172
C 0.417 0.201 0.44 0.201 0.449 0.201
C 0.46 0.201 0.484 0.201 0.484 0.168
C 0.484 0.078 0.398 -0.011 0.282 -0.011
C 0.152 -0.011 0.04 0.123 0.04 0.306
Z
