M 0.046 0.215
C 0.046 0.269 0.068 0.371 0.182 0.42
C 0.139 0.438 0.072 0.456 0.072 0.531
C 0.072 0.58 0.11 0.634 0.17 0.634
L 0.177 0.634
C 0.194 0.634 0.201 0.629 0.384 0.552
C 0.398 0.546 0.415 0.541 0.415 0.521
C 0.414 0.504 0.402 0.488 0.385 0.488
C 0.365 0.488 0.192 0.572 0.17 0.572
C 0.148 0.572 0.134 0.549 0.134 0.531
C 0.134 0.508 0.151 0.501 0.168 0.494
C 0.334 0.424 0.352 0.416 0.367 0.408
C 0.436 0.369 0.478 0.295 0.478 0.215
C 0.478 0.088 0.377 -0.005 0.262 -0.005
C 0.148 -0.005 0.046 0.087 0.046 0.215
Z
M 0.113 0.214
C 0.113 0.133 0.173 0.056 0.261 0.056
C 0.35 0.056 0.411 0.134 0.411 0.217
C 0.411 0.309 0.342 0.374 0.264 0.374
C 0.185 0.374 0.113 0.306 0.113 0.214
Z
