M 0.07 0.015
L 0.07 0.451
C 0.07 0.586 0.174 0.62 0.261 0.62
C 0.424 0.62 0.46 0.503 0.46 0.436
C 0.46 0.42 0.455 0.402 0.426 0.402
C 0.362 0.402 0.417 0.465 0.355 0.515
C 0.328 0.536 0.293 0.541 0.259 0.541
C 0.2 0.541 0.175 0.524 0.16 0.512
C 0.144 0.491 0.139 0.477 0.14 0.448
L 0.14 0.01
C 0.14 -0.077 0.165 -0.149 0.265 -0.149
C 0.405 -0.149 0.394 -0.035 0.398 -0.021
C 0.402 -0.009 0.412 0 0.428 0
L 0.431 0
C 0.443 0 0.466 -0.002 0.466 -0.034
C 0.466 -0.143 0.396 -0.228 0.263 -0.228
C 0.199 -0.228 0.083 -0.198 0.071 -0.029
C 0.07 -0.014 0.07 0 0.07 0.015
Z
