M -0.003 0.031
C -0.003 0.045 0.004 0.062 0.032 0.062
L 0.043 0.062
L 0.043 0.549
L 0.031 0.549
C 0.004 0.55 -0.003 0.567 -0.003 0.58
C -0.003 0.594 0.004 0.611 0.032 0.611
L 0.325 0.611
C 0.353 0.611 0.361 0.596 0.361 0.58
C 0.361 0.566 0.354 0.549 0.326 0.549
L 0.315 0.549
L 0.315 0.348
L 0.342 0.348
C 0.486 0.348 0.522 0.192 0.522 0.053
C 0.522 -0.113 0.435 -0.228 0.325 -0.228
C 0.248 -0.228 0.199 -0.195 0.199 -0.146
C 0.199 -0.121 0.217 -0.1 0.243 -0.1
C 0.27 -0.1 0.287 -0.119 0.287 -0.145
C 0.287 -0.15 0.286 -0.155 0.285 -0.16
C 0.301 -0.164 0.314 -0.166 0.326 -0.166
C 0.397 -0.166 0.452 -0.072 0.452 0.053
C 0.452 0.27 0.361 0.287 0.327 0.287
L 0.315 0.287
L 0.315 0.062
L 0.325 0.062
C 0.352 0.062 0.361 0.047 0.361 0.032
C 0.361 0.019 0.356 0 0.326 0
L 0.234 0
C 0.208 0 0.199 0.014 0.199 0.029
C 0.199 0.039 0.202 0.062 0.234 0.062
L 0.245 0.062
L 0.245 0.549
L 0.113 0.549
L 0.113 0.062
L 0.123 0.062
C 0.15 0.062 0.16 0.047 0.16 0.032
C 0.16 0.019 0.155 0 0.125 0
L 0.032 0
C 0.004 0 -0.003 0.017 -0.003 0.031
Z
