M 0.045 0.03
C 0.045 0.044 0.052 0.061 0.079 0.062
L 0.139 0.062
L 0.139 0.207
L 0.086 0.207
C 0.072 0.207 0.048 0.208 0.048 0.236
C 0.048 0.244 0.051 0.266 0.081 0.267
L 0.139 0.267
L 0.139 0.369
L 0.082 0.369
C 0.068 0.369 0.045 0.371 0.045 0.399
C 0.045 0.414 0.052 0.43 0.08 0.43
L 0.431 0.43
C 0.445 0.43 0.468 0.43 0.468 0.395
L 0.468 0.336
C 0.468 0.308 0.454 0.301 0.432 0.301
C 0.396 0.301 0.398 0.329 0.398 0.342
L 0.398 0.369
L 0.209 0.369
L 0.209 0.267
L 0.28 0.267
C 0.303 0.267 0.314 0.252 0.314 0.237
C 0.314 0.227 0.31 0.208 0.28 0.207
L 0.209 0.207
L 0.209 0.062
L 0.292 0.062
C 0.32 0.062 0.327 0.046 0.327 0.031
C 0.327 0.015 0.32 0 0.291 0
L 0.081 0
C 0.05 0 0.045 0.019 0.045 0.03
Z
