M 0.027 0.031
C 0.027 0.061 0.051 0.062 0.067 0.062
L 0.107 0.062
L 0.231 0.222
L 0.114 0.369
L 0.07 0.369
C 0.058 0.369 0.032 0.37 0.033 0.4
C 0.033 0.41 0.037 0.43 0.068 0.43
L 0.195 0.43
C 0.206 0.43 0.231 0.43 0.231 0.399
C 0.231 0.388 0.226 0.369 0.196 0.369
L 0.183 0.369
L 0.259 0.27
L 0.332 0.369
L 0.317 0.369
C 0.291 0.369 0.283 0.384 0.283 0.4
C 0.283 0.418 0.295 0.43 0.316 0.43
L 0.445 0.43
C 0.474 0.43 0.481 0.415 0.481 0.4
C 0.481 0.372 0.46 0.369 0.444 0.369
L 0.412 0.369
C 0.395 0.369 0.394 0.361 0.287 0.222
C 0.463 0.006 0.463 0.009 0.463 -0.037
L 0.463 -0.043
C 0.463 -0.149 0.418 -0.227 0.352 -0.227
C 0.307 -0.227 0.254 -0.199 0.254 -0.147
C 0.254 -0.118 0.277 -0.102 0.298 -0.102
C 0.322 -0.102 0.34 -0.121 0.34 -0.145
C 0.34 -0.152 0.339 -0.157 0.338 -0.162
C 0.344 -0.164 0.349 -0.165 0.353 -0.165
C 0.376 -0.165 0.399 -0.111 0.399 -0.042
C 0.399 -0.005 0.394 -0.007 0.259 0.184
L 0.174 0.062
L 0.19 0.062
C 0.216 0.062 0.225 0.047 0.225 0.032
C 0.225 0 0.199 0 0.187 0
L 0.062 0
C 0.05 0 0.027 0.002 0.027 0.031
Z
