M 0.018 0.018
C 0.018 0.064 0.089 0.102 0.089 0.128
C 0.089 0.148 0.093 0.153 0.104 0.153
C 0.115 0.153 0.118 0.159 0.132 0.18
C 0.175 0.152 0.232 0.115 0.298 0.115
C 0.336 0.115 0.356 0.128 0.356 0.129
C 0.356 0.135 0.311 0.186 0.178 0.363
L 0.128 0.301
L 0.084 0.357
L 0.188 0.486
L 0.264 0.47
L 0.203 0.393
L 0.373 0.19
L 0.396 0.165
C 0.401 0.165 0.431 0.218 0.431 0.295
C 0.431 0.473 0.263 0.587 0.263 0.593
C 0.301 0.593 0.496 0.478 0.496 0.267
C 0.496 0.167 0.458 0.114 0.45 0.1
C 0.493 0.046 0.496 0.044 0.496 0.038
C 0.496 0.017 0.47 -0.001 0.464 -0.001
C 0.461 -0.001 0.462 -0.003 0.409 0.062
C 0.387 0.051 0.366 0.039 0.328 0.039
C 0.225 0.039 0.147 0.138 0.136 0.138
C 0.132 0.138 0.132 0.134 0.132 0.13
L 0.132 0.118
C 0.132 0.108 0.128 0.102 0.12 0.102
C 0.091 0.102 0.084 0 0.037 0
C 0.024 0 0.018 0.007 0.018 0.018
Z
