M 0.017 0.45
C 0.017 0.489 0.046 0.499 0.062 0.499
C 0.088 0.499 0.106 0.478 0.106 0.454
C 0.106 0.433 0.093 0.423 0.09 0.42
C 0.096 0.39 0.107 0.372 0.129 0.358
C 0.142 0.496 0.218 0.622 0.326 0.622
C 0.402 0.622 0.512 0.57 0.515 0.326
C 0.515 0.29 0.496 0.289 0.477 0.289
L 0.197 0.289
C 0.201 0.149 0.272 0.051 0.343 0.051
C 0.385 0.051 0.426 0.074 0.442 0.109
C 0.446 0.119 0.45 0.137 0.479 0.137
C 0.497 0.137 0.514 0.132 0.514 0.11
C 0.514 0.069 0.451 -0.011 0.337 -0.011
C 0.227 -0.011 0.135 0.105 0.127 0.293
C 0.044 0.312 0.017 0.391 0.017 0.45
Z
M 0.199 0.35
L 0.445 0.35
C 0.437 0.521 0.373 0.56 0.326 0.56
C 0.261 0.56 0.208 0.46 0.199 0.35
Z
