M 0.179 0.546
C 0.179 0.567 0.198 0.573 0.209 0.578
C 0.34 0.635 0.347 0.639 0.358 0.639
C 0.375 0.639 0.392 0.625 0.392 0.604
C 0.392 0.582 0.374 0.573 0.362 0.568
C 0.218 0.505 0.222 0.506 0.212 0.506
C 0.19 0.506 0.179 0.532 0.179 0.546
Z
M 0.012 0.03
C 0.012 0.061 0.037 0.061 0.053 0.061
L 0.097 0.061
L 0.097 0.37
L 0.052 0.37
C 0.038 0.37 0.012 0.37 0.012 0.4
C 0.012 0.431 0.037 0.431 0.053 0.431
L 0.126 0.431
C 0.166 0.431 0.166 0.416 0.166 0.384
C 0.185 0.403 0.23 0.437 0.297 0.437
C 0.376 0.437 0.427 0.394 0.427 0.293
L 0.427 0.061
L 0.471 0.061
C 0.487 0.061 0.512 0.061 0.512 0.03
C 0.512 0 0.486 0 0.472 0
L 0.319 0
C 0.305 0 0.278 0 0.278 0.03
C 0.278 0.061 0.303 0.061 0.319 0.061
L 0.358 0.061
L 0.358 0.288
C 0.358 0.348 0.344 0.376 0.291 0.376
C 0.24 0.376 0.166 0.338 0.166 0.238
L 0.166 0.061
L 0.21 0.061
C 0.226 0.061 0.251 0.061 0.251 0.03
C 0.251 0 0.225 0 0.211 0
L 0.052 0
C 0.038 0 0.012 0 0.012 0.03
Z
