M 0.017 0.4
C 0.017 0.415 0.025 0.43 0.054 0.43
L 0.206 0.43
C 0.219 0.43 0.243 0.43 0.243 0.4
C 0.243 0.371 0.22 0.369 0.207 0.369
L 0.159 0.369
L 0.159 0.313
C 0.159 0.291 0.159 0.268 0.177 0.248
C 0.194 0.23 0.211 0.228 0.222 0.228
L 0.364 0.228
L 0.364 0.369
L 0.316 0.369
C 0.306 0.369 0.279 0.37 0.279 0.399
C 0.279 0.428 0.304 0.43 0.317 0.43
L 0.469 0.43
C 0.487 0.43 0.506 0.425 0.506 0.4
C 0.506 0.371 0.482 0.369 0.469 0.369
L 0.421 0.369
L 0.421 0.062
L 0.474 0.062
C 0.496 0.062 0.514 0.06 0.514 0.024
L 0.514 -0.102
C 0.514 -0.133 0.497 -0.138 0.486 -0.138
C 0.456 -0.138 0.457 -0.107 0.457 -0.098
L 0.457 0
L 0.317 0
C 0.306 0 0.279 0.001 0.279 0.031
C 0.279 0.06 0.303 0.062 0.316 0.062
L 0.364 0.062
L 0.364 0.167
L 0.227 0.167
C 0.218 0.167 0.209 0.167 0.2 0.169
C 0.179 0.173 0.102 0.197 0.102 0.305
L 0.102 0.369
L 0.055 0.369
C 0.037 0.369 0.017 0.374 0.017 0.4
Z
