M 0.055 -0.174
C 0.055 -0.162 0.061 -0.154 0.075 -0.144
C 0.205 -0.047 0.207 -0.047 0.217 -0.047
L 0.219 -0.047
C 0.23 -0.047 0.231 -0.05 0.363 -0.145
C 0.369 -0.15 0.381 -0.159 0.381 -0.173
C 0.381 -0.189 0.363 -0.212 0.345 -0.212
C 0.327 -0.212 0.259 -0.153 0.217 -0.12
C 0.113 -0.203 0.105 -0.212 0.091 -0.212
C 0.071 -0.212 0.055 -0.188 0.055 -0.174
Z
M 0.019 0.03
C 0.019 0.061 0.044 0.061 0.06 0.061
L 0.082 0.061
L 0.082 0.55
L 0.06 0.55
C 0.045 0.55 0.019 0.55 0.019 0.58
C 0.019 0.611 0.044 0.611 0.06 0.611
L 0.266 0.611
C 0.399 0.611 0.485 0.461 0.485 0.301
C 0.485 0.14 0.397 0 0.266 0
L 0.06 0
C 0.045 0 0.019 0 0.019 0.03
Z
M 0.151 0.061
L 0.247 0.061
C 0.358 0.061 0.416 0.184 0.416 0.301
C 0.416 0.417 0.36 0.55 0.247 0.55
L 0.151 0.55
L 0.151 0.061
Z
