M 0.012 0.4
C 0.012 0.431 0.037 0.431 0.053 0.431
L 0.126 0.431
C 0.16 0.431 0.166 0.421 0.166 0.39
L 0.166 0.12
C 0.166 0.088 0.166 0.055 0.245 0.055
C 0.277 0.055 0.358 0.067 0.358 0.157
L 0.358 0.37
L 0.313 0.37
C 0.299 0.37 0.273 0.37 0.273 0.4
C 0.273 0.431 0.298 0.431 0.314 0.431
L 0.387 0.431
C 0.421 0.431 0.427 0.421 0.427 0.39
L 0.427 0.061
L 0.472 0.061
C 0.486 0.061 0.512 0.061 0.512 0.031
C 0.512 0 0.487 0 0.471 0
L 0.398 0
C 0.38 0 0.359 0 0.358 0.032
C 0.321 0.004 0.28 -0.006 0.239 -0.006
C 0.166 -0.006 0.097 0.018 0.097 0.114
L 0.097 0.37
L 0.052 0.37
C 0.038 0.37 0.012 0.37 0.012 0.4
Z
M 0.085 0.608
C 0.085 0.627 0.099 0.639 0.116 0.639
C 0.146 0.639 0.147 0.609 0.148 0.604
C 0.158 0.565 0.238 0.563 0.261 0.563
C 0.299 0.563 0.359 0.569 0.373 0.598
C 0.377 0.607 0.374 0.639 0.407 0.639
C 0.425 0.639 0.438 0.627 0.438 0.608
C 0.438 0.564 0.401 0.498 0.262 0.498
C 0.122 0.498 0.085 0.564 0.085 0.608
Z
