M 0.079 0.031
C 0.079 0.061 0.105 0.061 0.12 0.061
L 0.228 0.061
L 0.228 0.55
L 0.12 0.55
C 0.105 0.55 0.079 0.55 0.079 0.581
C 0.079 0.611 0.105 0.611 0.12 0.611
L 0.405 0.611
C 0.42 0.611 0.446 0.611 0.446 0.58
C 0.446 0.55 0.42 0.55 0.405 0.55
L 0.297 0.55
L 0.297 0.061
L 0.405 0.061
C 0.42 0.061 0.446 0.061 0.446 0.03
C 0.446 0 0.42 0 0.405 0
L 0.12 0
C 0.105 0 0.079 0 0.079 0.031
Z
M 0.218 -0.109
C 0.218 -0.083 0.239 -0.065 0.262 -0.065
C 0.285 -0.065 0.306 -0.084 0.306 -0.11
C 0.306 -0.136 0.286 -0.153 0.263 -0.153
C 0.237 -0.153 0.218 -0.131 0.218 -0.109
Z
