M 0.025 0.4
C 0.025 0.415 0.032 0.43 0.061 0.43
L 0.152 0.43
L 0.152 0.518
C 0.152 0.531 0.155 0.553 0.187 0.553
L 0.188 0.553
C 0.216 0.553 0.222 0.538 0.222 0.518
L 0.222 0.43
L 0.392 0.43
C 0.399 0.43 0.427 0.43 0.427 0.399
C 0.427 0.388 0.423 0.369 0.391 0.369
L 0.222 0.369
L 0.222 0.132
C 0.222 0.09 0.23 0.057 0.297 0.057
C 0.39 0.057 0.379 0.137 0.381 0.145
C 0.386 0.159 0.401 0.165 0.415 0.165
C 0.454 0.165 0.45 0.128 0.45 0.126
C 0.45 0.05 0.389 0.011 0.336 -0.001
L 0.336 -0.008
C 0.44 -0.024 0.448 -0.086 0.448 -0.106
C 0.448 -0.211 0.284 -0.208 0.2 -0.208
L 0.186 -0.208
C 0.164 -0.208 0.154 -0.192 0.154 -0.177
C 0.154 -0.167 0.158 -0.147 0.189 -0.147
L 0.205 -0.147
C 0.297 -0.147 0.378 -0.138 0.378 -0.106
C 0.378 -0.091 0.362 -0.071 0.3 -0.067
C 0.265 -0.065 0.266 -0.043 0.266 -0.025
L 0.266 -0.004
C 0.165 0.006 0.152 0.082 0.152 0.13
L 0.152 0.369
L 0.06 0.369
C 0.032 0.369 0.025 0.387 0.025 0.4
Z
