M 0.055 0.217
C 0.055 0.34 0.151 0.44 0.27 0.44
C 0.4 0.44 0.464 0.342 0.464 0.228
C 0.464 0.191 0.445 0.191 0.424 0.191
L 0.126 0.191
C 0.142 0.105 0.217 0.055 0.292 0.055
C 0.32 0.055 0.374 0.064 0.396 0.115
C 0.403 0.134 0.411 0.137 0.429 0.137
C 0.435 0.137 0.464 0.137 0.464 0.109
C 0.464 0.084 0.417 -0.006 0.285 -0.006
C 0.156 -0.006 0.055 0.095 0.055 0.217
Z
M 0.127 0.251
L 0.393 0.251
C 0.384 0.354 0.322 0.379 0.27 0.379
C 0.2 0.379 0.141 0.324 0.127 0.251
Z
M 0.093 0.608
C 0.093 0.627 0.107 0.639 0.124 0.639
C 0.154 0.639 0.155 0.609 0.156 0.604
C 0.166 0.565 0.246 0.563 0.269 0.563
C 0.307 0.563 0.367 0.569 0.381 0.598
C 0.385 0.607 0.382 0.639 0.415 0.639
C 0.433 0.639 0.446 0.627 0.446 0.608
C 0.446 0.564 0.409 0.498 0.27 0.498
C 0.13 0.498 0.093 0.564 0.093 0.608
Z
