M 0.033 0.364
C 0.033 0.435 0.14 0.453 0.213 0.453
C 0.213 0.496 0.179 0.513 0.138 0.513
C 0.121 0.513 0.114 0.513 0.102 0.511
C 0.104 0.491 0.089 0.479 0.074 0.479
C 0.061 0.479 0.048 0.488 0.048 0.508
C 0.048 0.53 0.068 0.55 0.133 0.55
C 0.255 0.55 0.255 0.47 0.255 0.451
L 0.255 0.329
C 0.281 0.318 0.315 0.334 0.315 0.306
C 0.315 0.291 0.305 0.287 0.293 0.287
L 0.28 0.287
C 0.246 0.287 0.231 0.292 0.219 0.307
C 0.198 0.294 0.166 0.284 0.133 0.284
C 0.057 0.284 0.033 0.335 0.033 0.364
Z
M 0.075 0.364
C 0.075 0.338 0.104 0.321 0.142 0.321
C 0.168 0.321 0.213 0.329 0.213 0.364
L 0.213 0.418
C 0.159 0.417 0.075 0.404 0.075 0.364
Z
