M 0.045 0.031
C 0.045 0.059 0.068 0.062 0.082 0.062
L 0.139 0.062
L 0.139 0.549
L 0.082 0.549
C 0.068 0.549 0.045 0.552 0.045 0.58
C 0.045 0.605 0.061 0.611 0.081 0.611
L 0.444 0.611
C 0.481 0.611 0.48 0.584 0.48 0.573
L 0.48 0.489
C 0.48 0.461 0.463 0.455 0.448 0.455
L 0.446 0.455
C 0.433 0.455 0.411 0.455 0.41 0.488
L 0.41 0.549
L 0.209 0.549
L 0.209 0.062
L 0.3 0.062
C 0.326 0.062 0.342 0.06 0.342 0.023
L 0.342 -0.129
C 0.342 -0.135 0.344 -0.165 0.314 -0.166
C 0.288 -0.165 0.286 -0.142 0.286 -0.131
L 0.286 0
L 0.078 0
C 0.051 0.001 0.045 0.017 0.045 0.031
Z
