M 0.142 0.504
C 0.142 0.523 0.161 0.535 0.18 0.535
C 0.194 0.535 0.209 0.528 0.216 0.513
C 0.284 0.608 0.284 0.611 0.304 0.611
C 0.324 0.611 0.338 0.595 0.338 0.578
C 0.338 0.561 0.328 0.554 0.266 0.487
C 0.259 0.48 0.252 0.473 0.24 0.473
C 0.232 0.473 0.222 0.475 0.214 0.49
C 0.207 0.482 0.201 0.473 0.18 0.473
C 0.151 0.473 0.142 0.492 0.142 0.504
Z
M 0.306 0.504
C 0.306 0.525 0.324 0.535 0.343 0.535
C 0.361 0.535 0.379 0.525 0.38 0.504
C 0.38 0.491 0.372 0.473 0.343 0.473
C 0.315 0.473 0.306 0.492 0.306 0.504
Z
