M 0.147 0.512
C 0.147 0.555 0.21 0.524 0.205 0.57
C 0.197 0.566 0.19 0.564 0.183 0.564
C 0.16 0.564 0.147 0.584 0.147 0.601
C 0.147 0.622 0.164 0.639 0.186 0.639
C 0.221 0.639 0.261 0.609 0.261 0.562
C 0.261 0.513 0.215 0.485 0.177 0.485
C 0.153 0.485 0.147 0.504 0.147 0.512
Z
M 0.276 0.58
C 0.276 0.598 0.292 0.611 0.309 0.611
C 0.332 0.611 0.339 0.596 0.39 0.525
C 0.395 0.518 0.401 0.509 0.401 0.499
C 0.401 0.483 0.386 0.473 0.373 0.473
C 0.358 0.473 0.353 0.48 0.289 0.55
C 0.28 0.56 0.276 0.571 0.276 0.58
Z
M 0.043 0.12
C 0.043 0.18 0.101 0.213 0.114 0.22
C 0.069 0.245 0.043 0.278 0.043 0.318
C 0.043 0.392 0.144 0.442 0.26 0.442
C 0.317 0.442 0.379 0.431 0.448 0.4
C 0.455 0.397 0.48 0.389 0.48 0.368
C 0.48 0.353 0.466 0.329 0.447 0.329
C 0.425 0.329 0.366 0.376 0.259 0.376
C 0.183 0.376 0.104 0.344 0.104 0.31
C 0.104 0.278 0.186 0.251 0.216 0.251
C 0.224 0.251 0.24 0.253 0.255 0.253
C 0.291 0.253 0.295 0.228 0.295 0.22
C 0.295 0.207 0.285 0.186 0.257 0.186
C 0.248 0.186 0.237 0.187 0.223 0.187
C 0.165 0.187 0.104 0.156 0.104 0.127
C 0.104 0.098 0.164 0.055 0.262 0.055
C 0.379 0.055 0.429 0.109 0.455 0.109
L 0.458 0.109
C 0.469 0.107 0.48 0.098 0.48 0.083
C 0.48 0.027 0.333 -0.011 0.26 -0.011
C 0.145 -0.011 0.043 0.041 0.043 0.12
Z
