M 0.033 0.034
C 0.033 0.051 0.034 0.054 0.055 0.074
L 0.367 0.37
L 0.118 0.37
L 0.118 0.344
C 0.118 0.324 0.118 0.303 0.083 0.303
C 0.049 0.303 0.049 0.325 0.049 0.344
L 0.049 0.39
C 0.049 0.423 0.057 0.431 0.09 0.431
L 0.43 0.431
C 0.449 0.431 0.471 0.431 0.471 0.397
C 0.471 0.38 0.47 0.377 0.449 0.357
L 0.137 0.061
L 0.406 0.061
L 0.406 0.099
C 0.406 0.119 0.406 0.14 0.441 0.14
C 0.475 0.14 0.475 0.118 0.475 0.099
L 0.475 0.041
C 0.475 0.026 0.475 0.006 0.453 0
L 0.074 0
C 0.055 0 0.033 0 0.033 0.034
Z
M 0.064 -0.123
C 0.064 -0.107 0.071 -0.091 0.099 -0.091
L 0.409 -0.091
C 0.436 -0.091 0.443 -0.109 0.443 -0.123
C 0.443 -0.138 0.435 -0.154 0.407 -0.154
L 0.098 -0.154
C 0.07 -0.153 0.064 -0.135 0.064 -0.123
Z
