M -0.01 0.506
C -0.01 0.52 -0.004 0.537 0.024 0.537
L 0.097 0.537
L 0.097 0.549
L 0.049 0.549
C 0.035 0.549 0.012 0.552 0.012 0.58
C 0.012 0.605 0.029 0.611 0.05 0.611
L 0.13 0.611
C 0.169 0.611 0.167 0.585 0.167 0.572
L 0.167 0.537
L 0.386 0.537
C 0.418 0.537 0.422 0.518 0.422 0.506
C 0.422 0.488 0.413 0.475 0.386 0.475
L 0.167 0.475
L 0.167 0.383
C 0.197 0.41 0.239 0.436 0.299 0.436
C 0.403 0.436 0.429 0.365 0.429 0.287
L 0.429 0.062
L 0.477 0.062
C 0.488 0.062 0.514 0.061 0.514 0.031
C 0.514 0.017 0.507 0 0.478 0
L 0.316 0
C 0.297 0 0.279 0.006 0.279 0.031
C 0.279 0.06 0.304 0.062 0.315 0.062
L 0.359 0.062
L 0.359 0.285
C 0.359 0.335 0.352 0.374 0.293 0.374
C 0.251 0.374 0.167 0.346 0.167 0.234
L 0.167 0.062
L 0.215 0.062
C 0.225 0.062 0.252 0.06 0.252 0.031
C 0.252 0.016 0.245 0 0.216 0
L 0.048 0
C 0.04 0 0.012 0 0.012 0.031
C 0.012 0.06 0.036 0.062 0.049 0.062
L 0.097 0.062
L 0.097 0.475
L 0.025 0.475
C -0.003 0.475 -0.01 0.492 -0.01 0.506
Z
