M 0.043 -0.192
L 0.043 0.431
C 0.043 0.582 0.171 0.644 0.259 0.644
C 0.341 0.644 0.396 0.584 0.396 0.516
C 0.396 0.472 0.376 0.434 0.345 0.405
C 0.418 0.371 0.48 0.295 0.48 0.2
C 0.48 0.08 0.377 -0.005 0.262 -0.005
C 0.201 -0.005 0.152 0.015 0.11 0.042
L 0.11 -0.187
C 0.11 -0.203 0.109 -0.233 0.076 -0.233
C 0.067 -0.233 0.043 -0.229 0.043 -0.192
Z
M 0.11 0.122
C 0.154 0.088 0.202 0.061 0.263 0.061
C 0.342 0.061 0.412 0.118 0.412 0.199
C 0.412 0.287 0.337 0.359 0.239 0.363
C 0.224 0.364 0.205 0.367 0.205 0.396
C 0.205 0.433 0.23 0.429 0.244 0.431
C 0.302 0.437 0.329 0.482 0.329 0.516
C 0.329 0.547 0.305 0.577 0.258 0.577
C 0.214 0.577 0.11 0.548 0.11 0.432
L 0.11 0.122
Z
