M 0.021 0.031
C 0.021 0.061 0.046 0.061 0.061 0.061
L 0.11 0.061
L 0.11 0.55
L 0.061 0.55
C 0.045 0.55 0.021 0.55 0.021 0.581
C 0.021 0.611 0.046 0.611 0.061 0.611
L 0.126 0.611
C 0.16 0.611 0.166 0.601 0.166 0.57
L 0.166 0.218
L 0.328 0.37
L 0.291 0.37
C 0.276 0.37 0.251 0.37 0.251 0.4
C 0.251 0.431 0.275 0.431 0.291 0.431
L 0.445 0.431
C 0.46 0.431 0.486 0.431 0.486 0.4
C 0.486 0.37 0.46 0.37 0.445 0.37
L 0.41 0.37
L 0.287 0.255
L 0.436 0.061
L 0.467 0.061
C 0.482 0.061 0.508 0.061 0.508 0.03
C 0.508 0 0.482 0 0.467 0
L 0.349 0
C 0.334 0 0.309 0 0.309 0.03
C 0.309 0.061 0.329 0.061 0.365 0.061
L 0.246 0.216
L 0.166 0.142
L 0.166 0.061
L 0.215 0.061
C 0.231 0.061 0.255 0.061 0.255 0.03
C 0.255 0 0.23 0 0.215 0
L 0.061 0
C 0.045 0 0.021 0 0.021 0.031
Z
M 0.156 0.717
C 0.156 0.738 0.175 0.744 0.186 0.749
C 0.319 0.807 0.325 0.81 0.332 0.81
L 0.334 0.81
C 0.351 0.81 0.369 0.796 0.369 0.775
C 0.369 0.753 0.351 0.744 0.339 0.739
C 0.195 0.676 0.2 0.677 0.19 0.677
C 0.168 0.677 0.156 0.703 0.156 0.717
Z
