M 0.045 0.052
C 0.045 0.094 0.086 0.122 0.139 0.122
C 0.155 0.122 0.171 0.12 0.187 0.117
L 0.191 0.137
L 0.192 0.158
L 0.15 0.158
C 0.149 0.158 0.146 0.157 0.142 0.157
C 0.114 0.157 0.106 0.177 0.106 0.189
C 0.106 0.201 0.114 0.21 0.122 0.215
C 0.131 0.22 0.141 0.22 0.15 0.22
L 0.192 0.22
L 0.192 0.266
L 0.15 0.266
C 0.149 0.266 0.146 0.265 0.142 0.265
C 0.114 0.265 0.106 0.285 0.106 0.297
C 0.106 0.309 0.114 0.318 0.122 0.323
C 0.131 0.328 0.141 0.328 0.15 0.328
L 0.192 0.328
L 0.192 0.447
C 0.192 0.585 0.292 0.619 0.341 0.619
C 0.429 0.619 0.478 0.533 0.478 0.463
C 0.478 0.423 0.451 0.414 0.434 0.414
C 0.412 0.414 0.389 0.431 0.389 0.458
C 0.389 0.482 0.402 0.482 0.402 0.495
C 0.402 0.507 0.384 0.557 0.34 0.557
C 0.309 0.557 0.262 0.527 0.262 0.449
L 0.262 0.328
L 0.335 0.328
C 0.368 0.327 0.372 0.305 0.372 0.297
C 0.372 0.289 0.369 0.266 0.336 0.266
L 0.262 0.266
L 0.262 0.22
L 0.335 0.22
C 0.368 0.219 0.372 0.197 0.372 0.188
C 0.372 0.181 0.369 0.158 0.336 0.158
L 0.262 0.158
C 0.262 0.135 0.258 0.115 0.252 0.097
C 0.29 0.083 0.348 0.059 0.383 0.059
C 0.42 0.059 0.428 0.097 0.43 0.108
C 0.432 0.123 0.427 0.15 0.466 0.15
C 0.493 0.15 0.501 0.134 0.501 0.118
C 0.501 0.071 0.464 -0.005 0.382 -0.005
C 0.325 -0.005 0.249 0.029 0.217 0.04
C 0.174 -0.004 0.125 -0.005 0.115 -0.005
C 0.076 -0.005 0.045 0.018 0.045 0.052
Z
