M 0.061 -0.103
C 0.061 -0.043 0.105 -0.015 0.122 -0.004
C 0.206 0.053 0.206 0.125 0.206 0.149
L 0.206 0.165
C 0.206 0.183 0.205 0.205 0.244 0.205
L 0.249 0.205
C 0.267 0.205 0.286 0.203 0.286 0.169
L 0.286 0.148
C 0.286 0.011 0.174 -0.044 0.149 -0.066
C 0.132 -0.081 0.131 -0.099 0.131 -0.103
C 0.131 -0.128 0.149 -0.166 0.246 -0.166
C 0.335 -0.166 0.364 -0.147 0.382 -0.131
L 0.382 -0.13
C 0.377 -0.123 0.373 -0.114 0.373 -0.103
C 0.373 -0.076 0.395 -0.059 0.418 -0.059
C 0.442 -0.059 0.462 -0.077 0.462 -0.106
C 0.462 -0.155 0.433 -0.228 0.242 -0.228
C 0.098 -0.228 0.061 -0.153 0.061 -0.103
Z
M 0.196 0.338
C 0.196 0.368 0.221 0.388 0.246 0.388
C 0.276 0.388 0.296 0.363 0.296 0.338
C 0.296 0.313 0.275 0.288 0.246 0.288
C 0.216 0.288 0.196 0.313 0.196 0.338
Z
