M 0.017 0.032
C 0.017 0.048 0.025 0.062 0.052 0.062
L 0.07 0.062
L 0.07 0.577
L 0.052 0.577
C 0.037 0.577 0.017 0.581 0.017 0.609
C 0.017 0.624 0.024 0.639 0.052 0.639
L 0.119 0.639
C 0.133 0.639 0.154 0.638 0.165 0.604
C 0.2 0.494 0.251 0.336 0.262 0.283
C 0.267 0.315 0.318 0.476 0.359 0.604
C 0.369 0.638 0.394 0.639 0.405 0.639
L 0.473 0.639
C 0.491 0.639 0.507 0.633 0.507 0.607
C 0.506 0.578 0.482 0.577 0.473 0.577
L 0.454 0.577
L 0.454 0.062
L 0.472 0.062
C 0.49 0.062 0.507 0.057 0.507 0.03
C 0.506 0.003 0.487 0 0.474 0
L 0.379 0
C 0.367 0 0.345 0.002 0.345 0.03
C 0.345 0.06 0.367 0.062 0.38 0.062
L 0.398 0.062
L 0.398 0.541
L 0.397 0.569
C 0.392 0.537 0.341 0.377 0.3 0.25
C 0.291 0.223 0.276 0.213 0.262 0.213
C 0.248 0.213 0.234 0.223 0.228 0.234
C 0.224 0.242 0.137 0.51 0.124 0.569
L 0.124 0.062
L 0.142 0.062
C 0.173 0.062 0.177 0.043 0.177 0.032
C 0.178 0.014 0.169 0 0.143 0
L 0.05 0
C 0.036 0 0.017 0.004 0.017 0.032
Z
