M 0.025 0.031
C 0.025 0.045 0.03 0.062 0.047 0.062
L 0.108 0.062
L 0.108 0.369
L 0.049 0.369
C 0.039 0.369 0.026 0.371 0.026 0.399
C 0.026 0.415 0.03 0.43 0.048 0.43
L 0.108 0.43
L 0.108 0.481
C 0.108 0.584 0.164 0.616 0.201 0.616
C 0.247 0.616 0.258 0.584 0.258 0.556
C 0.258 0.529 0.245 0.513 0.232 0.513
C 0.22 0.513 0.209 0.526 0.208 0.554
L 0.204 0.554
C 0.149 0.554 0.15 0.502 0.15 0.473
L 0.15 0.43
L 0.283 0.43
C 0.291 0.43 0.307 0.429 0.306 0.396
L 0.306 0.383
C 0.327 0.415 0.353 0.436 0.384 0.436
C 0.445 0.436 0.46 0.361 0.46 0.301
L 0.46 -0.014
C 0.459 -0.074 0.462 -0.227 0.413 -0.227
C 0.389 -0.227 0.371 -0.19 0.371 -0.152
C 0.371 -0.113 0.392 -0.107 0.397 -0.107
C 0.405 -0.107 0.41 -0.112 0.416 -0.118
C 0.417 -0.09 0.419 -0.063 0.419 0.02
L 0.419 0.299
C 0.418 0.343 0.411 0.374 0.38 0.374
C 0.351 0.374 0.306 0.341 0.306 0.234
L 0.306 0.062
L 0.333 0.062
C 0.351 0.062 0.356 0.047 0.356 0.031
C 0.356 0.002 0.34 0 0.335 0
L 0.237 0
C 0.232 0 0.228 -0.001 0.224 0.003
C 0.221 0 0.216 0 0.21 0
L 0.045 0
C 0.028 0.001 0.025 0.019 0.025 0.031
Z
M 0.15 0.062
L 0.212 0.062
C 0.216 0.062 0.221 0.061 0.224 0.058
C 0.229 0.062 0.234 0.062 0.239 0.062
L 0.264 0.062
L 0.264 0.369
L 0.15 0.369
L 0.15 0.062
Z
