M 0.027 0.03
C 0.026 0.048 0.035 0.062 0.063 0.062
L 0.086 0.062
C 0.089 0.078 0.093 0.095 0.097 0.111
L 0.209 0.618
C 0.211 0.626 0.217 0.651 0.248 0.651
L 0.273 0.651
C 0.308 0.651 0.312 0.631 0.316 0.612
L 0.428 0.107
C 0.431 0.092 0.435 0.077 0.438 0.062
L 0.462 0.062
C 0.477 0.062 0.497 0.059 0.497 0.032
C 0.497 0.006 0.481 0 0.463 0
L 0.345 0
C 0.331 0 0.31 0.003 0.31 0.031
C 0.31 0.061 0.335 0.062 0.344 0.062
L 0.367 0.062
L 0.342 0.175
L 0.183 0.175
L 0.158 0.062
L 0.179 0.062
C 0.195 0.062 0.215 0.059 0.215 0.031
C 0.215 0.006 0.198 0 0.18 0
L 0.062 0
C 0.031 0 0.027 0.019 0.027 0.03
Z
M 0.197 0.237
L 0.328 0.237
C 0.323 0.267 0.266 0.516 0.262 0.569
L 0.259 0.543
L 0.239 0.437
Z
