M 0.021 0.031
C 0.021 0.061 0.046 0.061 0.061 0.061
L 0.11 0.061
L 0.11 0.55
L 0.061 0.55
C 0.045 0.55 0.021 0.55 0.021 0.581
C 0.021 0.611 0.046 0.611 0.061 0.611
L 0.126 0.611
C 0.16 0.611 0.166 0.601 0.166 0.57
L 0.166 0.218
L 0.328 0.37
L 0.291 0.37
C 0.276 0.37 0.251 0.37 0.251 0.4
C 0.251 0.431 0.275 0.431 0.291 0.431
L 0.445 0.431
C 0.46 0.431 0.486 0.431 0.486 0.4
C 0.486 0.37 0.46 0.37 0.445 0.37
L 0.41 0.37
L 0.287 0.255
L 0.436 0.061
L 0.467 0.061
C 0.482 0.061 0.508 0.061 0.508 0.03
C 0.508 0 0.482 0 0.467 0
L 0.349 0
C 0.334 0 0.309 0 0.309 0.03
C 0.309 0.061 0.329 0.061 0.365 0.061
L 0.246 0.216
L 0.166 0.142
L 0.166 0.061
L 0.215 0.061
C 0.231 0.061 0.255 0.061 0.255 0.03
C 0.255 0 0.23 0 0.215 0
L 0.061 0
C 0.045 0 0.021 0 0.021 0.031
Z
M 0.215 -0.122
C 0.215 -0.093 0.239 -0.072 0.265 -0.072
C 0.291 -0.072 0.315 -0.093 0.315 -0.122
C 0.315 -0.151 0.29 -0.172 0.266 -0.172
C 0.236 -0.172 0.215 -0.149 0.215 -0.122
Z
