M 0.007 0.528
C 0.007 0.544 0.02 0.545 0.028 0.545
L 0.076 0.545
C 0.089 0.545 0.1 0.544 0.1 0.521
L 0.1 0.359
C 0.1 0.337 0.103 0.321 0.145 0.321
C 0.181 0.321 0.215 0.336 0.215 0.384
L 0.215 0.508
L 0.19 0.508
C 0.176 0.508 0.164 0.509 0.164 0.528
C 0.164 0.537 0.169 0.545 0.186 0.545
L 0.234 0.545
C 0.246 0.545 0.257 0.545 0.257 0.524
L 0.257 0.324
L 0.283 0.324
C 0.302 0.324 0.309 0.316 0.309 0.307
C 0.309 0.303 0.307 0.287 0.285 0.287
L 0.237 0.287
C 0.226 0.287 0.216 0.289 0.215 0.306
C 0.194 0.292 0.166 0.284 0.139 0.284
C 0.098 0.284 0.062 0.302 0.058 0.346
L 0.058 0.508
L 0.031 0.508
C 0.021 0.508 0.007 0.51 0.007 0.528
Z
