M 0.047 0.036
C 0.047 0.053 0.049 0.052 0.122 0.166
L 0.387 0.577
L 0.126 0.577
L 0.126 0.518
C 0.126 0.502 0.124 0.483 0.091 0.483
C 0.064 0.483 0.059 0.501 0.059 0.518
L 0.059 0.605
C 0.06 0.639 0.081 0.639 0.098 0.639
L 0.439 0.639
C 0.469 0.639 0.477 0.624 0.477 0.609
C 0.477 0.595 0.47 0.58 0.468 0.577
L 0.137 0.062
L 0.414 0.062
L 0.414 0.141
C 0.414 0.155 0.416 0.175 0.448 0.175
C 0.477 0.175 0.481 0.158 0.481 0.141
L 0.481 0.034
C 0.481 0 0.459 0 0.443 0
L 0.085 0
C 0.066 0 0.047 0.001 0.047 0.036
Z
