M 0.024 0.167
C 0.024 0.182 0.134 0.341 0.134 0.354
C 0.134 0.357 0.09 0.509 0.048 0.509
L 0.042 0.509
C 0.035 0.509 0.024 0.518 0.024 0.53
C 0.024 0.538 0.029 0.549 0.051 0.549
C 0.118 0.549 0.155 0.421 0.163 0.397
C 0.256 0.546 0.254 0.55 0.272 0.55
C 0.283 0.55 0.291 0.541 0.291 0.532
L 0.291 0.531
C 0.291 0.527 0.29 0.525 0.183 0.353
C 0.182 0.35 0.181 0.349 0.181 0.346
C 0.181 0.344 0.221 0.19 0.266 0.19
L 0.273 0.19
C 0.28 0.19 0.291 0.182 0.291 0.17
C 0.291 0.162 0.285 0.15 0.263 0.15
C 0.204 0.15 0.174 0.243 0.151 0.302
C 0.058 0.15 0.061 0.149 0.043 0.149
C 0.032 0.149 0.024 0.158 0.024 0.167
Z
