M 0.037 0.028
C 0.037 0.038 0.044 0.057 0.07 0.057
L 0.082 0.057
L 0.199 0.394
C 0.206 0.415 0.212 0.439 0.252 0.439
L 0.272 0.439
C 0.31 0.439 0.317 0.412 0.321 0.402
L 0.44 0.057
L 0.454 0.057
C 0.479 0.057 0.485 0.038 0.485 0.028
C 0.485 0.001 0.46 0 0.428 0
L 0.366 0
C 0.336 0 0.331 0.019 0.331 0.028
C 0.331 0.042 0.342 0.057 0.365 0.057
L 0.366 0.057
L 0.355 0.089
L 0.167 0.089
L 0.157 0.057
L 0.159 0.057
C 0.18 0.057 0.191 0.043 0.191 0.028
C 0.191 0.02 0.188 0.001 0.157 0
L 0.095 0
C 0.092 0 0.086 -0.001 0.08 -0.001
C 0.062 -0.001 0.037 0.002 0.037 0.028
Z
M 0.189 0.15
L 0.334 0.15
L 0.262 0.36
Z
