M 0.011 0.399
C 0.011 0.411 0.017 0.43 0.047 0.43
L 0.129 0.43
C 0.167 0.43 0.166 0.406 0.166 0.393
L 0.166 0.25
L 0.358 0.25
L 0.358 0.369
L 0.311 0.369
C 0.298 0.369 0.273 0.37 0.273 0.399
C 0.273 0.409 0.278 0.43 0.309 0.43
L 0.391 0.43
C 0.429 0.43 0.428 0.406 0.428 0.393
L 0.428 0.25
L 0.471 0.25
C 0.482 0.25 0.507 0.248 0.507 0.219
C 0.507 0.19 0.483 0.188 0.47 0.188
L 0.428 0.188
L 0.428 0.062
L 0.475 0.062
C 0.486 0.062 0.513 0.06 0.513 0.031
C 0.513 0.006 0.496 0 0.476 0
L 0.394 0
C 0.382 0 0.359 0.001 0.358 0.032
C 0.324 0.008 0.287 -0.005 0.24 -0.005
C 0.132 -0.005 0.096 0.043 0.096 0.116
L 0.096 0.188
L 0.057 0.188
C 0.044 0.188 0.017 0.189 0.017 0.219
C 0.017 0.248 0.042 0.25 0.053 0.25
L 0.096 0.25
L 0.096 0.369
L 0.048 0.369
C 0.035 0.369 0.011 0.37 0.011 0.399
Z
M 0.166 0.12
C 0.166 0.088 0.167 0.056 0.246 0.056
C 0.291 0.056 0.358 0.077 0.358 0.158
L 0.358 0.188
L 0.166 0.188
L 0.166 0.12
Z
