M 0 -0.108
C 0 -0.082 0.016 -0.076 0.034 -0.076
L 0.492 -0.076
C 0.518 -0.077 0.524 -0.094 0.524 -0.108
C 0.524 -0.122 0.518 -0.139 0.492 -0.139
L 0.036 -0.139
C 0.017 -0.139 0 -0.133 0 -0.108
Z
M 0.026 0.497
L 0.026 0.57
C 0.026 0.603 0.034 0.611 0.067 0.611
L 0.458 0.611
C 0.492 0.611 0.498 0.601 0.498 0.57
L 0.498 0.497
C 0.498 0.477 0.498 0.456 0.463 0.456
C 0.429 0.456 0.429 0.478 0.429 0.497
L 0.429 0.55
L 0.297 0.55
L 0.297 0.061
L 0.349 0.061
C 0.365 0.061 0.389 0.061 0.389 0.03
C 0.389 0 0.364 0 0.349 0
L 0.176 0
C 0.16 0 0.136 0 0.136 0.031
C 0.136 0.061 0.161 0.061 0.176 0.061
L 0.228 0.061
L 0.228 0.55
L 0.095 0.55
L 0.095 0.497
C 0.095 0.477 0.095 0.456 0.06 0.456
C 0.026 0.456 0.026 0.478 0.026 0.497
Z
