M 0.172 0.527
C 0.172 0.543 0.183 0.55 0.194 0.557
C 0.319 0.64 0.322 0.644 0.334 0.644
L 0.335 0.644
C 0.345 0.644 0.346 0.643 0.474 0.558
C 0.482 0.553 0.497 0.544 0.497 0.526
C 0.497 0.514 0.482 0.488 0.462 0.488
L 0.46 0.488
C 0.439 0.488 0.349 0.568 0.334 0.568
C 0.327 0.568 0.321 0.562 0.303 0.549
C 0.232 0.498 0.221 0.488 0.207 0.488
C 0.187 0.488 0.172 0.513 0.172 0.527
Z
M 0.048 -0.152
C 0.048 -0.123 0.07 -0.106 0.093 -0.106
C 0.114 -0.106 0.137 -0.123 0.137 -0.151
C 0.137 -0.158 0.137 -0.16 0.136 -0.163
C 0.151 -0.165 0.163 -0.167 0.192 -0.167
C 0.215 -0.167 0.246 -0.167 0.273 -0.129
C 0.299 -0.094 0.299 -0.056 0.299 -0.039
L 0.299 0.37
L 0.169 0.37
C 0.154 0.37 0.129 0.37 0.129 0.4
C 0.129 0.431 0.154 0.431 0.17 0.431
L 0.328 0.431
C 0.362 0.431 0.368 0.421 0.368 0.39
L 0.368 -0.044
C 0.368 -0.108 0.332 -0.228 0.187 -0.228
C 0.146 -0.228 0.048 -0.228 0.048 -0.152
Z
