M 0.025 0.031
C 0.025 0.059 0.049 0.062 0.059 0.062
L 0.096 0.062
L 0.096 0.577
L 0.063 0.577
C 0.047 0.577 0.025 0.578 0.025 0.608
C 0.025 0.622 0.032 0.639 0.059 0.639
L 0.283 0.639
C 0.424 0.639 0.48 0.53 0.48 0.448
C 0.48 0.371 0.428 0.258 0.284 0.258
L 0.166 0.258
L 0.166 0.062
L 0.199 0.062
C 0.213 0.062 0.237 0.061 0.237 0.031
C 0.237 0.001 0.212 0 0.203 0
L 0.06 0
C 0.05 0 0.025 0.001 0.025 0.031
Z
M 0.166 0.32
L 0.273 0.32
C 0.364 0.32 0.41 0.389 0.41 0.448
C 0.41 0.505 0.37 0.577 0.268 0.577
L 0.166 0.577
L 0.166 0.32
Z
