M 0.172 0.604
C 0.172 0.624 0.189 0.639 0.206 0.639
L 0.208 0.639
C 0.217 0.639 0.219 0.637 0.357 0.577
C 0.368 0.572 0.385 0.564 0.385 0.546
C 0.385 0.531 0.373 0.506 0.352 0.506
L 0.351 0.506
C 0.343 0.506 0.341 0.508 0.203 0.568
C 0.191 0.574 0.172 0.582 0.172 0.604
Z
M -0.061 0.604
C -0.061 0.624 -0.044 0.639 -0.027 0.639
L -0.025 0.639
C -0.016 0.639 -0.014 0.637 0.124 0.577
C 0.135 0.572 0.152 0.564 0.152 0.546
C 0.152 0.531 0.14 0.506 0.119 0.506
L 0.118 0.506
C 0.11 0.506 0.108 0.508 -0.03 0.568
C -0.042 0.574 -0.061 0.582 -0.061 0.604
Z
M 0.055 0.128
C 0.055 0.224 0.178 0.274 0.355 0.277
C 0.355 0.348 0.303 0.379 0.227 0.379
C 0.218 0.379 0.205 0.379 0.191 0.378
C 0.171 0.376 0.17 0.375 0.17 0.367
C 0.169 0.33 0.141 0.321 0.126 0.321
C 0.102 0.321 0.081 0.337 0.081 0.367
C 0.081 0.44 0.183 0.44 0.226 0.44
C 0.37 0.44 0.424 0.356 0.424 0.285
L 0.424 0.069
C 0.432 0.066 0.442 0.061 0.484 0.061
C 0.499 0.061 0.524 0.061 0.524 0.031
C 0.524 0 0.502 0 0.474 0
C 0.436 0 0.388 0.001 0.366 0.032
C 0.319 0.001 0.257 -0.006 0.22 -0.006
C 0.118 -0.006 0.055 0.059 0.055 0.128
Z
M 0.124 0.128
C 0.124 0.089 0.165 0.055 0.227 0.055
C 0.235 0.055 0.28 0.055 0.316 0.072
C 0.355 0.09 0.355 0.111 0.355 0.134
L 0.355 0.218
C 0.21 0.214 0.124 0.177 0.124 0.128
Z
