M 0.118 0.57
C 0.118 0.592 0.179 0.652 0.228 0.652
C 0.279 0.652 0.298 0.604 0.323 0.604
C 0.35 0.604 0.376 0.651 0.402 0.651
C 0.42 0.651 0.432 0.633 0.432 0.62
C 0.432 0.598 0.37 0.538 0.321 0.538
C 0.27 0.538 0.251 0.586 0.226 0.586
C 0.197 0.586 0.174 0.538 0.149 0.538
C 0.132 0.538 0.118 0.555 0.118 0.57
Z
M 0.078 0.03
C 0.078 0.061 0.103 0.061 0.119 0.061
L 0.24 0.061
L 0.24 0.37
L 0.127 0.37
C 0.112 0.37 0.086 0.37 0.086 0.401
C 0.086 0.431 0.112 0.431 0.127 0.431
L 0.269 0.431
C 0.303 0.431 0.309 0.421 0.309 0.39
L 0.309 0.061
L 0.414 0.061
C 0.429 0.061 0.455 0.061 0.455 0.03
C 0.455 0 0.429 0 0.414 0
L 0.119 0
C 0.104 0 0.078 0 0.078 0.03
Z
