M 0.053 -0.128
C 0.053 -0.053 0.128 -0.003 0.203 -0.003
C 0.211 -0.003 0.219 -0.003 0.227 -0.004
L 0.227 0.427
C 0.227 0.543 0.274 0.617 0.356 0.617
C 0.44 0.617 0.466 0.578 0.466 0.546
C 0.466 0.519 0.445 0.5 0.421 0.5
C 0.395 0.5 0.377 0.521 0.377 0.545
C 0.377 0.548 0.378 0.55 0.378 0.553
C 0.37 0.554 0.362 0.555 0.354 0.555
C 0.32 0.555 0.297 0.522 0.297 0.426
L 0.297 -0.026
C 0.406 -0.083 0.425 -0.185 0.425 -0.225
C 0.425 -0.245 0.417 -0.259 0.39 -0.259
C 0.322 -0.259 0.394 -0.179 0.291 -0.095
C 0.286 -0.126 0.266 -0.233 0.169 -0.233
C 0.106 -0.233 0.053 -0.192 0.053 -0.128
Z
M 0.123 -0.129
C 0.123 -0.154 0.144 -0.171 0.169 -0.171
C 0.191 -0.171 0.221 -0.156 0.225 -0.066
C 0.219 -0.065 0.213 -0.065 0.207 -0.065
C 0.156 -0.065 0.123 -0.098 0.123 -0.129
Z
