M 0.03 0.031
C 0.03 0.059 0.056 0.062 0.066 0.062
L 0.107 0.062
L 0.107 0.253
C 0.08 0.233 0.077 0.231 0.069 0.231
C 0.052 0.231 0.038 0.248 0.038 0.263
C 0.038 0.274 0.038 0.282 0.107 0.33
L 0.107 0.549
L 0.067 0.549
C 0.055 0.549 0.03 0.551 0.03 0.58
C 0.03 0.595 0.037 0.611 0.066 0.611
L 0.238 0.611
C 0.247 0.611 0.273 0.61 0.273 0.58
C 0.273 0.551 0.251 0.549 0.235 0.549
L 0.177 0.549
L 0.177 0.383
C 0.265 0.449 0.273 0.46 0.289 0.46
C 0.307 0.46 0.319 0.442 0.319 0.427
C 0.319 0.408 0.309 0.405 0.215 0.334
C 0.202 0.324 0.19 0.315 0.177 0.306
L 0.177 0.062
L 0.418 0.062
L 0.418 0.137
C 0.419 0.17 0.44 0.172 0.451 0.172
L 0.456 0.172
C 0.482 0.172 0.488 0.155 0.488 0.135
L 0.488 0.037
C 0.488 0.02 0.487 0 0.452 0
L 0.066 0
C 0.047 0 0.03 0.006 0.03 0.031
Z
