M 0 0.4
C 0 0.415 0.007 0.43 0.036 0.43
L 0.144 0.43
C 0.159 0.43 0.179 0.427 0.18 0.4
C 0.273 0.429 0.287 0.434 0.314 0.434
C 0.409 0.434 0.48 0.353 0.48 0.257
C 0.48 0.164 0.427 0.08 0.347 0.047
C 0.33 0.04 0.197 0.007 0.18 0.003
L 0.18 -0.224
C 0.18 -0.239 0.178 -0.261 0.144 -0.261
L 0.068 -0.261
C 0.055 -0.261 0.029 -0.26 0.029 -0.23
C 0.029 -0.201 0.051 -0.199 0.065 -0.199
L 0.11 -0.199
L 0.11 0.369
L 0.037 0.369
C 0.017 0.369 0 0.375 0 0.4
Z
M 0.18 0.066
C 0.209 0.073 0.311 0.098 0.324 0.104
C 0.378 0.127 0.41 0.19 0.41 0.257
C 0.41 0.323 0.365 0.372 0.313 0.372
C 0.288 0.372 0.248 0.354 0.18 0.335
L 0.18 0.066
Z
