M 0.046 0.028
C 0.046 0.037 0.05 0.057 0.081 0.057
L 0.094 0.057
L 0.094 0.374
L 0.081 0.374
C 0.05 0.374 0.046 0.393 0.046 0.403
C 0.046 0.407 0.048 0.43 0.079 0.43
L 0.29 0.43
C 0.385 0.43 0.456 0.379 0.456 0.318
C 0.456 0.299 0.447 0.252 0.36 0.226
C 0.438 0.211 0.477 0.164 0.477 0.121
C 0.477 0.062 0.415 0 0.308 0
L 0.079 0
C 0.048 0.001 0.046 0.023 0.046 0.028
Z
M 0.164 0.062
L 0.284 0.062
C 0.377 0.062 0.406 0.098 0.406 0.122
C 0.406 0.142 0.388 0.193 0.295 0.193
L 0.164 0.193
L 0.164 0.062
Z
M 0.164 0.255
L 0.263 0.255
C 0.359 0.255 0.386 0.294 0.386 0.318
C 0.386 0.338 0.361 0.369 0.282 0.369
L 0.164 0.369
L 0.164 0.255
Z
