M 0.005 -0.155
C 0.006 -0.121 0.028 -0.1 0.055 -0.1
C 0.077 -0.1 0.095 -0.115 0.095 -0.139
C 0.095 -0.146 0.094 -0.154 0.09 -0.162
C 0.1 -0.165 0.108 -0.166 0.114 -0.166
C 0.181 -0.166 0.205 0.022 0.225 0.135
L 0.266 0.369
L 0.201 0.369
C 0.178 0.369 0.168 0.382 0.168 0.397
C 0.168 0.41 0.173 0.43 0.203 0.43
L 0.277 0.43
C 0.294 0.544 0.302 0.616 0.414 0.616
C 0.506 0.616 0.53 0.577 0.53 0.544
C 0.53 0.51 0.507 0.489 0.481 0.489
C 0.458 0.489 0.44 0.504 0.44 0.528
C 0.44 0.535 0.442 0.543 0.445 0.551
C 0.435 0.553 0.424 0.555 0.413 0.555
C 0.368 0.554 0.365 0.536 0.348 0.43
L 0.431 0.43
C 0.456 0.43 0.466 0.417 0.466 0.402
C 0.466 0.39 0.46 0.369 0.429 0.369
L 0.337 0.369
L 0.272 0.005
C 0.249 -0.111 0.237 -0.138 0.216 -0.167
C 0.203 -0.185 0.171 -0.228 0.112 -0.228
C 0.051 -0.228 0.006 -0.2 0.005 -0.155
Z
