M 0.054 0.031
C 0.054 0.043 0.059 0.062 0.091 0.062
L 0.115 0.062
L 0.115 0.366
L 0.091 0.366
C 0.059 0.366 0.054 0.385 0.054 0.397
C 0.054 0.408 0.059 0.427 0.088 0.428
L 0.285 0.428
C 0.395 0.428 0.449 0.353 0.449 0.29
C 0.449 0.24 0.409 0.152 0.281 0.152
L 0.185 0.152
L 0.185 0.062
L 0.211 0.062
C 0.219 0.062 0.246 0.061 0.246 0.031
C 0.246 0.015 0.238 0 0.21 0
L 0.09 0
C 0.084 0 0.054 -0.001 0.054 0.031
Z
M 0.185 0.214
L 0.263 0.214
C 0.355 0.214 0.379 0.262 0.379 0.29
C 0.379 0.32 0.35 0.366 0.266 0.366
L 0.185 0.366
L 0.185 0.214
Z
M -0.075 0.236
C -0.075 0.49 0.07 0.705 0.263 0.705
C 0.447 0.705 0.6 0.501 0.6 0.236
C 0.6 -0.032 0.445 -0.233 0.264 -0.233
C 0.075 -0.233 -0.075 -0.026 -0.075 0.236
Z
M -0.005 0.237
C -0.005 0.014 0.115 -0.164 0.262 -0.164
C 0.397 -0.164 0.53 -0.002 0.53 0.235
C 0.53 0.481 0.392 0.636 0.263 0.636
C 0.128 0.636 -0.005 0.475 -0.005 0.237
Z
