M 0.047 0.302
C 0.047 0.411 0.169 0.442 0.267 0.442
C 0.291 0.442 0.334 0.44 0.369 0.44
C 0.41 0.44 0.432 0.441 0.445 0.441
C 0.479 0.441 0.483 0.417 0.483 0.409
C 0.483 0.376 0.451 0.373 0.422 0.373
L 0.391 0.373
C 0.331 0.373 0.286 0.378 0.255 0.378
C 0.194 0.378 0.109 0.363 0.109 0.302
C 0.109 0.239 0.191 0.233 0.309 0.231
C 0.318 0.231 0.354 0.232 0.354 0.197
C 0.354 0.188 0.349 0.165 0.314 0.164
L 0.295 0.164
C 0.297 0.063 0.297 0.051 0.297 0.038
L 0.297 0.023
C 0.297 -0.012 0.274 -0.017 0.264 -0.017
C 0.246 -0.017 0.233 -0.003 0.231 0.011
C 0.23 0.018 0.231 0.024 0.231 0.031
L 0.231 0.046
L 0.232 0.088
L 0.232 0.103
C 0.233 0.141 0.232 0.154 0.233 0.167
C 0.152 0.176 0.047 0.199 0.047 0.302
Z
