M 0.009 0.526
C 0.009 0.544 0.024 0.545 0.03 0.545
L 0.108 0.545
C 0.123 0.545 0.129 0.535 0.129 0.526
C 0.129 0.509 0.117 0.508 0.107 0.508
L 0.074 0.508
L 0.106 0.329
C 0.134 0.442 0.139 0.442 0.158 0.442
C 0.184 0.442 0.184 0.428 0.201 0.367
C 0.207 0.344 0.208 0.341 0.21 0.329
L 0.213 0.355
L 0.24 0.508
L 0.211 0.508
C 0.191 0.508 0.184 0.517 0.184 0.526
C 0.184 0.532 0.187 0.545 0.206 0.545
L 0.282 0.545
C 0.298 0.545 0.305 0.536 0.305 0.527
C 0.305 0.517 0.297 0.508 0.284 0.508
L 0.274 0.508
C 0.271 0.488 0.267 0.467 0.238 0.306
C 0.234 0.286 0.222 0.284 0.212 0.284
C 0.188 0.284 0.187 0.289 0.175 0.328
C 0.16 0.378 0.16 0.385 0.158 0.4
C 0.157 0.382 0.146 0.345 0.136 0.309
C 0.129 0.284 0.118 0.284 0.104 0.284
C 0.094 0.284 0.08 0.284 0.076 0.306
C 0.076 0.306 0.041 0.498 0.04 0.508
L 0.03 0.508
C 0.015 0.508 0.009 0.517 0.009 0.526
Z
