M 0.148 0.512
C 0.148 0.555 0.211 0.524 0.206 0.57
C 0.198 0.566 0.191 0.564 0.184 0.564
C 0.161 0.564 0.148 0.584 0.148 0.601
C 0.148 0.617 0.159 0.639 0.187 0.639
C 0.222 0.639 0.262 0.609 0.262 0.562
C 0.262 0.513 0.216 0.485 0.178 0.485
C 0.154 0.485 0.148 0.504 0.148 0.512
Z
M 0.277 0.58
C 0.277 0.598 0.293 0.611 0.31 0.611
C 0.333 0.611 0.34 0.596 0.391 0.525
C 0.396 0.518 0.402 0.509 0.402 0.499
C 0.402 0.483 0.387 0.473 0.374 0.473
C 0.359 0.473 0.354 0.48 0.29 0.55
C 0.281 0.56 0.277 0.571 0.277 0.58
Z
M 0.032 0.177
C 0.032 0.284 0.089 0.371 0.131 0.423
C 0.138 0.431 0.146 0.441 0.16 0.441
C 0.174 0.441 0.195 0.424 0.195 0.406
C 0.195 0.379 0.099 0.304 0.099 0.177
C 0.099 0.105 0.138 0.056 0.179 0.056
C 0.201 0.056 0.213 0.072 0.227 0.094
C 0.21 0.132 0.202 0.179 0.202 0.211
C 0.202 0.273 0.247 0.279 0.262 0.279
C 0.295 0.279 0.321 0.255 0.321 0.217
C 0.321 0.169 0.312 0.129 0.297 0.094
C 0.316 0.064 0.327 0.056 0.343 0.056
C 0.392 0.056 0.424 0.112 0.424 0.177
C 0.424 0.255 0.384 0.325 0.347 0.372
C 0.339 0.383 0.329 0.394 0.329 0.406
C 0.329 0.42 0.346 0.441 0.364 0.441
C 0.378 0.441 0.386 0.43 0.393 0.422
C 0.436 0.368 0.492 0.282 0.492 0.177
C 0.492 0.076 0.436 -0.005 0.353 -0.005
C 0.31 -0.005 0.283 0.018 0.262 0.039
C 0.244 0.019 0.213 -0.005 0.17 -0.005
C 0.087 -0.005 0.032 0.078 0.032 0.177
Z
