M 0.02 0.138
C 0.02 0.201 0.082 0.289 0.228 0.304
L 0.087 0.549
L 0.058 0.549
C 0.049 0.549 0.023 0.551 0.023 0.58
C 0.023 0.599 0.033 0.611 0.058 0.611
L 0.174 0.611
C 0.199 0.611 0.209 0.596 0.209 0.581
C 0.209 0.551 0.185 0.549 0.172 0.549
L 0.168 0.549
L 0.246 0.41
L 0.263 0.375
L 0.278 0.409
L 0.357 0.549
L 0.353 0.549
C 0.34 0.549 0.315 0.551 0.315 0.58
C 0.315 0.589 0.319 0.611 0.351 0.611
L 0.466 0.611
C 0.494 0.611 0.502 0.596 0.502 0.58
C 0.502 0.555 0.484 0.549 0.464 0.549
L 0.438 0.549
L 0.298 0.304
C 0.445 0.288 0.504 0.199 0.504 0.138
C 0.504 0.049 0.388 -0.011 0.261 -0.011
C 0.135 -0.011 0.02 0.048 0.02 0.138
Z
M 0.09 0.143
C 0.09 0.088 0.173 0.05 0.262 0.05
C 0.36 0.05 0.434 0.092 0.434 0.143
C 0.434 0.194 0.371 0.234 0.298 0.242
L 0.298 0.174
C 0.298 0.139 0.277 0.137 0.261 0.137
C 0.26 0.137 0.257 0.138 0.256 0.138
L 0.201 0.138
L 0.201 0.137
C 0.191 0.137 0.162 0.138 0.162 0.169
C 0.162 0.181 0.168 0.199 0.201 0.199
L 0.228 0.199
L 0.228 0.242
C 0.158 0.235 0.09 0.195 0.09 0.143
Z
