M 0.025 0.58
C 0.025 0.596 0.032 0.611 0.06 0.611
L 0.167 0.611
C 0.195 0.611 0.204 0.596 0.204 0.58
C 0.204 0.565 0.196 0.549 0.168 0.549
L 0.156 0.549
L 0.233 0.372
L 0.258 0.308
L 0.273 0.266
L 0.277 0.253
C 0.283 0.283 0.334 0.431 0.375 0.549
L 0.356 0.549
C 0.326 0.549 0.321 0.567 0.321 0.58
C 0.321 0.591 0.325 0.611 0.357 0.611
L 0.467 0.611
C 0.498 0.611 0.502 0.59 0.502 0.58
C 0.502 0.565 0.496 0.549 0.466 0.549
L 0.447 0.549
L 0.334 0.227
C 0.289 0.102 0.242 -0.011 0.181 -0.011
C 0.124 -0.011 0.092 0.049 0.092 0.099
C 0.092 0.137 0.122 0.146 0.137 0.146
C 0.163 0.146 0.181 0.125 0.181 0.102
C 0.181 0.087 0.173 0.078 0.167 0.07
C 0.171 0.065 0.174 0.057 0.183 0.056
L 0.187 0.057
L 0.191 0.06
L 0.195 0.064
L 0.206 0.081
L 0.22 0.111
L 0.248 0.187
L 0.244 0.183
L 0.082 0.549
L 0.062 0.549
C 0.046 0.549 0.025 0.554 0.025 0.58
Z
