M 0.019 0.305
C 0.019 0.31 0.021 0.324 0.04 0.324
L 0.091 0.324
L 0.091 0.508
L 0.042 0.508
C 0.024 0.508 0.019 0.515 0.019 0.528
C 0.019 0.545 0.033 0.545 0.039 0.545
L 0.113 0.545
C 0.133 0.545 0.133 0.533 0.133 0.522
L 0.133 0.5
C 0.163 0.534 0.204 0.549 0.237 0.549
C 0.266 0.549 0.292 0.537 0.292 0.511
C 0.292 0.494 0.279 0.485 0.266 0.485
C 0.255 0.485 0.245 0.492 0.242 0.505
L 0.242 0.511
L 0.238 0.511
C 0.187 0.511 0.133 0.474 0.133 0.395
L 0.133 0.324
L 0.202 0.324
C 0.213 0.324 0.224 0.322 0.224 0.305
C 0.224 0.292 0.214 0.287 0.201 0.287
L 0.039 0.287
C 0.025 0.287 0.019 0.296 0.019 0.305
Z
