M 0.032 0.129
C 0.032 0.188 0.07 0.269 0.234 0.278
C 0.234 0.362 0.187 0.377 0.155 0.377
C 0.146 0.377 0.137 0.376 0.128 0.376
C 0.129 0.372 0.129 0.368 0.129 0.365
C 0.129 0.338 0.108 0.32 0.085 0.32
C 0.061 0.32 0.041 0.34 0.041 0.366
C 0.041 0.395 0.06 0.439 0.157 0.439
C 0.225 0.439 0.256 0.393 0.271 0.37
C 0.278 0.382 0.31 0.439 0.369 0.439
C 0.45 0.439 0.504 0.335 0.504 0.215
C 0.504 0.097 0.45 -0.005 0.369 -0.005
C 0.311 -0.005 0.279 0.048 0.273 0.058
C 0.241 0.011 0.187 -0.005 0.147 -0.005
C 0.071 -0.005 0.032 0.065 0.032 0.129
Z
M 0.089 0.129
C 0.089 0.096 0.111 0.056 0.153 0.056
C 0.171 0.056 0.233 0.064 0.233 0.13
L 0.233 0.136
C 0.233 0.144 0.234 0.201 0.234 0.217
C 0.198 0.215 0.089 0.206 0.089 0.129
Z
M 0.291 0.215
C 0.291 0.129 0.329 0.057 0.369 0.057
C 0.409 0.057 0.448 0.127 0.448 0.214
C 0.448 0.298 0.413 0.377 0.369 0.377
C 0.336 0.377 0.291 0.317 0.291 0.215
Z
