M 0.006 0.306
C 0.006 0.323 0.02 0.324 0.028 0.324
L 0.058 0.324
L 0.058 0.548
C 0.058 0.587 0.075 0.657 0.182 0.657
C 0.226 0.657 0.267 0.647 0.267 0.608
C 0.267 0.59 0.253 0.581 0.239 0.581
C 0.226 0.581 0.214 0.589 0.214 0.606
C 0.214 0.609 0.214 0.612 0.215 0.616
C 0.204 0.619 0.192 0.62 0.181 0.62
C 0.141 0.62 0.104 0.603 0.1 0.564
C 0.099 0.559 0.1 0.552 0.1 0.547
L 0.1 0.517
C 0.121 0.536 0.152 0.549 0.181 0.549
C 0.22 0.549 0.257 0.526 0.257 0.468
L 0.257 0.324
L 0.283 0.324
C 0.301 0.324 0.308 0.315 0.308 0.306
C 0.308 0.301 0.306 0.287 0.285 0.287
L 0.19 0.287
C 0.173 0.287 0.166 0.296 0.166 0.305
C 0.166 0.323 0.179 0.324 0.187 0.324
L 0.215 0.324
L 0.215 0.446
C 0.215 0.486 0.215 0.511 0.175 0.511
C 0.148 0.511 0.1 0.492 0.1 0.427
L 0.1 0.324
L 0.126 0.324
C 0.144 0.324 0.151 0.315 0.151 0.306
C 0.151 0.301 0.149 0.287 0.128 0.287
L 0.03 0.287
C 0.014 0.287 0.006 0.297 0.006 0.306
Z
