M 0.029 0.215
C 0.029 0.346 0.122 0.436 0.22 0.436
C 0.261 0.436 0.295 0.42 0.322 0.396
L 0.322 0.55
L 0.282 0.55
C 0.269 0.55 0.245 0.552 0.245 0.58
C 0.245 0.589 0.249 0.611 0.28 0.611
L 0.357 0.611
C 0.394 0.611 0.392 0.586 0.392 0.57
L 0.392 0.165
C 0.398 0.166 0.404 0.166 0.409 0.166
C 0.468 0.166 0.507 0.116 0.507 0.067
C 0.507 0.022 0.469 -0.009 0.427 -0.009
C 0.394 -0.009 0.362 0.01 0.344 0.041
L 0.343 0.041
C 0.217 -0.162 0.236 -0.194 0.192 -0.195
C 0.162 -0.195 0.156 -0.178 0.156 -0.167
C 0.156 -0.146 0.237 -0.003 0.237 -0.003
C 0.228 -0.004 0.219 -0.005 0.21 -0.005
C 0.117 -0.005 0.029 0.086 0.029 0.215
Z
M 0.099 0.215
C 0.099 0.12 0.157 0.056 0.215 0.056
C 0.269 0.056 0.322 0.112 0.322 0.197
L 0.322 0.272
C 0.322 0.312 0.285 0.374 0.223 0.374
C 0.156 0.374 0.099 0.304 0.099 0.215
Z
M 0.395 0.094
C 0.396 0.08 0.402 0.054 0.422 0.054
C 0.43 0.054 0.436 0.061 0.436 0.07
C 0.436 0.09 0.417 0.103 0.404 0.103
C 0.396 0.103 0.395 0.098 0.395 0.094
Z
