M 0.179 0.648
C 0.179 0.684 0.212 0.727 0.275 0.727
C 0.358 0.727 0.382 0.679 0.382 0.647
C 0.382 0.58 0.302 0.588 0.302 0.535
L 0.302 0.53
C 0.302 0.503 0.285 0.496 0.273 0.496
C 0.249 0.496 0.245 0.517 0.245 0.534
C 0.245 0.618 0.324 0.63 0.324 0.648
C 0.324 0.657 0.31 0.67 0.276 0.67
C 0.215 0.67 0.252 0.618 0.207 0.618
C 0.192 0.618 0.179 0.629 0.179 0.648
Z
M 0.026 0.4
C 0.026 0.431 0.05 0.431 0.066 0.431
L 0.183 0.431
C 0.199 0.431 0.223 0.431 0.223 0.4
C 0.223 0.37 0.198 0.37 0.183 0.37
L 0.158 0.37
L 0.251 0.13
C 0.258 0.111 0.267 0.09 0.272 0.071
L 0.273 0.071
C 0.28 0.102 0.286 0.12 0.299 0.157
L 0.371 0.37
L 0.343 0.37
C 0.327 0.37 0.303 0.37 0.303 0.401
C 0.303 0.431 0.328 0.431 0.343 0.431
L 0.46 0.431
C 0.476 0.431 0.5 0.431 0.5 0.4
C 0.5 0.37 0.475 0.37 0.46 0.37
L 0.43 0.37
L 0.275 -0.085
C 0.271 -0.096 0.226 -0.228 0.126 -0.228
C 0.077 -0.228 0.043 -0.188 0.043 -0.146
C 0.043 -0.12 0.06 -0.102 0.087 -0.102
C 0.112 -0.102 0.13 -0.12 0.13 -0.145
C 0.13 -0.158 0.125 -0.166 0.125 -0.167
C 0.14 -0.166 0.176 -0.164 0.205 -0.109
C 0.218 -0.084 0.243 -0.002 0.243 0
C 0.243 0.001 0.243 0.003 0.239 0.013
L 0.097 0.37
L 0.066 0.37
C 0.051 0.37 0.026 0.37 0.026 0.4
Z
