M 0.057 0.216
C 0.057 0.341 0.15 0.44 0.262 0.44
C 0.374 0.44 0.467 0.341 0.467 0.216
C 0.467 0.09 0.372 -0.006 0.262 -0.006
C 0.152 -0.006 0.057 0.089 0.057 0.216
Z
M 0.126 0.223
C 0.126 0.13 0.188 0.055 0.262 0.055
C 0.336 0.055 0.398 0.13 0.398 0.223
C 0.398 0.314 0.334 0.379 0.262 0.379
C 0.191 0.379 0.126 0.314 0.126 0.223
Z
M 0.072 0.55
C 0.072 0.566 0.079 0.582 0.107 0.582
L 0.417 0.582
C 0.444 0.582 0.451 0.564 0.451 0.55
C 0.451 0.535 0.443 0.519 0.415 0.519
L 0.106 0.519
C 0.078 0.52 0.072 0.538 0.072 0.55
Z
