M 0.028 0.376
C 0.028 0.4 0.064 0.43 0.129 0.43
L 0.448 0.43
C 0.475 0.43 0.483 0.415 0.482 0.398
C 0.483 0.382 0.476 0.366 0.449 0.365
L 0.375 0.365
L 0.375 0.21
C 0.377 0.135 0.378 0.071 0.422 0.062
C 0.429 0.078 0.437 0.084 0.455 0.084
C 0.481 0.084 0.489 0.069 0.489 0.055
C 0.489 0.026 0.464 -0.005 0.425 -0.005
C 0.403 -0.005 0.363 0.002 0.337 0.05
C 0.31 0.099 0.308 0.168 0.308 0.24
L 0.308 0.365
L 0.202 0.365
L 0.202 0.043
C 0.202 0.035 0.202 0.027 0.2 0.019
C 0.196 0.005 0.183 -0.005 0.168 -0.005
C 0.153 -0.005 0.14 0.005 0.136 0.019
C 0.134 0.027 0.135 0.035 0.135 0.043
L 0.135 0.365
C 0.086 0.365 0.082 0.342 0.063 0.342
C 0.042 0.342 0.028 0.359 0.028 0.376
Z
