M 0.005 -0.184
C 0.005 -0.167 0.017 -0.154 0.031 -0.15
C 0.048 -0.145 0.055 -0.156 0.094 -0.127
C 0.176 -0.066 0.135 -0.008 0.191 -0.008
C 0.218 -0.008 0.225 -0.025 0.225 -0.037
C 0.225 -0.061 0.204 -0.112 0.171 -0.149
L 0.353 -0.149
C 0.32 -0.112 0.299 -0.061 0.299 -0.037
C 0.299 -0.026 0.306 -0.008 0.333 -0.008
C 0.363 -0.008 0.365 -0.026 0.37 -0.042
C 0.392 -0.116 0.452 -0.142 0.467 -0.147
C 0.478 -0.15 0.518 -0.145 0.518 -0.184
C 0.518 -0.204 0.502 -0.218 0.481 -0.218
L 0.475 -0.218
C 0.469 -0.218 0.464 -0.219 0.445 -0.23
C 0.347 -0.287 0.391 -0.359 0.333 -0.359
C 0.304 -0.359 0.299 -0.339 0.299 -0.33
C 0.299 -0.306 0.322 -0.252 0.353 -0.218
L 0.171 -0.218
C 0.214 -0.267 0.225 -0.316 0.225 -0.331
C 0.225 -0.339 0.219 -0.359 0.191 -0.359
C 0.161 -0.359 0.159 -0.341 0.154 -0.325
C 0.133 -0.255 0.073 -0.222 0.05 -0.219
C 0.045 -0.219 0.005 -0.221 0.005 -0.184
Z
