M 0.012 0.4
C 0.012 0.431 0.037 0.431 0.053 0.431
L 0.126 0.431
C 0.16 0.431 0.166 0.421 0.166 0.39
L 0.166 0.12
C 0.166 0.088 0.166 0.055 0.245 0.055
C 0.277 0.055 0.358 0.067 0.358 0.157
L 0.358 0.37
L 0.313 0.37
C 0.299 0.37 0.273 0.37 0.273 0.4
C 0.273 0.431 0.298 0.431 0.314 0.431
L 0.387 0.431
C 0.421 0.431 0.427 0.421 0.427 0.39
L 0.427 0.061
L 0.472 0.061
C 0.486 0.061 0.512 0.061 0.512 0.031
C 0.512 0 0.487 0 0.471 0
L 0.398 0
C 0.38 0 0.359 0 0.358 0.032
C 0.321 0.004 0.28 -0.006 0.239 -0.006
C 0.166 -0.006 0.097 0.018 0.097 0.114
L 0.097 0.37
L 0.052 0.37
C 0.038 0.37 0.012 0.37 0.012 0.4
Z
M 0.231 -0.108
C 0.231 -0.082 0.252 -0.064 0.275 -0.064
C 0.298 -0.064 0.319 -0.083 0.319 -0.109
C 0.319 -0.135 0.299 -0.152 0.276 -0.152
C 0.25 -0.152 0.231 -0.13 0.231 -0.108
Z
