M 0.058 0.168
C 0.058 0.207 0.087 0.216 0.102 0.216
C 0.127 0.216 0.147 0.198 0.147 0.172
C 0.147 0.151 0.135 0.147 0.135 0.134
C 0.135 0.129 0.143 0.074 0.231 0.058
L 0.231 0.288
C 0.074 0.319 0.058 0.413 0.058 0.451
C 0.058 0.514 0.107 0.598 0.231 0.615
L 0.231 0.653
C 0.231 0.666 0.229 0.694 0.262 0.694
C 0.296 0.694 0.293 0.66 0.293 0.654
L 0.293 0.615
C 0.395 0.603 0.466 0.551 0.466 0.455
C 0.466 0.417 0.436 0.407 0.421 0.407
C 0.398 0.407 0.377 0.425 0.377 0.452
C 0.377 0.472 0.389 0.482 0.391 0.485
C 0.377 0.522 0.349 0.546 0.293 0.553
L 0.293 0.347
C 0.415 0.327 0.466 0.242 0.466 0.172
C 0.466 0.095 0.405 0.012 0.293 -0.003
L 0.293 -0.042
C 0.293 -0.056 0.294 -0.083 0.262 -0.083
C 0.228 -0.083 0.231 -0.049 0.231 -0.043
L 0.231 -0.004
C 0.127 0.004 0.058 0.075 0.058 0.168
Z
M 0.123 0.456
C 0.123 0.418 0.156 0.374 0.231 0.36
L 0.231 0.552
C 0.163 0.542 0.123 0.498 0.123 0.456
Z
M 0.293 0.059
C 0.366 0.072 0.401 0.124 0.401 0.167
C 0.401 0.21 0.368 0.259 0.293 0.275
L 0.293 0.059
Z
