M -0.006 0.405
C -0.006 0.417 0.001 0.436 0.027 0.436
C 0.074 0.436 0.123 0.395 0.123 0.332
C 0.123 0.306 0.111 0.234 0.111 0.181
C 0.111 0.142 0.123 0.071 0.228 0.058
L 0.228 0.549
L 0.149 0.549
C 0.118 0.549 0.114 0.568 0.114 0.58
C 0.114 0.591 0.118 0.611 0.15 0.611
L 0.261 0.611
C 0.296 0.611 0.298 0.592 0.298 0.574
L 0.298 0.058
C 0.373 0.068 0.415 0.108 0.415 0.182
C 0.415 0.236 0.404 0.293 0.404 0.32
C 0.404 0.338 0.412 0.341 0.416 0.35
C 0.419 0.358 0.421 0.389 0.451 0.413
C 0.476 0.433 0.492 0.436 0.498 0.436
L 0.501 0.436
C 0.52 0.435 0.532 0.425 0.532 0.405
C 0.532 0.379 0.512 0.374 0.496 0.374
L 0.49 0.374
C 0.483 0.374 0.471 0.373 0.461 0.346
C 0.473 0.334 0.472 0.337 0.481 0.245
C 0.484 0.208 0.485 0.188 0.485 0.182
C 0.485 0.063 0.4 0.003 0.298 -0.004
L 0.298 -0.16
L 0.378 -0.16
C 0.408 -0.16 0.413 -0.181 0.413 -0.191
C 0.413 -0.2 0.409 -0.221 0.379 -0.222
L 0.145 -0.222
C 0.119 -0.221 0.114 -0.202 0.114 -0.191
C 0.114 -0.181 0.118 -0.16 0.149 -0.16
L 0.228 -0.16
L 0.228 -0.004
C 0.227 -0.003 0.041 0.003 0.041 0.181
C 0.041 0.235 0.053 0.313 0.053 0.333
C 0.053 0.397 -0.006 0.355 -0.006 0.405
Z
