M 0.023 0.488
C 0.023 0.503 0.03 0.519 0.058 0.519
L 0.145 0.519
L 0.145 0.549
L 0.123 0.549
C 0.112 0.549 0.087 0.551 0.087 0.58
C 0.087 0.595 0.094 0.611 0.123 0.611
L 0.238 0.611
C 0.267 0.611 0.274 0.593 0.274 0.58
C 0.274 0.568 0.269 0.549 0.237 0.549
L 0.215 0.549
L 0.215 0.519
L 0.421 0.519
C 0.438 0.519 0.456 0.513 0.456 0.488
C 0.456 0.476 0.452 0.458 0.421 0.458
L 0.215 0.458
L 0.215 0.348
L 0.334 0.348
C 0.443 0.348 0.488 0.25 0.488 0.174
C 0.488 0.095 0.442 0 0.332 0
L 0.122 0
C 0.091 0 0.087 0.021 0.087 0.031
C 0.087 0.043 0.091 0.062 0.123 0.062
L 0.145 0.062
L 0.145 0.458
L 0.059 0.458
C 0.058 0.458 0.057 0.457 0.057 0.457
C 0.03 0.457 0.023 0.473 0.023 0.488
Z
M 0.215 0.062
L 0.321 0.062
C 0.379 0.062 0.418 0.114 0.418 0.174
C 0.418 0.232 0.381 0.287 0.321 0.287
L 0.215 0.287
L 0.215 0.062
Z
