M 0.037 0.057
C 0.037 0.082 0.056 0.1 0.079 0.1
C 0.104 0.1 0.121 0.081 0.122 0.057
C 0.125 0.057 0.129 0.056 0.132 0.056
C 0.2 0.056 0.302 0.107 0.302 0.251
L 0.302 0.369
L 0.188 0.369
C 0.172 0.369 0.151 0.372 0.151 0.4
C 0.151 0.43 0.175 0.43 0.189 0.43
L 0.459 0.43
C 0.489 0.43 0.493 0.411 0.493 0.4
C 0.493 0.385 0.487 0.369 0.458 0.369
L 0.372 0.369
L 0.372 -0.033
C 0.372 -0.146 0.426 -0.166 0.462 -0.166
C 0.472 -0.166 0.493 -0.165 0.512 -0.162
C 0.511 -0.158 0.511 -0.154 0.511 -0.151
C 0.511 -0.124 0.531 -0.107 0.555 -0.107
C 0.582 -0.107 0.599 -0.127 0.599 -0.152
C 0.599 -0.179 0.583 -0.207 0.542 -0.219
C 0.527 -0.223 0.502 -0.228 0.463 -0.228
C 0.389 -0.228 0.302 -0.177 0.302 -0.035
L 0.302 0.075
C 0.26 0.026 0.201 -0.005 0.132 -0.005
C 0.056 -0.005 0.037 0.032 0.037 0.057
Z
