M 0 0.816
C 0 0.836 0.011 0.848 0.031 0.848
C 0.06 0.848 0.061 0.823 0.062 0.816
C 0.065 0.77 0.121 0.752 0.257 0.752
C 0.331 0.752 0.456 0.749 0.462 0.814
C 0.462 0.818 0.462 0.848 0.494 0.848
C 0.512 0.848 0.524 0.836 0.524 0.817
C 0.524 0.694 0.352 0.689 0.262 0.689
C 0.157 0.689 0.104 0.7 0.071 0.716
C 0.013 0.743 0 0.789 0 0.816
Z
M 0.078 0.031
C 0.078 0.061 0.101 0.062 0.112 0.062
L 0.227 0.062
L 0.227 0.577
L 0.113 0.577
C 0.102 0.577 0.078 0.578 0.078 0.608
C 0.078 0.622 0.085 0.639 0.112 0.639
L 0.412 0.639
C 0.421 0.639 0.445 0.638 0.445 0.608
C 0.445 0.584 0.429 0.577 0.409 0.577
L 0.297 0.577
L 0.297 0.062
L 0.409 0.062
C 0.429 0.062 0.445 0.055 0.445 0.031
C 0.445 0.002 0.421 0 0.413 0
L 0.112 0
C 0.085 0.001 0.078 0.017 0.078 0.031
Z
