M 0 0.618
C 0 0.638 0.011 0.65 0.031 0.65
C 0.06 0.65 0.061 0.625 0.062 0.618
C 0.065 0.572 0.121 0.554 0.257 0.554
C 0.331 0.554 0.456 0.551 0.462 0.616
C 0.462 0.62 0.462 0.65 0.494 0.65
C 0.512 0.65 0.524 0.638 0.524 0.619
C 0.524 0.496 0.352 0.491 0.262 0.491
C 0.157 0.491 0.104 0.502 0.071 0.518
C 0.013 0.545 0 0.591 0 0.618
Z
M 0.043 0.409
C 0.043 0.428 0.062 0.441 0.077 0.441
C 0.093 0.441 0.103 0.431 0.11 0.416
C 0.161 0.304 0.15 0.225 0.155 0.191
C 0.163 0.132 0.206 0.062 0.283 0.062
C 0.348 0.062 0.413 0.121 0.413 0.218
C 0.413 0.33 0.355 0.383 0.355 0.408
C 0.355 0.427 0.372 0.441 0.389 0.441
C 0.411 0.441 0.421 0.42 0.428 0.408
C 0.468 0.34 0.48 0.272 0.48 0.217
C 0.48 0.098 0.397 -0.005 0.284 -0.005
C 0.18 -0.005 0.095 0.083 0.087 0.2
C 0.084 0.242 0.09 0.296 0.051 0.384
C 0.047 0.392 0.043 0.4 0.043 0.409
Z
