M 0.055 0.217
C 0.055 0.34 0.151 0.44 0.27 0.44
C 0.4 0.44 0.464 0.342 0.464 0.228
C 0.464 0.191 0.445 0.191 0.424 0.191
L 0.126 0.191
C 0.142 0.105 0.217 0.055 0.292 0.055
C 0.32 0.055 0.374 0.064 0.396 0.115
C 0.403 0.134 0.411 0.137 0.429 0.137
C 0.435 0.137 0.464 0.137 0.464 0.109
C 0.464 0.084 0.417 -0.006 0.285 -0.006
C 0.156 -0.006 0.055 0.095 0.055 0.217
Z
M 0.127 0.251
L 0.393 0.251
C 0.384 0.354 0.322 0.379 0.27 0.379
C 0.2 0.379 0.141 0.324 0.127 0.251
Z
M 0.111 -0.144
C 0.111 -0.131 0.119 -0.123 0.127 -0.116
C 0.182 -0.065 0.215 -0.056 0.237 -0.056
C 0.291 -0.056 0.311 -0.11 0.336 -0.11
C 0.369 -0.11 0.405 -0.057 0.427 -0.057
C 0.443 -0.057 0.459 -0.071 0.459 -0.088
C 0.459 -0.101 0.45 -0.109 0.443 -0.116
C 0.421 -0.137 0.376 -0.176 0.332 -0.176
C 0.276 -0.176 0.262 -0.123 0.234 -0.123
C 0.202 -0.123 0.165 -0.176 0.142 -0.176
C 0.123 -0.176 0.111 -0.158 0.111 -0.144
Z
