M -0.012 0.68
C -0.012 0.703 0.03 0.83 0.256 0.83
C 0.336 0.83 0.427 0.816 0.483 0.754
C 0.49 0.746 0.497 0.738 0.497 0.725
C 0.497 0.707 0.484 0.692 0.451 0.68
C 0.45 0.661 0.445 0.646 0.418 0.646
C 0.376 0.646 0.367 0.666 0.367 0.68
C 0.367 0.708 0.407 0.723 0.415 0.727
C 0.391 0.745 0.352 0.769 0.256 0.769
C 0.077 0.769 0.058 0.677 0.053 0.668
C 0.044 0.653 0.031 0.652 0.022 0.652
L 0.02 0.652
C -0.006 0.652 -0.012 0.669 -0.012 0.68
Z
M 0.029 0.304
C 0.029 0.415 0.056 0.622 0.16 0.622
C 0.186 0.622 0.224 0.61 0.224 0.529
C 0.224 0.518 0.224 0.51 0.223 0.507
C 0.219 0.488 0.203 0.472 0.18 0.472
C 0.155 0.472 0.135 0.49 0.135 0.516
C 0.135 0.538 0.15 0.549 0.153 0.552
L 0.152 0.557
C 0.122 0.524 0.1 0.422 0.1 0.305
C 0.1 0.195 0.129 0.051 0.175 0.051
C 0.197 0.051 0.228 0.072 0.228 0.105
L 0.228 0.256
C 0.227 0.257 0.204 0.262 0.204 0.287
C 0.204 0.316 0.229 0.318 0.239 0.318
C 0.241 0.318 0.242 0.317 0.243 0.317
L 0.279 0.317
C 0.28 0.317 0.283 0.318 0.285 0.318
C 0.298 0.318 0.321 0.315 0.321 0.286
C 0.321 0.262 0.298 0.256 0.298 0.256
L 0.298 0.105
C 0.298 0.07 0.331 0.051 0.349 0.051
C 0.357 0.051 0.365 0.054 0.372 0.061
C 0.385 0.075 0.426 0.153 0.426 0.305
C 0.426 0.422 0.403 0.524 0.373 0.557
L 0.373 0.552
C 0.379 0.547 0.39 0.538 0.39 0.516
C 0.39 0.49 0.37 0.472 0.346 0.472
C 0.323 0.472 0.307 0.488 0.303 0.507
C 0.303 0.509 0.301 0.518 0.301 0.531
C 0.301 0.565 0.31 0.622 0.366 0.622
C 0.47 0.622 0.496 0.416 0.496 0.304
C 0.496 0.196 0.468 -0.011 0.357 -0.011
C 0.313 -0.011 0.281 0.013 0.263 0.038
L 0.262 0.038
C 0.228 -0.008 0.185 -0.011 0.169 -0.011
C 0.058 -0.011 0.029 0.197 0.029 0.304
Z
M 0.197 0.642
C 0.197 0.676 0.227 0.718 0.268 0.718
C 0.303 0.718 0.325 0.688 0.325 0.659
C 0.325 0.624 0.294 0.578 0.27 0.577
C 0.25 0.577 0.241 0.595 0.238 0.605
C 0.235 0.604 0.232 0.604 0.229 0.604
C 0.207 0.604 0.197 0.62 0.197 0.642
Z
