M 0.058 0.148
C 0.058 0.186 0.088 0.195 0.102 0.195
C 0.129 0.195 0.147 0.174 0.147 0.151
C 0.147 0.136 0.141 0.127 0.135 0.12
C 0.161 0.075 0.212 0.056 0.261 0.056
C 0.369 0.056 0.396 0.136 0.396 0.202
C 0.396 0.303 0.304 0.355 0.239 0.355
C 0.232 0.355 0.227 0.354 0.22 0.354
C 0.191 0.354 0.185 0.37 0.185 0.388
L 0.185 0.575
C 0.185 0.589 0.188 0.611 0.219 0.611
C 0.255 0.611 0.255 0.587 0.255 0.572
L 0.255 0.416
C 0.39 0.402 0.466 0.307 0.466 0.202
C 0.466 0.074 0.387 -0.005 0.262 -0.005
C 0.148 -0.005 0.058 0.06 0.058 0.148
Z
