M 0.027 0.031
C 0.027 0.059 0.051 0.062 0.061 0.062
L 0.101 0.062
L 0.101 0.577
L 0.063 0.577
C 0.052 0.577 0.027 0.578 0.027 0.607
C 0.027 0.632 0.043 0.639 0.061 0.639
L 0.455 0.639
C 0.49 0.639 0.489 0.615 0.489 0.602
L 0.489 0.516
C 0.489 0.489 0.472 0.482 0.458 0.482
L 0.457 0.483
C 0.444 0.483 0.423 0.484 0.422 0.515
L 0.422 0.577
L 0.171 0.577
L 0.171 0.35
L 0.308 0.35
L 0.308 0.372
C 0.308 0.386 0.31 0.407 0.339 0.407
L 0.343 0.407
C 0.372 0.407 0.375 0.385 0.375 0.372
L 0.375 0.266
C 0.375 0.235 0.356 0.232 0.341 0.232
L 0.34 0.232
C 0.308 0.232 0.308 0.259 0.308 0.268
L 0.308 0.289
L 0.171 0.289
L 0.171 0.062
L 0.227 0.062
C 0.241 0.062 0.263 0.06 0.263 0.031
C 0.263 0.001 0.239 0 0.229 0
L 0.061 0
C 0.043 0 0.027 0.006 0.027 0.031
Z
