M 0 0.769
C 0 0.795 0.016 0.801 0.034 0.801
L 0.492 0.801
C 0.518 0.8 0.524 0.783 0.524 0.769
C 0.524 0.755 0.518 0.738 0.492 0.738
L 0.036 0.738
C 0.017 0.738 0 0.744 0 0.769
Z
M 0.019 0.581
C 0.019 0.611 0.044 0.611 0.059 0.611
L 0.163 0.611
C 0.178 0.611 0.203 0.611 0.203 0.581
C 0.203 0.55 0.181 0.55 0.157 0.55
C 0.167 0.529 0.248 0.365 0.262 0.314
L 0.367 0.55
C 0.343 0.55 0.321 0.55 0.321 0.581
C 0.321 0.611 0.346 0.611 0.361 0.611
L 0.465 0.611
C 0.481 0.611 0.505 0.611 0.505 0.58
C 0.505 0.55 0.48 0.55 0.465 0.55
L 0.444 0.55
L 0.297 0.244
L 0.297 0.061
L 0.322 0.061
C 0.338 0.061 0.362 0.061 0.362 0.03
C 0.362 0 0.337 0 0.322 0
L 0.203 0
C 0.187 0 0.163 0 0.163 0.031
C 0.163 0.061 0.188 0.061 0.203 0.061
L 0.228 0.061
L 0.228 0.244
L 0.08 0.55
L 0.059 0.55
C 0.043 0.55 0.019 0.55 0.019 0.581
Z
