M 0.078 0.028
C 0.078 0.041 0.086 0.048 0.099 0.06
C 0.238 0.187 0.255 0.204 0.273 0.219
L 0.273 0.22
C 0.255 0.235 0.238 0.252 0.099 0.379
C 0.086 0.391 0.078 0.398 0.078 0.411
C 0.078 0.42 0.084 0.439 0.109 0.439
C 0.126 0.439 0.134 0.428 0.143 0.42
L 0.331 0.248
C 0.337 0.243 0.348 0.235 0.348 0.22
C 0.348 0.205 0.339 0.199 0.331 0.191
L 0.143 0.019
C 0.133 0.011 0.126 0 0.109 0
C 0.084 0 0.078 0.019 0.078 0.028
Z
M 0.21 0.029
C 0.21 0.047 0.215 0.046 0.371 0.188
C 0.382 0.198 0.393 0.209 0.405 0.219
L 0.405 0.22
C 0.387 0.235 0.37 0.252 0.231 0.379
C 0.226 0.383 0.21 0.394 0.21 0.411
C 0.21 0.419 0.216 0.439 0.241 0.439
C 0.257 0.439 0.266 0.428 0.275 0.42
L 0.463 0.248
C 0.469 0.243 0.48 0.235 0.48 0.22
C 0.48 0.205 0.471 0.199 0.463 0.191
L 0.275 0.019
C 0.265 0.011 0.258 0 0.241 0
C 0.222 0 0.21 0.015 0.21 0.029
Z
