M 0.115 0.88
C 0.115 0.894 0.119 0.903 0.181 0.936
C 0.189 0.94 0.227 0.962 0.255 0.962
C 0.271 0.962 0.296 0.957 0.301 0.915
C 0.355 0.935 0.379 0.962 0.398 0.962
C 0.415 0.962 0.429 0.946 0.429 0.93
C 0.429 0.911 0.414 0.904 0.384 0.886
C 0.331 0.855 0.307 0.848 0.288 0.848
C 0.272 0.848 0.246 0.853 0.242 0.895
C 0.188 0.875 0.164 0.848 0.145 0.848
C 0.128 0.848 0.115 0.864 0.115 0.88
Z
M 0.114 0.772
C 0.114 0.792 0.128 0.803 0.142 0.803
C 0.17 0.803 0.172 0.77 0.172 0.77
C 0.177 0.75 0.208 0.732 0.272 0.732
C 0.303 0.732 0.355 0.737 0.369 0.763
C 0.373 0.771 0.372 0.803 0.401 0.803
C 0.41 0.803 0.429 0.796 0.429 0.772
C 0.429 0.733 0.397 0.675 0.271 0.675
C 0.147 0.675 0.114 0.733 0.114 0.772
Z
M 0.027 0.03
C 0.027 0.043 0.033 0.053 0.044 0.059
C 0.05 0.061 0.073 0.061 0.087 0.061
L 0.208 0.585
C 0.217 0.623 0.233 0.623 0.262 0.623
C 0.293 0.623 0.307 0.622 0.316 0.584
L 0.437 0.061
C 0.452 0.061 0.474 0.061 0.48 0.058
C 0.492 0.053 0.497 0.043 0.497 0.03
C 0.497 0 0.471 0 0.454 0
L 0.352 0
C 0.334 0 0.31 0 0.31 0.03
C 0.31 0.061 0.33 0.061 0.366 0.061
L 0.343 0.165
L 0.181 0.165
L 0.158 0.061
C 0.194 0.061 0.214 0.061 0.214 0.03
C 0.214 0 0.19 0 0.172 0
L 0.07 0
C 0.053 0 0.027 0 0.027 0.03
Z
M 0.196 0.226
L 0.328 0.226
L 0.262 0.54
Z
