M 0.071 -0.22
C 0.071 -0.191 0.08 -0.125 0.118 -0.125
C 0.132 -0.125 0.148 -0.137 0.148 -0.155
C 0.148 -0.17 0.134 -0.185 0.134 -0.215
C 0.134 -0.243 0.147 -0.271 0.177 -0.271
C 0.201 -0.271 0.225 -0.255 0.229 -0.241
C 0.232 -0.231 0.224 -0.188 0.262 -0.188
C 0.272 -0.188 0.283 -0.193 0.289 -0.204
C 0.299 -0.226 0.285 -0.239 0.307 -0.257
C 0.318 -0.267 0.331 -0.272 0.343 -0.272
C 0.368 -0.272 0.389 -0.252 0.389 -0.215
C 0.389 -0.185 0.376 -0.17 0.376 -0.155
C 0.376 -0.142 0.387 -0.125 0.406 -0.125
C 0.443 -0.125 0.452 -0.194 0.452 -0.22
C 0.452 -0.288 0.41 -0.342 0.347 -0.342
C 0.313 -0.342 0.283 -0.328 0.261 -0.307
C 0.249 -0.319 0.219 -0.342 0.176 -0.342
C 0.113 -0.342 0.071 -0.288 0.071 -0.22
Z
