M 0.023 0.399
C 0.023 0.413 0.03 0.43 0.058 0.43
L 0.14 0.43
C 0.139 0.536 0.208 0.617 0.31 0.617
L 0.313 0.617
C 0.396 0.617 0.454 0.603 0.454 0.546
C 0.454 0.521 0.436 0.501 0.41 0.501
C 0.383 0.501 0.365 0.521 0.365 0.546
L 0.365 0.552
C 0.346 0.555 0.328 0.555 0.308 0.555
C 0.229 0.555 0.209 0.479 0.21 0.43
L 0.363 0.43
C 0.393 0.43 0.398 0.41 0.398 0.399
C 0.398 0.385 0.392 0.369 0.363 0.369
L 0.21 0.369
L 0.21 0.128
C 0.21 0.09 0.223 0.056 0.278 0.056
C 0.317 0.056 0.347 0.086 0.349 0.123
C 0.349 0.133 0.346 0.165 0.384 0.165
C 0.412 0.165 0.42 0.147 0.42 0.126
C 0.42 0.055 0.358 -0.005 0.273 -0.005
C 0.211 -0.005 0.14 0.022 0.14 0.132
L 0.14 0.369
L 0.058 0.369
C 0.03 0.369 0.023 0.385 0.023 0.399
Z
