M 0.055 0.217
C 0.055 0.341 0.153 0.439 0.271 0.439
C 0.39 0.439 0.465 0.353 0.465 0.227
C 0.465 0.192 0.443 0.191 0.426 0.191
L 0.127 0.191
C 0.146 0.094 0.23 0.056 0.292 0.056
C 0.339 0.056 0.377 0.078 0.393 0.112
C 0.399 0.125 0.405 0.137 0.428 0.137
L 0.431 0.137
C 0.457 0.137 0.464 0.12 0.464 0.109
C 0.464 0.099 0.461 0.102 0.461 0.079
L 0.461 -0.092
C 0.461 -0.155 0.494 -0.166 0.516 -0.166
C 0.523 -0.166 0.529 -0.165 0.536 -0.164
L 0.536 -0.156
C 0.536 -0.129 0.556 -0.111 0.58 -0.111
C 0.604 -0.111 0.624 -0.129 0.624 -0.156
C 0.624 -0.199 0.583 -0.227 0.519 -0.227
C 0.478 -0.227 0.398 -0.203 0.398 -0.095
L 0.398 0.022
C 0.369 0.006 0.331 -0.005 0.286 -0.005
C 0.151 -0.005 0.055 0.1 0.055 0.217
Z
M 0.128 0.252
L 0.393 0.252
C 0.382 0.361 0.312 0.377 0.271 0.377
C 0.214 0.377 0.149 0.341 0.128 0.252
Z
