M 0.036 0.031
C 0.036 0.06 0.051 0.062 0.061 0.062
L 0.143 0.062
L 0.143 0.549
L 0.06 0.549
C 0.05 0.549 0.036 0.552 0.036 0.58
C 0.036 0.594 0.04 0.611 0.058 0.611
L 0.165 0.611
C 0.189 0.611 0.187 0.585 0.187 0.572
L 0.187 0.062
L 0.218 0.062
C 0.213 0.053 0.212 0.045 0.212 0.034
C 0.212 0.017 0.216 0.001 0.234 0
L 0.059 0
C 0.04 0 0.036 0.018 0.036 0.031
Z
M 0.218 0.062
C 0.219 0.064 0.221 0.066 0.222 0.068
L 0.422 0.369
L 0.267 0.369
L 0.267 0.343
C 0.267 0.326 0.268 0.301 0.244 0.301
C 0.225 0.301 0.222 0.321 0.223 0.342
L 0.223 0.39
C 0.223 0.408 0.222 0.43 0.246 0.43
L 0.467 0.43
C 0.482 0.43 0.49 0.416 0.49 0.398
C 0.49 0.386 0.486 0.373 0.479 0.362
L 0.279 0.062
L 0.447 0.062
L 0.447 0.103
C 0.447 0.122 0.449 0.14 0.47 0.14
C 0.49 0.14 0.491 0.118 0.491 0.105
L 0.491 0.036
C 0.491 0.001 0.479 0 0.466 0
L 0.272 0
C 0.29 0 0.294 0.017 0.294 0.03
C 0.294 0.054 0.285 0.062 0.271 0.062
L 0.218 0.062
Z
