M 0.016 0.306
C 0.016 0.323 0.028 0.324 0.036 0.324
L 0.064 0.324
L 0.138 0.42
L 0.068 0.508
L 0.042 0.508
C 0.035 0.508 0.02 0.509 0.02 0.527
C 0.02 0.536 0.024 0.545 0.041 0.545
L 0.116 0.545
C 0.125 0.545 0.139 0.545 0.139 0.527
C 0.139 0.52 0.136 0.508 0.118 0.508
L 0.11 0.508
L 0.155 0.449
L 0.199 0.508
L 0.19 0.508
C 0.181 0.508 0.17 0.511 0.17 0.526
C 0.17 0.537 0.175 0.545 0.191 0.545
L 0.266 0.545
C 0.282 0.545 0.288 0.536 0.288 0.527
C 0.288 0.52 0.286 0.508 0.266 0.508
L 0.247 0.508
C 0.237 0.508 0.236 0.503 0.172 0.42
L 0.243 0.33
C 0.249 0.323 0.25 0.324 0.26 0.324
L 0.275 0.324
C 0.291 0.324 0.297 0.315 0.297 0.306
C 0.297 0.289 0.285 0.287 0.274 0.287
L 0.2 0.287
C 0.184 0.287 0.178 0.296 0.178 0.305
C 0.178 0.31 0.18 0.324 0.199 0.324
L 0.208 0.324
L 0.155 0.397
L 0.104 0.324
L 0.114 0.324
C 0.129 0.324 0.135 0.316 0.135 0.307
C 0.135 0.288 0.119 0.287 0.113 0.287
L 0.037 0.287
C 0.022 0.287 0.016 0.297 0.016 0.306
Z
