M 0.136 0.772
C 0.136 0.788 0.148 0.807 0.17 0.807
C 0.177 0.807 0.178 0.806 0.323 0.757
C 0.337 0.752 0.352 0.745 0.352 0.727
C 0.352 0.717 0.346 0.686 0.32 0.686
L 0.319 0.686
C 0.314 0.686 0.31 0.687 0.169 0.735
C 0.151 0.741 0.136 0.75 0.136 0.772
Z
M 0.028 0.031
C 0.028 0.061 0.053 0.061 0.068 0.061
L 0.093 0.061
L 0.093 0.55
L 0.068 0.55
C 0.052 0.55 0.028 0.55 0.028 0.581
C 0.028 0.611 0.053 0.611 0.068 0.611
L 0.136 0.611
C 0.163 0.611 0.178 0.608 0.19 0.575
L 0.374 0.075
L 0.375 0.075
L 0.375 0.55
L 0.35 0.55
C 0.335 0.55 0.31 0.55 0.31 0.58
C 0.31 0.611 0.334 0.611 0.35 0.611
L 0.456 0.611
C 0.472 0.611 0.496 0.611 0.496 0.58
C 0.496 0.55 0.471 0.55 0.456 0.55
L 0.431 0.55
L 0.431 0.041
C 0.431 0.003 0.419 0 0.389 0
C 0.363 0 0.347 0.001 0.334 0.036
L 0.15 0.536
L 0.149 0.536
L 0.149 0.061
L 0.174 0.061
C 0.19 0.061 0.214 0.061 0.214 0.03
C 0.214 0 0.189 0 0.174 0
L 0.068 0
C 0.052 0 0.028 0 0.028 0.031
Z
