M 0.045 0.031
C 0.045 0.059 0.068 0.062 0.082 0.062
L 0.139 0.062
L 0.139 0.369
L 0.082 0.369
C 0.068 0.369 0.045 0.371 0.045 0.399
C 0.045 0.414 0.052 0.43 0.08 0.43
L 0.43 0.43
C 0.466 0.43 0.468 0.411 0.468 0.394
L 0.468 0.342
C 0.468 0.331 0.47 0.301 0.433 0.301
C 0.396 0.301 0.398 0.332 0.398 0.342
L 0.398 0.369
L 0.209 0.369
L 0.209 0.267
L 0.266 0.267
C 0.314 0.265 0.386 0.263 0.44 0.2
C 0.456 0.181 0.494 0.13 0.494 0.025
C 0.494 -0.128 0.399 -0.228 0.296 -0.228
C 0.235 -0.228 0.169 -0.206 0.169 -0.146
C 0.169 -0.121 0.186 -0.101 0.212 -0.101
C 0.236 -0.101 0.255 -0.119 0.255 -0.144
C 0.255 -0.149 0.254 -0.154 0.253 -0.159
C 0.266 -0.163 0.282 -0.166 0.299 -0.166
C 0.374 -0.166 0.425 -0.074 0.425 0.023
C 0.425 0.165 0.337 0.199 0.282 0.205
C 0.27 0.206 0.257 0.207 0.245 0.207
L 0.209 0.207
L 0.209 0.062
L 0.267 0.062
C 0.281 0.062 0.303 0.06 0.303 0.031
C 0.303 0.002 0.279 0 0.268 0
L 0.085 0
C 0.068 0 0.045 0.001 0.045 0.031
Z
