M 0.016 0.401
C 0.016 0.431 0.04 0.431 0.058 0.431
L 0.173 0.431
C 0.192 0.431 0.215 0.431 0.215 0.4
C 0.215 0.37 0.191 0.37 0.173 0.37
L 0.124 0.37
L 0.176 0.072
L 0.177 0.072
C 0.181 0.092 0.221 0.23 0.224 0.237
C 0.235 0.259 0.254 0.259 0.264 0.259
C 0.299 0.259 0.302 0.248 0.32 0.185
C 0.332 0.144 0.345 0.098 0.349 0.072
L 0.35 0.072
L 0.4 0.37
L 0.351 0.37
C 0.332 0.37 0.309 0.37 0.309 0.401
C 0.309 0.431 0.333 0.431 0.351 0.431
L 0.466 0.431
C 0.484 0.431 0.508 0.431 0.508 0.401
C 0.508 0.37 0.487 0.37 0.457 0.37
L 0.397 0.034
C 0.393 0.012 0.39 -0.004 0.353 -0.004
C 0.341 -0.004 0.323 -0.004 0.311 0.013
C 0.307 0.021 0.27 0.138 0.265 0.19
L 0.264 0.19
C 0.261 0.168 0.26 0.154 0.235 0.066
C 0.217 0.005 0.214 -0.004 0.174 -0.004
C 0.134 -0.004 0.131 0.011 0.127 0.034
L 0.067 0.37
C 0.037 0.37 0.016 0.37 0.016 0.401
Z
M 0.1 0.527
C 0.1 0.543 0.111 0.55 0.122 0.557
C 0.247 0.64 0.25 0.644 0.262 0.644
L 0.263 0.644
C 0.273 0.644 0.274 0.643 0.402 0.558
C 0.41 0.553 0.425 0.544 0.425 0.526
C 0.425 0.514 0.41 0.488 0.39 0.488
L 0.388 0.488
C 0.367 0.488 0.277 0.568 0.262 0.568
C 0.255 0.568 0.249 0.562 0.231 0.549
C 0.16 0.498 0.149 0.488 0.135 0.488
C 0.115 0.488 0.1 0.513 0.1 0.527
Z
