M 0.011 -0.191
C 0.011 -0.162 0.035 -0.16 0.048 -0.16
L 0.096 -0.16
L 0.096 0.369
L 0.05 0.369
C 0.036 0.369 0.011 0.369 0.011 0.399
C 0.011 0.414 0.018 0.43 0.047 0.43
L 0.129 0.43
C 0.167 0.43 0.166 0.408 0.166 0.39
L 0.166 0.12
C 0.166 0.09 0.165 0.056 0.245 0.056
C 0.314 0.056 0.352 0.099 0.357 0.136
C 0.358 0.145 0.358 0.153 0.358 0.162
L 0.358 0.369
L 0.317 0.369
C 0.309 0.369 0.3 0.368 0.292 0.371
C 0.279 0.376 0.273 0.387 0.273 0.399
C 0.273 0.409 0.278 0.43 0.309 0.43
L 0.393 0.43
C 0.426 0.43 0.428 0.409 0.428 0.394
L 0.428 0.062
L 0.475 0.062
C 0.486 0.062 0.513 0.06 0.513 0.031
C 0.513 0.006 0.496 0 0.476 0
L 0.394 0
C 0.385 0 0.359 0 0.358 0.032
C 0.323 0.008 0.289 -0.005 0.239 -0.005
C 0.202 -0.005 0.179 0 0.166 0.005
L 0.166 -0.16
L 0.214 -0.16
C 0.224 -0.16 0.251 -0.162 0.251 -0.191
C 0.251 -0.206 0.244 -0.222 0.215 -0.222
L 0.047 -0.222
C 0.038 -0.222 0.011 -0.222 0.011 -0.191
Z
