M 0.023 0.311
C 0.023 0.348 0.052 0.357 0.066 0.357
C 0.088 0.357 0.109 0.34 0.109 0.314
C 0.109 0.3 0.104 0.292 0.099 0.285
C 0.109 0.27 0.118 0.261 0.142 0.255
C 0.163 0.378 0.242 0.439 0.319 0.439
C 0.391 0.439 0.475 0.384 0.475 0.227
C 0.475 0.192 0.454 0.191 0.438 0.191
L 0.211 0.191
C 0.224 0.101 0.286 0.057 0.335 0.057
C 0.357 0.057 0.389 0.068 0.404 0.109
C 0.408 0.12 0.411 0.137 0.439 0.137
L 0.44 0.137
C 0.465 0.137 0.475 0.126 0.475 0.109
C 0.475 0.104 0.474 0.099 0.472 0.093
C 0.446 0.018 0.38 0.004 0.366 -0.003
C 0.363 -0.004 0.262 -0.054 0.262 -0.109
C 0.262 -0.139 0.287 -0.169 0.324 -0.169
C 0.373 -0.169 0.372 -0.124 0.402 -0.124
C 0.416 -0.124 0.434 -0.136 0.434 -0.154
C 0.434 -0.181 0.388 -0.229 0.326 -0.229
C 0.26 -0.229 0.205 -0.177 0.205 -0.109
C 0.205 -0.053 0.243 -0.018 0.27 0.006
C 0.194 0.035 0.147 0.114 0.141 0.193
C 0.034 0.212 0.023 0.283 0.023 0.311
Z
M 0.212 0.252
L 0.405 0.252
C 0.397 0.353 0.353 0.377 0.319 0.377
C 0.276 0.377 0.227 0.337 0.212 0.252
Z
