M 0.029 0.037
L 0.029 0.042
C 0.029 0.062 0.034 0.066 0.049 0.082
L 0.316 0.369
L 0.114 0.369
L 0.114 0.337
C 0.114 0.323 0.111 0.301 0.079 0.301
L 0.076 0.301
C 0.042 0.301 0.044 0.331 0.044 0.342
L 0.044 0.39
C 0.044 0.411 0.045 0.43 0.08 0.43
L 0.386 0.43
C 0.398 0.43 0.42 0.428 0.42 0.396
C 0.42 0.377 0.414 0.371 0.407 0.364
L 0.136 0.074
L 0.216 0.074
C 0.241 0.112 0.309 0.201 0.394 0.201
C 0.451 0.201 0.501 0.163 0.501 0.106
C 0.501 0.064 0.471 0 0.336 0
L 0.248 0
C 0.158 -0.158 0.172 -0.167 0.136 -0.167
C 0.106 -0.167 0.102 -0.146 0.102 -0.138
C 0.102 -0.126 0.124 -0.082 0.169 0
L 0.064 0
C 0.029 0.001 0.029 0.023 0.029 0.037
Z
M 0.299 0.074
L 0.345 0.074
C 0.416 0.074 0.431 0.094 0.431 0.107
C 0.431 0.121 0.418 0.139 0.391 0.139
C 0.354 0.139 0.318 0.098 0.299 0.074
Z
