M 0.011 0.031
C 0.011 0.042 0.016 0.062 0.047 0.062
L 0.061 0.062
L 0.061 0.549
L 0.046 0.549
C 0.037 0.549 0.011 0.551 0.011 0.581
C 0.011 0.592 0.016 0.611 0.047 0.611
L 0.146 0.611
C 0.177 0.611 0.181 0.59 0.181 0.58
C 0.181 0.57 0.177 0.549 0.145 0.549
L 0.131 0.549
L 0.131 0.348
L 0.226 0.348
C 0.308 0.348 0.354 0.264 0.354 0.175
C 0.354 0.107 0.324 0 0.224 0
L 0.046 0
C 0.018 0 0.011 0.016 0.011 0.031
Z
M 0.131 0.062
L 0.213 0.062
C 0.263 0.062 0.284 0.124 0.284 0.175
C 0.284 0.23 0.259 0.287 0.212 0.287
L 0.131 0.287
L 0.131 0.062
Z
M 0.342 0.031
C 0.342 0.041 0.347 0.062 0.378 0.062
L 0.392 0.062
L 0.392 0.549
L 0.376 0.549
C 0.369 0.549 0.342 0.55 0.342 0.58
C 0.342 0.591 0.347 0.611 0.378 0.611
L 0.477 0.611
C 0.505 0.611 0.512 0.595 0.512 0.58
C 0.512 0.553 0.491 0.549 0.476 0.549
L 0.462 0.549
L 0.462 0.062
L 0.476 0.062
C 0.504 0.062 0.512 0.047 0.512 0.031
C 0.512 0.016 0.505 0 0.477 0
L 0.378 0
C 0.349 0 0.342 0.017 0.342 0.031
Z
