M 0.098 -0.174
C 0.098 -0.162 0.104 -0.154 0.118 -0.144
C 0.248 -0.047 0.25 -0.047 0.26 -0.047
L 0.262 -0.047
C 0.273 -0.047 0.274 -0.05 0.406 -0.145
C 0.412 -0.15 0.424 -0.159 0.424 -0.173
C 0.424 -0.189 0.406 -0.212 0.388 -0.212
C 0.37 -0.212 0.302 -0.153 0.26 -0.12
C 0.156 -0.203 0.148 -0.212 0.134 -0.212
C 0.114 -0.212 0.098 -0.188 0.098 -0.174
Z
M 0.032 0.03
C 0.032 0.061 0.056 0.061 0.072 0.061
L 0.109 0.061
L 0.109 0.55
L 0.072 0.55
C 0.057 0.55 0.032 0.55 0.032 0.58
C 0.032 0.611 0.056 0.611 0.072 0.611
L 0.234 0.611
C 0.249 0.611 0.275 0.611 0.275 0.58
C 0.275 0.55 0.248 0.55 0.234 0.55
L 0.178 0.55
L 0.178 0.061
L 0.419 0.061
L 0.419 0.13
C 0.419 0.151 0.419 0.171 0.454 0.171
C 0.488 0.171 0.488 0.15 0.488 0.13
L 0.488 0.041
C 0.488 0.009 0.481 0 0.448 0
L 0.072 0
C 0.057 0 0.032 0 0.032 0.03
Z
