M 0.202 0.727
C 0.202 0.749 0.222 0.754 0.234 0.758
C 0.375 0.806 0.374 0.807 0.384 0.807
C 0.401 0.807 0.418 0.793 0.418 0.772
C 0.418 0.75 0.402 0.741 0.386 0.736
C 0.25 0.69 0.24 0.686 0.234 0.686
C 0.208 0.686 0.202 0.718 0.202 0.727
Z
M 0.019 0.581
C 0.019 0.611 0.044 0.611 0.059 0.611
L 0.163 0.611
C 0.178 0.611 0.203 0.611 0.203 0.581
C 0.203 0.55 0.181 0.55 0.157 0.55
C 0.167 0.529 0.248 0.365 0.262 0.314
L 0.367 0.55
C 0.343 0.55 0.321 0.55 0.321 0.581
C 0.321 0.611 0.346 0.611 0.361 0.611
L 0.465 0.611
C 0.481 0.611 0.505 0.611 0.505 0.58
C 0.505 0.55 0.48 0.55 0.465 0.55
L 0.444 0.55
L 0.297 0.244
L 0.297 0.061
L 0.322 0.061
C 0.338 0.061 0.362 0.061 0.362 0.03
C 0.362 0 0.337 0 0.322 0
L 0.203 0
C 0.187 0 0.163 0 0.163 0.031
C 0.163 0.061 0.188 0.061 0.203 0.061
L 0.228 0.061
L 0.228 0.244
L 0.08 0.55
L 0.059 0.55
C 0.043 0.55 0.019 0.55 0.019 0.581
Z
