M 0.024 0.499
C 0.024 0.512 0.032 0.519 0.084 0.591
C 0.094 0.605 0.102 0.611 0.115 0.611
C 0.132 0.611 0.149 0.598 0.149 0.578
C 0.149 0.56 0.137 0.553 0.081 0.492
C 0.069 0.48 0.063 0.473 0.051 0.473
C 0.037 0.473 0.024 0.483 0.024 0.499
Z
M 0.024 0.499
C 0.024 0.512 0.032 0.519 0.084 0.591
C 0.094 0.605 0.102 0.611 0.115 0.611
C 0.132 0.611 0.149 0.598 0.149 0.578
C 0.149 0.56 0.137 0.553 0.081 0.492
C 0.069 0.48 0.063 0.473 0.051 0.473
C 0.037 0.473 0.024 0.483 0.024 0.499
Z
M 0.048 0.03
C 0.047 0.048 0.056 0.062 0.084 0.062
L 0.107 0.062
C 0.11 0.078 0.114 0.095 0.118 0.111
L 0.23 0.618
C 0.232 0.626 0.238 0.651 0.269 0.651
L 0.294 0.651
C 0.329 0.651 0.333 0.631 0.337 0.612
L 0.449 0.107
C 0.452 0.092 0.456 0.077 0.459 0.062
L 0.483 0.062
C 0.498 0.062 0.518 0.059 0.518 0.032
C 0.518 0.006 0.502 0 0.484 0
L 0.366 0
C 0.352 0 0.331 0.003 0.331 0.031
C 0.331 0.061 0.356 0.062 0.365 0.062
L 0.388 0.062
L 0.363 0.175
L 0.204 0.175
L 0.179 0.062
L 0.2 0.062
C 0.216 0.062 0.236 0.059 0.236 0.031
C 0.236 0.006 0.219 0 0.201 0
L 0.083 0
C 0.052 0 0.048 0.019 0.048 0.03
Z
M 0.218 0.237
L 0.349 0.237
C 0.344 0.267 0.287 0.516 0.283 0.569
L 0.28 0.543
L 0.26 0.437
Z
