M -0.127 0.236
C -0.127 0.288 -0.085 0.323 -0.04 0.323
C 0.012 0.323 0.047 0.28 0.047 0.236
C 0.047 0.188 0.009 0.149 -0.04 0.149
C -0.085 0.149 -0.127 0.186 -0.127 0.236
Z
M -0.038 -0.071
C -0.038 -0.019 0.005 0.016 0.049 0.016
C 0.101 0.016 0.136 -0.026 0.136 -0.071
C 0.136 -0.123 0.093 -0.158 0.049 -0.158
C -0.003 -0.158 -0.038 -0.115 -0.038 -0.071
Z
M -0.038 0.544
C -0.038 0.596 0.005 0.63 0.049 0.63
C 0.101 0.63 0.136 0.588 0.136 0.543
C 0.136 0.491 0.093 0.456 0.049 0.456
C -0.003 0.456 -0.038 0.5 -0.038 0.544
Z
M 0.176 -0.199
C 0.176 -0.154 0.212 -0.111 0.263 -0.111
C 0.315 -0.111 0.35 -0.155 0.35 -0.199
C 0.35 -0.244 0.314 -0.286 0.263 -0.286
C 0.211 -0.286 0.176 -0.243 0.176 -0.199
Z
M 0.176 0.671
C 0.176 0.723 0.219 0.758 0.263 0.758
C 0.317 0.758 0.35 0.714 0.35 0.671
C 0.35 0.619 0.307 0.584 0.263 0.584
C 0.211 0.584 0.176 0.627 0.176 0.671
Z
M 0.39 -0.071
C 0.39 -0.019 0.433 0.016 0.477 0.016
C 0.529 0.016 0.564 -0.026 0.564 -0.071
C 0.564 -0.123 0.521 -0.158 0.477 -0.158
C 0.425 -0.158 0.39 -0.115 0.39 -0.071
Z
M 0.39 0.544
C 0.39 0.596 0.433 0.63 0.477 0.63
C 0.529 0.63 0.564 0.588 0.564 0.543
C 0.564 0.491 0.521 0.456 0.477 0.456
C 0.425 0.456 0.39 0.5 0.39 0.544
Z
M 0.478 0.236
C 0.478 0.281 0.514 0.323 0.565 0.323
C 0.61 0.323 0.652 0.286 0.652 0.236
C 0.652 0.184 0.61 0.149 0.565 0.149
C 0.513 0.149 0.478 0.192 0.478 0.236
Z
