M 0.011 0.58
C 0.011 0.611 0.037 0.611 0.052 0.611
L 0.131 0.611
C 0.147 0.611 0.171 0.611 0.171 0.58
C 0.171 0.55 0.146 0.55 0.131 0.55
L 0.106 0.55
L 0.158 0.154
C 0.165 0.1 0.166 0.081 0.166 0.076
L 0.167 0.076
C 0.172 0.138 0.219 0.338 0.222 0.345
C 0.232 0.367 0.252 0.367 0.262 0.367
C 0.271 0.367 0.294 0.367 0.303 0.344
C 0.304 0.338 0.351 0.14 0.357 0.076
L 0.358 0.076
C 0.359 0.104 0.366 0.156 0.374 0.217
L 0.418 0.55
L 0.393 0.55
C 0.378 0.55 0.353 0.55 0.353 0.58
C 0.353 0.611 0.377 0.611 0.393 0.611
L 0.472 0.611
C 0.487 0.611 0.513 0.611 0.513 0.58
C 0.513 0.55 0.486 0.55 0.475 0.55
L 0.403 0.027
C 0.398 -0.008 0.374 -0.008 0.362 -0.008
C 0.355 -0.008 0.329 -0.008 0.322 0.017
C 0.321 0.019 0.267 0.248 0.263 0.293
L 0.262 0.293
C 0.258 0.253 0.204 0.019 0.201 0.012
C 0.191 -0.008 0.171 -0.008 0.162 -0.008
C 0.15 -0.008 0.126 -0.008 0.121 0.027
L 0.049 0.55
L 0.048 0.55
C 0.039 0.55 0.011 0.55 0.011 0.58
Z
M 0.11 0.768
C 0.11 0.796 0.132 0.819 0.16 0.819
C 0.186 0.819 0.21 0.798 0.21 0.769
C 0.21 0.742 0.189 0.719 0.16 0.719
C 0.134 0.719 0.11 0.739 0.11 0.768
Z
M 0.314 0.768
C 0.314 0.795 0.336 0.819 0.364 0.819
C 0.39 0.819 0.414 0.798 0.414 0.769
C 0.414 0.741 0.393 0.719 0.364 0.719
C 0.334 0.719 0.314 0.743 0.314 0.768
Z
