M 0.052 0.027
L 0.052 0.167
C 0.052 0.18 0.052 0.203 0.087 0.203
C 0.152 0.203 0.091 0.135 0.168 0.081
C 0.2 0.058 0.247 0.05 0.284 0.05
C 0.366 0.05 0.406 0.111 0.406 0.162
C 0.406 0.213 0.37 0.247 0.339 0.261
C 0.314 0.272 0.192 0.295 0.158 0.309
C 0.111 0.328 0.052 0.379 0.052 0.458
C 0.052 0.549 0.133 0.622 0.237 0.622
C 0.301 0.622 0.345 0.601 0.377 0.575
C 0.384 0.598 0.389 0.622 0.415 0.622
C 0.439 0.622 0.445 0.605 0.445 0.584
L 0.445 0.443
C 0.445 0.423 0.438 0.407 0.411 0.407
C 0.372 0.407 0.378 0.429 0.37 0.461
C 0.35 0.536 0.292 0.56 0.237 0.56
C 0.169 0.56 0.118 0.515 0.118 0.462
C 0.118 0.412 0.163 0.384 0.175 0.378
C 0.206 0.362 0.315 0.344 0.35 0.332
C 0.408 0.312 0.472 0.255 0.472 0.165
C 0.472 0.095 0.427 0.014 0.318 -0.009
C 0.361 -0.018 0.41 -0.049 0.41 -0.107
C 0.41 -0.204 0.291 -0.207 0.207 -0.208
L 0.201 -0.208
C 0.176 -0.208 0.166 -0.193 0.166 -0.178
C 0.166 -0.165 0.173 -0.152 0.187 -0.148
C 0.207 -0.143 0.34 -0.158 0.34 -0.107
C 0.34 -0.097 0.333 -0.071 0.285 -0.067
C 0.272 -0.067 0.253 -0.061 0.253 -0.034
C 0.253 -0.02 0.258 -0.012 0.259 -0.01
C 0.196 -0.005 0.157 0.01 0.12 0.035
C 0.114 0.015 0.109 -0.011 0.082 -0.011
C 0.058 -0.011 0.052 0.006 0.052 0.027
Z
