M 0.032 0.119
C 0.032 0.144 0.044 0.228 0.192 0.246
C 0.206 0.248 0.22 0.249 0.234 0.25
L 0.234 0.278
C 0.234 0.289 0.236 0.34 0.196 0.366
C 0.183 0.375 0.172 0.377 0.155 0.377
C 0.146 0.377 0.137 0.377 0.128 0.376
C 0.129 0.372 0.129 0.369 0.129 0.366
C 0.129 0.337 0.106 0.32 0.085 0.32
C 0.066 0.32 0.041 0.334 0.041 0.366
C 0.041 0.395 0.06 0.439 0.158 0.439
C 0.226 0.439 0.261 0.39 0.272 0.368
C 0.288 0.395 0.324 0.439 0.379 0.439
C 0.429 0.439 0.504 0.398 0.504 0.228
C 0.504 0.192 0.484 0.191 0.469 0.191
L 0.292 0.191
C 0.303 0.099 0.356 0.056 0.393 0.056
C 0.437 0.056 0.447 0.111 0.451 0.12
C 0.455 0.129 0.464 0.137 0.477 0.137
C 0.49 0.137 0.504 0.126 0.504 0.109
C 0.504 0.078 0.468 -0.005 0.39 -0.005
C 0.345 -0.005 0.303 0.023 0.277 0.063
C 0.263 0.043 0.225 -0.005 0.147 -0.005
C 0.074 -0.005 0.032 0.06 0.032 0.119
Z
M 0.089 0.118
C 0.089 0.091 0.111 0.056 0.153 0.056
C 0.177 0.056 0.233 0.069 0.233 0.127
L 0.233 0.136
C 0.233 0.148 0.234 0.171 0.234 0.189
C 0.15 0.187 0.089 0.161 0.089 0.118
Z
M 0.293 0.252
L 0.447 0.252
C 0.442 0.343 0.411 0.377 0.38 0.377
C 0.345 0.377 0.304 0.335 0.293 0.252
Z
M 0.148 0.546
C 0.148 0.567 0.167 0.573 0.178 0.578
C 0.311 0.636 0.317 0.639 0.324 0.639
L 0.326 0.639
C 0.343 0.639 0.361 0.625 0.361 0.604
C 0.361 0.582 0.343 0.573 0.331 0.568
C 0.187 0.505 0.192 0.506 0.182 0.506
C 0.16 0.506 0.148 0.532 0.148 0.546
Z
