M 0.057 0.031
C 0.057 0.06 0.082 0.062 0.093 0.062
L 0.227 0.062
L 0.227 0.281
C 0.145 0.219 0.137 0.21 0.122 0.21
C 0.105 0.21 0.092 0.227 0.092 0.242
C 0.092 0.257 0.103 0.265 0.11 0.27
C 0.203 0.34 0.215 0.35 0.227 0.358
L 0.227 0.549
L 0.091 0.549
C 0.063 0.55 0.057 0.569 0.057 0.58
C 0.057 0.609 0.083 0.611 0.092 0.611
L 0.259 0.611
C 0.298 0.611 0.297 0.588 0.297 0.572
L 0.297 0.411
C 0.379 0.473 0.387 0.482 0.402 0.482
C 0.419 0.482 0.432 0.465 0.432 0.45
C 0.432 0.432 0.425 0.43 0.334 0.361
L 0.297 0.334
L 0.297 0.062
L 0.43 0.062
C 0.441 0.062 0.467 0.061 0.467 0.031
C 0.467 0.019 0.462 0 0.432 0
L 0.093 0
C 0.062 0 0.057 0.02 0.057 0.031
Z
