M 0.032 0.032
L 0.032 0.069
C 0.032 0.08 0.031 0.108 0.06 0.108
C 0.075 0.108 0.087 0.097 0.087 0.076
L 0.087 0.062
L 0.151 0.062
C 0.133 0.187 0.041 0.29 0.04 0.424
C 0.04 0.552 0.141 0.65 0.262 0.65
C 0.377 0.65 0.484 0.558 0.484 0.425
C 0.484 0.291 0.392 0.183 0.374 0.062
L 0.438 0.062
L 0.438 0.075
C 0.438 0.104 0.456 0.108 0.465 0.108
C 0.478 0.108 0.492 0.1 0.492 0.074
L 0.492 0.036
C 0.492 0.015 0.489 0 0.457 0
L 0.346 0
C 0.331 0 0.31 0 0.31 0.034
C 0.31 0.169 0.414 0.296 0.414 0.424
C 0.414 0.521 0.34 0.588 0.262 0.588
C 0.183 0.588 0.11 0.52 0.11 0.424
C 0.11 0.298 0.215 0.167 0.215 0.034
C 0.215 0.004 0.197 0 0.181 0
L 0.066 0
C 0.048 0 0.032 0.006 0.032 0.032
Z
