M 0.268 0.562
C 0.268 0.59 0.29 0.612 0.318 0.612
C 0.346 0.612 0.368 0.59 0.368 0.562
C 0.368 0.534 0.346 0.512 0.318 0.512
C 0.29 0.512 0.268 0.534 0.268 0.562
Z
M 0.048 -0.152
C 0.048 -0.123 0.07 -0.106 0.093 -0.106
C 0.114 -0.106 0.137 -0.123 0.137 -0.151
C 0.137 -0.158 0.137 -0.16 0.136 -0.163
C 0.151 -0.165 0.163 -0.167 0.192 -0.167
C 0.215 -0.167 0.246 -0.167 0.273 -0.129
C 0.299 -0.094 0.299 -0.056 0.299 -0.039
L 0.299 0.37
L 0.169 0.37
C 0.154 0.37 0.129 0.37 0.129 0.4
C 0.129 0.431 0.154 0.431 0.17 0.431
L 0.328 0.431
C 0.362 0.431 0.368 0.421 0.368 0.39
L 0.368 -0.044
C 0.368 -0.108 0.332 -0.228 0.187 -0.228
C 0.146 -0.228 0.048 -0.228 0.048 -0.152
Z
