M 0.212 0.722
C 0.212 0.751 0.238 0.772 0.262 0.772
C 0.288 0.772 0.312 0.751 0.312 0.722
C 0.312 0.693 0.288 0.672 0.264 0.672
C 0.234 0.672 0.212 0.695 0.212 0.722
Z
M 0.026 0.497
L 0.026 0.57
C 0.026 0.603 0.034 0.611 0.067 0.611
L 0.458 0.611
C 0.492 0.611 0.498 0.601 0.498 0.57
L 0.498 0.497
C 0.498 0.477 0.498 0.456 0.463 0.456
C 0.429 0.456 0.429 0.478 0.429 0.497
L 0.429 0.55
L 0.297 0.55
L 0.297 0.061
L 0.349 0.061
C 0.365 0.061 0.389 0.061 0.389 0.03
C 0.389 0 0.364 0 0.349 0
L 0.176 0
C 0.16 0 0.136 0 0.136 0.031
C 0.136 0.061 0.161 0.061 0.176 0.061
L 0.228 0.061
L 0.228 0.55
L 0.095 0.55
L 0.095 0.497
C 0.095 0.477 0.095 0.456 0.06 0.456
C 0.026 0.456 0.026 0.478 0.026 0.497
Z
