M 0.082 0.2
C 0.082 0.278 0.142 0.318 0.163 0.33
L 0.163 0.331
C 0.128 0.352 0.082 0.393 0.082 0.46
C 0.082 0.554 0.169 0.616 0.263 0.616
C 0.366 0.616 0.426 0.551 0.426 0.491
C 0.426 0.466 0.409 0.453 0.391 0.453
C 0.377 0.453 0.361 0.462 0.357 0.48
C 0.354 0.493 0.359 0.517 0.322 0.539
C 0.304 0.55 0.283 0.554 0.262 0.554
C 0.193 0.554 0.139 0.512 0.139 0.461
C 0.139 0.389 0.257 0.364 0.295 0.35
C 0.398 0.312 0.442 0.254 0.442 0.189
C 0.442 0.125 0.399 0.079 0.361 0.059
L 0.361 0.058
C 0.396 0.037 0.442 -0.005 0.442 -0.072
C 0.442 -0.166 0.356 -0.228 0.262 -0.228
C 0.176 -0.228 0.098 -0.177 0.098 -0.103
C 0.098 -0.078 0.116 -0.064 0.134 -0.064
C 0.148 -0.064 0.163 -0.073 0.167 -0.091
C 0.17 -0.102 0.165 -0.129 0.202 -0.151
C 0.22 -0.162 0.242 -0.166 0.263 -0.166
C 0.332 -0.166 0.386 -0.123 0.386 -0.072
C 0.386 0 0.267 0.024 0.229 0.038
C 0.091 0.089 0.082 0.168 0.082 0.2
Z
M 0.139 0.2
C 0.139 0.124 0.279 0.096 0.281 0.096
C 0.313 0.096 0.386 0.126 0.386 0.189
C 0.386 0.265 0.247 0.292 0.244 0.292
C 0.212 0.292 0.139 0.263 0.139 0.2
Z
