M 0.043 0.215
C 0.043 0.336 0.099 0.421 0.219 0.436
C 0.217 0.463 0.236 0.483 0.262 0.483
C 0.274 0.483 0.305 0.476 0.305 0.436
C 0.413 0.422 0.481 0.35 0.481 0.214
C 0.481 0.08 0.41 0.01 0.305 -0.002
C 0.307 -0.029 0.288 -0.05 0.262 -0.05
C 0.249 -0.05 0.219 -0.042 0.219 -0.002
C 0.114 0.01 0.043 0.08 0.043 0.215
Z
M 0.113 0.224
C 0.113 0.134 0.148 0.076 0.223 0.06
C 0.227 0.108 0.222 0.145 0.261 0.145
L 0.263 0.145
C 0.301 0.145 0.297 0.112 0.301 0.06
C 0.375 0.076 0.411 0.133 0.411 0.224
C 0.411 0.344 0.336 0.366 0.301 0.374
C 0.297 0.325 0.302 0.288 0.263 0.288
L 0.261 0.288
C 0.223 0.288 0.227 0.322 0.223 0.374
C 0.189 0.367 0.113 0.344 0.113 0.224
Z
