M 0.01 0.031
C 0.01 0.042 0.015 0.062 0.047 0.062
L 0.056 0.062
C 0.061 0.075 0.106 0.175 0.113 0.187
C 0.136 0.228 0.174 0.251 0.218 0.262
C 0.098 0.404 0.102 0.397 0.098 0.405
C 0.092 0.414 0.094 0.425 0.1 0.428
C 0.103 0.43 0.109 0.43 0.113 0.43
L 0.41 0.43
C 0.417 0.43 0.43 0.43 0.43 0.417
C 0.43 0.406 0.429 0.407 0.307 0.262
C 0.385 0.243 0.411 0.19 0.421 0.166
C 0.459 0.082 0.464 0.073 0.468 0.062
L 0.477 0.062
C 0.509 0.062 0.514 0.042 0.514 0.031
C 0.514 0.02 0.509 0 0.477 0
L 0.429 0
C 0.401 0 0.394 0.016 0.394 0.031
C 0.394 0.046 0.401 0.052 0.405 0.056
C 0.336 0.197 0.344 0.198 0.29 0.206
L 0.29 0.062
L 0.296 0.062
C 0.309 0.062 0.333 0.06 0.333 0.031
C 0.333 0.018 0.327 0 0.297 0
L 0.227 0
C 0.195 0 0.191 0.02 0.191 0.031
C 0.191 0.06 0.216 0.062 0.23 0.062
L 0.234 0.062
L 0.234 0.206
C 0.18 0.198 0.186 0.195 0.118 0.056
C 0.13 0.046 0.13 0.036 0.13 0.031
C 0.13 0.016 0.123 0 0.095 0
L 0.047 0
C 0.015 0 0.01 0.02 0.01 0.031
Z
M 0.185 0.369
L 0.237 0.303
L 0.257 0.275
L 0.262 0.267
C 0.274 0.289 0.307 0.329 0.339 0.369
L 0.185 0.369
Z
