M 0.035 0.216
C 0.035 0.339 0.131 0.436 0.241 0.436
C 0.292 0.436 0.325 0.416 0.357 0.385
C 0.356 0.488 0.42 0.555 0.497 0.555
C 0.552 0.555 0.602 0.522 0.602 0.472
C 0.602 0.441 0.578 0.427 0.558 0.427
C 0.536 0.427 0.514 0.444 0.514 0.471
C 0.514 0.477 0.515 0.483 0.517 0.489
C 0.509 0.491 0.501 0.493 0.493 0.493
C 0.467 0.493 0.427 0.469 0.427 0.385
L 0.427 -0.009
C 0.427 -0.012 0.428 -0.016 0.428 -0.019
C 0.428 -0.149 0.342 -0.234 0.236 -0.234
C 0.157 -0.234 0.052 -0.212 0.052 -0.124
C 0.052 -0.096 0.072 -0.078 0.096 -0.078
C 0.122 -0.078 0.141 -0.099 0.141 -0.122
C 0.141 -0.132 0.138 -0.139 0.133 -0.148
C 0.144 -0.155 0.171 -0.172 0.236 -0.172
C 0.298 -0.172 0.358 -0.12 0.358 -0.019
C 0.358 -0.013 0.357 -0.008 0.357 -0.002
L 0.357 0.074
C 0.326 0.045 0.286 0.02 0.23 0.02
C 0.123 0.02 0.035 0.107 0.035 0.216
Z
M 0.105 0.216
C 0.105 0.137 0.168 0.082 0.235 0.082
C 0.295 0.082 0.357 0.131 0.357 0.228
C 0.357 0.232 0.358 0.235 0.358 0.239
C 0.358 0.288 0.32 0.374 0.244 0.374
C 0.175 0.374 0.105 0.31 0.105 0.216
Z
