M 0.015 0.527
C 0.015 0.544 0.029 0.545 0.037 0.545
L 0.112 0.545
C 0.127 0.545 0.134 0.536 0.134 0.527
C 0.134 0.509 0.119 0.508 0.111 0.508
L 0.095 0.508
L 0.153 0.36
L 0.163 0.329
L 0.222 0.508
L 0.204 0.508
C 0.197 0.508 0.181 0.509 0.181 0.527
C 0.181 0.544 0.194 0.545 0.203 0.545
L 0.279 0.545
C 0.294 0.545 0.3 0.537 0.3 0.528
C 0.3 0.522 0.297 0.508 0.277 0.508
L 0.258 0.508
L 0.168 0.247
C 0.139 0.159 0.096 0.152 0.078 0.152
C 0.048 0.152 0.024 0.174 0.024 0.197
C 0.024 0.214 0.036 0.226 0.05 0.226
C 0.063 0.226 0.077 0.217 0.077 0.2
C 0.077 0.196 0.076 0.192 0.075 0.188
C 0.116 0.191 0.125 0.221 0.144 0.281
C 0.146 0.286 0.146 0.287 0.143 0.295
L 0.058 0.508
L 0.038 0.508
C 0.029 0.508 0.015 0.51 0.015 0.527
Z
