M 0.072 -0.039
L 0.072 0.135
C 0.072 0.144 0.071 0.172 0.105 0.172
L 0.109 0.172
C 0.136 0.172 0.14 0.154 0.143 0.144
C 0.165 0.075 0.214 0.056 0.269 0.056
C 0.374 0.056 0.397 0.097 0.397 0.125
C 0.397 0.199 0.239 0.194 0.163 0.219
C 0.098 0.241 0.072 0.28 0.072 0.321
C 0.072 0.368 0.107 0.439 0.263 0.439
C 0.301 0.439 0.331 0.435 0.369 0.418
C 0.375 0.429 0.383 0.439 0.399 0.439
C 0.409 0.439 0.429 0.434 0.429 0.404
L 0.429 0.329
C 0.429 0.304 0.42 0.288 0.397 0.288
C 0.392 0.288 0.388 0.289 0.382 0.29
C 0.336 0.301 0.396 0.377 0.261 0.377
C 0.161 0.377 0.134 0.343 0.134 0.321
C 0.135 0.273 0.237 0.266 0.295 0.256
C 0.328 0.251 0.459 0.23 0.459 0.126
C 0.459 0.074 0.422 -0.005 0.268 -0.005
C 0.192 -0.005 0.156 0.02 0.141 0.031
C 0.142 0.021 0.142 0.021 0.142 0.007
L 0.142 -0.036
C 0.142 -0.064 0.141 -0.152 0.18 -0.164
C 0.19 -0.167 0.201 -0.165 0.211 -0.163
C 0.21 -0.159 0.209 -0.155 0.209 -0.151
C 0.209 -0.124 0.231 -0.107 0.254 -0.107
C 0.28 -0.107 0.298 -0.127 0.298 -0.152
C 0.298 -0.197 0.253 -0.227 0.193 -0.227
C 0.145 -0.227 0.072 -0.195 0.072 -0.039
Z
