M 0.019 0.03
C 0.019 0.061 0.044 0.061 0.06 0.061
L 0.082 0.061
L 0.082 0.55
L 0.06 0.55
C 0.045 0.55 0.019 0.55 0.019 0.58
C 0.019 0.611 0.044 0.611 0.06 0.611
L 0.266 0.611
C 0.399 0.611 0.485 0.461 0.485 0.301
C 0.485 0.14 0.397 0 0.266 0
L 0.06 0
C 0.045 0 0.019 0 0.019 0.03
Z
M 0.151 0.061
L 0.247 0.061
C 0.358 0.061 0.416 0.184 0.416 0.301
C 0.416 0.417 0.36 0.55 0.247 0.55
L 0.151 0.55
L 0.151 0.061
Z
M 0.085 -0.205
C 0.085 -0.175 0.11 -0.174 0.121 -0.174
L 0.148 -0.174
C 0.217 -0.172 0.281 -0.166 0.281 -0.135
C 0.281 -0.127 0.276 -0.118 0.273 -0.113
C 0.239 -0.089 0.218 -0.096 0.204 -0.092
C 0.185 -0.086 0.183 -0.07 0.183 -0.05
L 0.183 -0.018
C 0.183 0.003 0.183 0.03 0.216 0.03
L 0.219 0.03
C 0.256 0.03 0.254 0.002 0.254 -0.012
L 0.254 -0.036
C 0.345 -0.055 0.352 -0.114 0.352 -0.134
C 0.352 -0.233 0.217 -0.235 0.13 -0.235
L 0.118 -0.235
C 0.099 -0.235 0.085 -0.223 0.085 -0.205
Z
