M 0.037 0.306
C 0.037 0.474 0.128 0.622 0.265 0.622
C 0.336 0.622 0.374 0.606 0.385 0.602
C 0.394 0.611 0.403 0.622 0.419 0.622
C 0.451 0.622 0.449 0.592 0.449 0.58
L 0.449 0.527
C 0.449 0.497 0.434 0.492 0.412 0.492
C 0.357 0.492 0.411 0.56 0.274 0.56
C 0.177 0.56 0.107 0.443 0.107 0.306
C 0.107 0.157 0.184 0.051 0.264 0.051
C 0.332 0.051 0.368 0.125 0.377 0.208
L 0.336 0.208
C 0.335 0.208 0.334 0.207 0.332 0.207
C 0.319 0.207 0.295 0.209 0.295 0.238
C 0.295 0.263 0.312 0.269 0.331 0.269
L 0.46 0.269
C 0.471 0.269 0.496 0.268 0.496 0.238
C 0.496 0.224 0.489 0.208 0.461 0.208
L 0.449 0.208
L 0.449 0.037
C 0.449 0.02 0.447 0 0.414 0
L 0.412 0
C 0.377 0 0.379 0.032 0.379 0.041
C 0.348 0.009 0.308 -0.011 0.261 -0.011
C 0.136 -0.011 0.037 0.129 0.037 0.306
Z
M 0.084 0.788
C 0.084 0.807 0.097 0.819 0.115 0.819
C 0.147 0.819 0.145 0.787 0.147 0.779
C 0.155 0.745 0.197 0.717 0.261 0.716
C 0.307 0.716 0.369 0.735 0.375 0.786
C 0.375 0.788 0.375 0.819 0.406 0.819
C 0.423 0.819 0.437 0.808 0.437 0.787
C 0.437 0.713 0.362 0.652 0.26 0.652
C 0.155 0.652 0.084 0.717 0.084 0.788
Z
