M 0.048 0.564
C 0.048 0.609 0.094 0.639 0.149 0.639
C 0.216 0.639 0.252 0.596 0.295 0.596
C 0.351 0.596 0.321 0.639 0.364 0.639
L 0.366 0.639
C 0.384 0.639 0.397 0.627 0.397 0.609
C 0.397 0.566 0.353 0.535 0.295 0.535
C 0.229 0.535 0.192 0.577 0.149 0.577
C 0.093 0.577 0.125 0.535 0.081 0.535
L 0.079 0.535
C 0.061 0.535 0.048 0.546 0.048 0.564
Z
M 0.043 0.409
C 0.043 0.428 0.062 0.441 0.077 0.441
C 0.093 0.441 0.103 0.431 0.11 0.416
C 0.161 0.304 0.15 0.225 0.155 0.191
C 0.163 0.132 0.206 0.062 0.283 0.062
C 0.348 0.062 0.413 0.121 0.413 0.218
C 0.413 0.33 0.355 0.383 0.355 0.408
C 0.355 0.427 0.372 0.441 0.389 0.441
C 0.411 0.441 0.421 0.42 0.428 0.408
C 0.468 0.34 0.48 0.272 0.48 0.217
C 0.48 0.098 0.397 -0.005 0.284 -0.005
C 0.18 -0.005 0.095 0.083 0.087 0.2
C 0.084 0.242 0.09 0.296 0.051 0.384
C 0.047 0.392 0.043 0.4 0.043 0.409
Z
