M 0.035 0.035
L 0.035 0.604
C 0.036 0.638 0.057 0.639 0.073 0.639
L 0.455 0.639
C 0.485 0.639 0.49 0.621 0.49 0.602
L 0.49 0.04
C 0.49 0.03 0.489 0.02 0.485 0.014
C 0.48 0.006 0.471 0 0.461 0
C 0.456 0 0.444 0.003 0.436 0.016
C 0.432 0.023 0.433 0.032 0.433 0.041
L 0.433 0.582
L 0.092 0.582
L 0.092 0.043
C 0.092 0.036 0.092 0.027 0.09 0.02
C 0.086 0.008 0.075 0 0.063 0
C 0.056 0 0.035 0.004 0.035 0.035
Z
M 0.115 0.03
C 0.115 0.044 0.119 0.056 0.137 0.061
L 0.137 0.492
C 0.123 0.497 0.115 0.506 0.115 0.524
C 0.115 0.552 0.139 0.554 0.148 0.554
L 0.187 0.554
C 0.196 0.554 0.221 0.553 0.221 0.523
C 0.221 0.506 0.212 0.498 0.204 0.494
L 0.204 0.305
L 0.32 0.305
L 0.32 0.494
C 0.308 0.501 0.303 0.512 0.303 0.523
C 0.303 0.538 0.311 0.554 0.34 0.554
L 0.374 0.554
C 0.389 0.554 0.41 0.551 0.41 0.524
C 0.41 0.51 0.406 0.497 0.388 0.492
L 0.388 0.061
C 0.402 0.056 0.41 0.048 0.41 0.03
C 0.41 0.006 0.393 0 0.374 0
L 0.338 0
C 0.329 0 0.303 0.001 0.303 0.03
C 0.303 0.039 0.305 0.052 0.32 0.06
L 0.32 0.243
L 0.204 0.243
L 0.204 0.06
C 0.216 0.053 0.222 0.042 0.222 0.031
C 0.222 0.017 0.215 0 0.185 0
L 0.15 0
C 0.131 0 0.115 0.006 0.115 0.03
Z
