M 0.023 0.031
C 0.023 0.06 0.048 0.062 0.058 0.062
L 0.093 0.062
C 0.096 0.072 0.1 0.082 0.103 0.092
L 0.205 0.39
C 0.219 0.431 0.23 0.435 0.265 0.435
C 0.308 0.435 0.312 0.409 0.32 0.386
L 0.414 0.108
C 0.419 0.092 0.425 0.078 0.43 0.062
L 0.461 0.062
C 0.475 0.062 0.5 0.061 0.5 0.031
C 0.5 0.004 0.479 0 0.464 0
L 0.339 0
C 0.323 0 0.302 0.004 0.302 0.031
C 0.302 0.06 0.328 0.062 0.337 0.062
L 0.37 0.062
L 0.261 0.381
L 0.153 0.062
L 0.183 0.062
C 0.197 0.062 0.221 0.06 0.221 0.031
C 0.221 0.015 0.213 0 0.184 0
L 0.059 0
C 0.031 0 0.023 0.015 0.023 0.031
Z
