M 0.028 0.196
C 0.028 0.212 0.041 0.223 0.056 0.223
C 0.069 0.223 0.081 0.214 0.081 0.196
L 0.081 0.19
C 0.088 0.189 0.094 0.187 0.114 0.187
L 0.116 0.187
C 0.129 0.187 0.154 0.188 0.17 0.221
C 0.179 0.24 0.179 0.252 0.179 0.274
L 0.179 0.508
L 0.1 0.508
C 0.092 0.508 0.077 0.509 0.077 0.527
C 0.077 0.536 0.084 0.545 0.099 0.545
L 0.2 0.545
C 0.222 0.545 0.221 0.531 0.221 0.523
L 0.221 0.273
C 0.221 0.236 0.216 0.205 0.186 0.177
C 0.163 0.155 0.139 0.15 0.111 0.15
C 0.069 0.15 0.028 0.159 0.028 0.196
Z
M 0.16 0.621
C 0.16 0.637 0.174 0.654 0.191 0.654
C 0.204 0.654 0.221 0.643 0.221 0.625
C 0.221 0.609 0.207 0.594 0.19 0.594
C 0.175 0.594 0.16 0.605 0.16 0.621
Z
