M 0.032 0.177
C 0.032 0.284 0.089 0.371 0.131 0.423
C 0.138 0.431 0.146 0.441 0.16 0.441
C 0.174 0.441 0.195 0.424 0.195 0.406
C 0.195 0.379 0.099 0.304 0.099 0.177
C 0.099 0.105 0.138 0.056 0.179 0.056
C 0.201 0.056 0.213 0.072 0.227 0.094
C 0.21 0.132 0.202 0.179 0.202 0.211
C 0.202 0.273 0.247 0.279 0.262 0.279
C 0.295 0.279 0.321 0.255 0.321 0.217
C 0.321 0.169 0.312 0.129 0.297 0.094
C 0.316 0.064 0.327 0.056 0.343 0.056
C 0.392 0.056 0.424 0.115 0.424 0.177
C 0.424 0.255 0.384 0.325 0.347 0.372
C 0.339 0.383 0.329 0.394 0.329 0.406
C 0.329 0.42 0.346 0.441 0.364 0.441
C 0.378 0.441 0.386 0.43 0.393 0.422
C 0.436 0.368 0.492 0.282 0.492 0.177
C 0.492 0.076 0.436 -0.005 0.353 -0.005
C 0.31 -0.005 0.282 0.018 0.262 0.039
C 0.244 0.019 0.213 -0.005 0.17 -0.005
C 0.087 -0.005 0.032 0.078 0.032 0.177
Z
M 0.228 -0.089
C 0.228 -0.076 0.229 -0.054 0.262 -0.054
C 0.294 -0.054 0.296 -0.077 0.296 -0.092
L 0.296 -0.143
C 0.296 -0.18 0.271 -0.184 0.262 -0.184
C 0.251 -0.184 0.228 -0.18 0.228 -0.142
L 0.228 -0.089
Z
