M 0.041 0.365
C 0.041 0.436 0.165 0.435 0.212 0.435
L 0.073 0.54
L 0.144 0.54
C 0.158 0.54 0.158 0.539 0.253 0.467
C 0.287 0.507 0.323 0.565 0.365 0.565
C 0.374 0.565 0.376 0.562 0.411 0.515
C 0.358 0.514 0.324 0.483 0.28 0.435
C 0.405 0.425 0.432 0.367 0.432 0.322
C 0.432 0.283 0.402 0.259 0.381 0.244
C 0.428 0.222 0.456 0.185 0.456 0.128
C 0.456 0.044 0.39 0.014 0.309 -0.006
C 0.171 -0.04 0.169 -0.04 0.159 -0.044
C 0.144 -0.051 0.116 -0.07 0.116 -0.108
C 0.116 -0.136 0.133 -0.165 0.166 -0.165
C 0.196 -0.165 0.21 -0.142 0.229 -0.142
C 0.243 -0.142 0.261 -0.156 0.261 -0.173
C 0.261 -0.199 0.209 -0.227 0.166 -0.227
C 0.096 -0.227 0.049 -0.169 0.049 -0.103
C 0.049 -0.036 0.095 0.008 0.144 0.025
C 0.159 0.03 0.176 0.033 0.303 0.065
C 0.338 0.074 0.39 0.084 0.39 0.133
C 0.39 0.197 0.326 0.207 0.244 0.207
L 0.18 0.207
C 0.168 0.207 0.144 0.208 0.144 0.237
C 0.144 0.252 0.155 0.267 0.177 0.267
L 0.228 0.267
C 0.321 0.267 0.369 0.298 0.36 0.33
C 0.346 0.373 0.279 0.374 0.249 0.374
L 0.245 0.374
C 0.215 0.374 0.164 0.374 0.13 0.367
C 0.129 0.338 0.11 0.32 0.085 0.32
C 0.06 0.32 0.041 0.339 0.041 0.365
Z
