M 0.025 0.03
C 0.025 0.059 0.051 0.062 0.06 0.062
L 0.088 0.062
L 0.088 0.549
L 0.062 0.549
C 0.042 0.549 0.025 0.555 0.025 0.579
C 0.025 0.594 0.032 0.611 0.06 0.611
L 0.171 0.611
C 0.203 0.611 0.207 0.591 0.207 0.58
C 0.207 0.55 0.182 0.549 0.17 0.549
L 0.145 0.549
L 0.145 0.348
L 0.186 0.348
C 0.199 0.348 0.199 0.353 0.356 0.549
C 0.339 0.549 0.315 0.55 0.315 0.581
C 0.315 0.596 0.325 0.611 0.349 0.611
L 0.45 0.611
C 0.481 0.611 0.485 0.59 0.485 0.58
C 0.485 0.562 0.472 0.552 0.46 0.55
C 0.454 0.549 0.449 0.549 0.443 0.549
L 0.439 0.549
C 0.425 0.549 0.424 0.543 0.268 0.348
C 0.411 0.338 0.485 0.227 0.485 0.05
C 0.485 -0.108 0.399 -0.228 0.286 -0.228
C 0.189 -0.228 0.157 -0.183 0.157 -0.146
C 0.157 -0.115 0.182 -0.1 0.202 -0.1
C 0.225 -0.1 0.246 -0.117 0.246 -0.144
C 0.246 -0.149 0.245 -0.155 0.244 -0.16
C 0.26 -0.164 0.274 -0.166 0.286 -0.166
C 0.364 -0.166 0.415 -0.065 0.415 0.05
C 0.415 0.164 0.377 0.287 0.226 0.287
L 0.145 0.287
L 0.145 0.062
L 0.17 0.062
C 0.19 0.062 0.207 0.055 0.207 0.031
C 0.207 -0.002 0.176 0 0.171 0
L 0.06 0
C 0.03 0 0.025 0.018 0.025 0.03
Z
