M 0 0.827
C 0 0.847 0.011 0.859 0.031 0.859
C 0.06 0.859 0.061 0.834 0.062 0.827
C 0.065 0.781 0.121 0.763 0.257 0.763
C 0.331 0.763 0.456 0.76 0.462 0.825
C 0.462 0.829 0.462 0.859 0.494 0.859
C 0.512 0.859 0.524 0.847 0.524 0.828
C 0.524 0.705 0.352 0.7 0.262 0.7
C 0.157 0.7 0.104 0.711 0.071 0.727
C 0.013 0.754 0 0.8 0 0.827
Z
M 0.037 0.515
C 0.037 0.574 0.077 0.65 0.153 0.65
C 0.235 0.65 0.256 0.555 0.262 0.5
C 0.268 0.554 0.289 0.65 0.37 0.65
C 0.446 0.65 0.486 0.574 0.486 0.514
C 0.486 0.486 0.466 0.484 0.451 0.484
C 0.396 0.484 0.43 0.53 0.402 0.578
C 0.397 0.585 0.387 0.597 0.371 0.597
C 0.31 0.596 0.297 0.489 0.297 0.365
L 0.297 0.062
L 0.337 0.062
C 0.349 0.062 0.373 0.06 0.373 0.031
C 0.373 0.003 0.353 0 0.338 0
L 0.187 0
C 0.175 0 0.151 0 0.151 0.031
C 0.151 0.059 0.175 0.062 0.186 0.062
L 0.227 0.062
L 0.227 0.365
C 0.225 0.426 0.229 0.597 0.154 0.597
C 0.1 0.597 0.112 0.514 0.103 0.498
C 0.098 0.489 0.089 0.484 0.075 0.484
L 0.072 0.484
C 0.061 0.484 0.037 0.484 0.037 0.515
Z
