M 0.024 0.564
C 0.024 0.609 0.071 0.639 0.126 0.639
C 0.192 0.639 0.23 0.596 0.272 0.596
C 0.329 0.596 0.297 0.639 0.341 0.639
L 0.343 0.639
C 0.361 0.639 0.374 0.627 0.374 0.609
C 0.374 0.564 0.328 0.535 0.272 0.535
C 0.206 0.535 0.169 0.577 0.126 0.577
C 0.069 0.577 0.101 0.535 0.057 0.535
L 0.055 0.535
C 0.036 0.535 0.024 0.545 0.024 0.564
Z
M 0.166 0.134
L 0.166 0.398
C 0.166 0.413 0.167 0.436 0.199 0.436
C 0.226 0.436 0.233 0.419 0.233 0.404
L 0.233 0.139
C 0.233 0.074 0.253 0.062 0.266 0.062
C 0.289 0.062 0.292 0.101 0.293 0.104
C 0.297 0.115 0.307 0.122 0.322 0.122
L 0.324 0.122
C 0.349 0.122 0.358 0.11 0.358 0.091
C 0.358 0.051 0.325 -0.005 0.266 -0.005
C 0.226 -0.005 0.166 0.026 0.166 0.134
Z
