M 0.117 0.776
C 0.117 0.791 0.131 0.804 0.147 0.804
C 0.162 0.804 0.182 0.78 0.261 0.711
L 0.263 0.711
C 0.273 0.721 0.333 0.776 0.345 0.785
C 0.355 0.795 0.365 0.804 0.377 0.804
C 0.385 0.804 0.407 0.799 0.407 0.771
C 0.407 0.762 0.401 0.756 0.287 0.649
C 0.281 0.643 0.273 0.636 0.261 0.636
C 0.251 0.636 0.241 0.643 0.235 0.649
C 0.117 0.762 0.117 0.759 0.117 0.776
Z
M 0.004 0.581
C 0.004 0.611 0.03 0.611 0.045 0.611
L 0.174 0.611
C 0.189 0.611 0.215 0.611 0.215 0.581
C 0.215 0.55 0.189 0.55 0.174 0.55
L 0.144 0.55
L 0.144 0.209
C 0.144 0.102 0.209 0.05 0.262 0.05
C 0.314 0.05 0.38 0.102 0.38 0.209
L 0.38 0.55
L 0.35 0.55
C 0.335 0.55 0.309 0.55 0.309 0.581
C 0.309 0.611 0.335 0.611 0.35 0.611
L 0.479 0.611
C 0.494 0.611 0.52 0.611 0.52 0.581
C 0.52 0.55 0.495 0.55 0.479 0.55
L 0.449 0.55
L 0.449 0.204
C 0.449 0.081 0.362 -0.011 0.262 -0.011
C 0.162 -0.011 0.075 0.081 0.075 0.204
L 0.075 0.55
L 0.045 0.55
C 0.03 0.55 0.004 0.55 0.004 0.581
Z
