M 0.025 0.031
C 0.025 0.059 0.046 0.062 0.062 0.062
L 0.077 0.062
L 0.208 0.583
C 0.216 0.614 0.226 0.623 0.254 0.623
L 0.271 0.623
C 0.311 0.623 0.312 0.599 0.318 0.576
L 0.434 0.116
C 0.439 0.098 0.443 0.08 0.447 0.062
L 0.462 0.062
C 0.482 0.062 0.499 0.056 0.499 0.031
C 0.499 0.02 0.495 0 0.462 0
L 0.384 0
C 0.353 0.001 0.349 0.02 0.349 0.03
C 0.349 0.044 0.357 0.059 0.375 0.062
L 0.339 0.209
L 0.295 0.209
L 0.295 0.062
L 0.297 0.062
C 0.322 0.062 0.331 0.047 0.331 0.032
C 0.331 0.018 0.324 0 0.295 0
L 0.227 0
C 0.201 0 0.194 0.017 0.194 0.031
C 0.194 0.043 0.2 0.062 0.227 0.062
L 0.23 0.062
L 0.23 0.209
L 0.186 0.209
L 0.185 0.208
L 0.149 0.062
C 0.164 0.059 0.176 0.048 0.176 0.031
C 0.176 0.019 0.171 0 0.141 0
L 0.059 0
C 0.032 0 0.025 0.019 0.025 0.031
Z
M 0.201 0.27
L 0.323 0.27
L 0.271 0.495
L 0.262 0.541
L 0.24 0.433
L 0.201 0.271
L 0.201 0.27
Z
