M 0.018 0.216
C 0.018 0.341 0.081 0.439 0.163 0.439
C 0.233 0.439 0.268 0.373 0.279 0.352
C 0.293 0.382 0.328 0.439 0.388 0.439
C 0.435 0.439 0.505 0.4 0.505 0.228
C 0.505 0.192 0.484 0.191 0.47 0.191
L 0.31 0.191
C 0.318 0.11 0.361 0.057 0.399 0.057
C 0.418 0.057 0.435 0.07 0.445 0.101
C 0.449 0.112 0.452 0.137 0.478 0.137
C 0.491 0.137 0.504 0.126 0.504 0.109
C 0.504 0.075 0.47 -0.005 0.397 -0.005
C 0.327 -0.005 0.29 0.065 0.28 0.083
C 0.252 0.025 0.21 -0.005 0.163 -0.005
C 0.077 -0.005 0.018 0.099 0.018 0.216
Z
M 0.075 0.223
C 0.075 0.127 0.118 0.057 0.163 0.057
C 0.206 0.057 0.252 0.126 0.252 0.223
C 0.252 0.315 0.206 0.377 0.163 0.377
C 0.126 0.377 0.075 0.324 0.075 0.223
Z
M 0.31 0.252
L 0.448 0.252
C 0.446 0.315 0.424 0.377 0.389 0.377
C 0.347 0.377 0.316 0.309 0.31 0.252
Z
