M 0.011 0.03
C 0.011 0.06 0.035 0.062 0.048 0.062
L 0.096 0.062
L 0.096 0.444
C 0.096 0.564 0.199 0.617 0.299 0.617
C 0.359 0.617 0.445 0.609 0.445 0.536
C 0.445 0.51 0.427 0.49 0.401 0.49
C 0.377 0.49 0.357 0.509 0.357 0.534
C 0.357 0.539 0.358 0.544 0.359 0.549
C 0.347 0.552 0.326 0.555 0.294 0.555
C 0.211 0.555 0.172 0.504 0.167 0.461
C 0.166 0.452 0.166 0.443 0.166 0.434
L 0.166 0.383
C 0.206 0.42 0.255 0.436 0.298 0.436
C 0.402 0.436 0.428 0.364 0.428 0.286
L 0.428 0.062
L 0.476 0.062
C 0.487 0.062 0.513 0.061 0.513 0.031
C 0.513 0.017 0.506 0 0.477 0
L 0.314 0
C 0.295 0 0.278 0.006 0.278 0.031
C 0.278 0.06 0.303 0.062 0.314 0.062
L 0.358 0.062
L 0.358 0.285
C 0.358 0.335 0.351 0.374 0.292 0.374
C 0.25 0.374 0.166 0.346 0.166 0.234
L 0.166 0.062
L 0.214 0.062
C 0.224 0.062 0.251 0.06 0.251 0.031
C 0.251 0.016 0.244 0 0.215 0
L 0.047 0
C 0.015 0 0.011 0.019 0.011 0.03
Z
