M 0.017 0.031
C 0.017 0.042 0.021 0.062 0.053 0.062
L 0.07 0.062
L 0.07 0.549
L 0.052 0.549
C 0.026 0.549 0.017 0.561 0.017 0.58
C 0.017 0.591 0.021 0.611 0.053 0.611
L 0.119 0.611
C 0.161 0.611 0.165 0.579 0.172 0.559
C 0.222 0.408 0.253 0.315 0.262 0.274
C 0.267 0.305 0.318 0.455 0.358 0.575
C 0.365 0.597 0.377 0.611 0.404 0.611
L 0.472 0.611
C 0.498 0.611 0.508 0.596 0.508 0.581
C 0.508 0.568 0.502 0.549 0.472 0.549
L 0.454 0.549
L 0.454 0.062
L 0.476 0.062
C 0.508 0.062 0.512 0.042 0.512 0.033
C 0.512 0.022 0.503 0.006 0.429 -0.14
C 0.423 -0.152 0.415 -0.166 0.397 -0.166
C 0.38 -0.165 0.37 -0.151 0.37 -0.138
C 0.37 -0.129 0.369 -0.132 0.436 0
L 0.382 0
C 0.368 0 0.345 0.001 0.345 0.03
C 0.345 0.055 0.362 0.062 0.381 0.062
L 0.398 0.062
L 0.398 0.515
L 0.397 0.541
C 0.392 0.511 0.343 0.362 0.304 0.245
C 0.299 0.23 0.291 0.204 0.262 0.204
C 0.229 0.204 0.222 0.238 0.207 0.283
C 0.14 0.488 0.133 0.515 0.127 0.541
L 0.127 0.062
L 0.144 0.062
C 0.163 0.062 0.179 0.056 0.179 0.031
C 0.179 0.017 0.172 0 0.144 0
L 0.052 0
C 0.035 0 0.017 0.006 0.017 0.031
Z
