M 0.022 0.032
C 0.022 0.06 0.048 0.062 0.057 0.062
L 0.09 0.062
L 0.09 0.549
L 0.057 0.549
C 0.046 0.549 0.022 0.551 0.022 0.58
C 0.022 0.591 0.027 0.611 0.057 0.611
L 0.403 0.611
C 0.441 0.611 0.44 0.585 0.44 0.573
L 0.44 0.487
C 0.44 0.472 0.434 0.456 0.406 0.455
L 0.405 0.455
C 0.392 0.455 0.371 0.455 0.37 0.488
L 0.37 0.549
L 0.16 0.549
L 0.16 0.348
L 0.305 0.348
C 0.432 0.348 0.482 0.248 0.482 0.174
C 0.482 0.115 0.446 0 0.302 0
L 0.057 0
C 0.042 0 0.022 0.005 0.022 0.032
Z
M 0.16 0.062
L 0.288 0.062
C 0.372 0.062 0.411 0.123 0.411 0.174
C 0.411 0.226 0.37 0.287 0.29 0.287
L 0.16 0.287
L 0.16 0.062
Z
