M 0.112 0.769
C 0.112 0.798 0.136 0.819 0.162 0.819
C 0.188 0.819 0.212 0.798 0.212 0.769
C 0.212 0.74 0.188 0.719 0.162 0.719
C 0.132 0.719 0.112 0.743 0.112 0.769
Z
M 0.316 0.769
C 0.316 0.795 0.337 0.819 0.366 0.819
C 0.392 0.819 0.416 0.798 0.416 0.769
C 0.416 0.74 0.391 0.719 0.367 0.719
C 0.337 0.719 0.316 0.742 0.316 0.769
Z
M 0.056 0.169
C 0.056 0.195 0.073 0.202 0.089 0.202
L 0.091 0.202
C 0.102 0.202 0.116 0.2 0.123 0.185
C 0.131 0.168 0.113 0.05 0.261 0.05
C 0.355 0.05 0.409 0.114 0.409 0.169
C 0.409 0.232 0.346 0.287 0.262 0.287
L 0.208 0.287
C 0.184 0.288 0.173 0.303 0.173 0.318
C 0.173 0.333 0.184 0.348 0.205 0.348
L 0.263 0.348
C 0.356 0.348 0.386 0.414 0.386 0.454
C 0.386 0.51 0.334 0.56 0.263 0.56
C 0.226 0.56 0.148 0.547 0.136 0.435
C 0.134 0.414 0.13 0.399 0.099 0.399
C 0.064 0.399 0.065 0.425 0.065 0.441
L 0.065 0.588
C 0.065 0.615 0.083 0.622 0.095 0.622
C 0.114 0.622 0.123 0.607 0.142 0.586
C 0.172 0.607 0.21 0.622 0.262 0.622
C 0.369 0.622 0.456 0.548 0.456 0.454
C 0.456 0.373 0.392 0.331 0.374 0.319
C 0.46 0.277 0.479 0.208 0.479 0.17
C 0.479 0.074 0.389 -0.011 0.262 -0.011
C 0.097 -0.011 0.056 0.1 0.056 0.169
Z
