M 0.027 0.031
C 0.027 0.057 0.047 0.062 0.064 0.062
L 0.086 0.062
L 0.204 0.573
C 0.142 0.608 0.136 0.67 0.136 0.694
C 0.136 0.762 0.183 0.827 0.252 0.827
C 0.32 0.827 0.369 0.763 0.369 0.694
C 0.369 0.653 0.352 0.609 0.317 0.584
L 0.437 0.062
L 0.459 0.062
C 0.479 0.062 0.496 0.056 0.496 0.031
C 0.496 0.002 0.473 0 0.461 0
L 0.345 0
C 0.316 0 0.309 0.016 0.309 0.031
C 0.309 0.047 0.317 0.062 0.345 0.062
L 0.365 0.062
L 0.342 0.164
L 0.182 0.164
L 0.158 0.062
L 0.179 0.062
C 0.208 0.062 0.215 0.046 0.215 0.031
C 0.215 0.015 0.207 0 0.179 0
L 0.063 0
C 0.051 0 0.027 0.002 0.027 0.031
Z
M 0.194 0.695
C 0.194 0.657 0.221 0.624 0.252 0.624
C 0.288 0.624 0.31 0.661 0.31 0.695
C 0.31 0.739 0.281 0.765 0.251 0.765
C 0.223 0.765 0.194 0.738 0.194 0.695
Z
M 0.196 0.225
L 0.328 0.225
C 0.279 0.445 0.265 0.509 0.262 0.541
L 0.237 0.411
Z
