M 0.003 0.031
C 0.003 0.06 0.027 0.062 0.04 0.062
L 0.062 0.062
L 0.062 0.369
L 0.04 0.369
C 0.022 0.369 0.003 0.374 0.003 0.4
C 0.003 0.413 0.01 0.43 0.038 0.43
L 0.131 0.43
C 0.146 0.43 0.167 0.427 0.167 0.4
C 0.167 0.385 0.159 0.369 0.131 0.369
L 0.118 0.369
L 0.118 0.062
L 0.234 0.062
L 0.234 0.369
L 0.221 0.369
C 0.193 0.369 0.186 0.384 0.186 0.399
C 0.186 0.413 0.192 0.43 0.22 0.43
L 0.303 0.43
C 0.329 0.43 0.339 0.416 0.339 0.401
C 0.339 0.389 0.334 0.369 0.304 0.369
L 0.291 0.369
L 0.291 0.062
L 0.406 0.062
L 0.406 0.369
L 0.393 0.369
C 0.365 0.369 0.357 0.385 0.357 0.4
C 0.357 0.416 0.365 0.43 0.393 0.43
L 0.486 0.43
C 0.515 0.43 0.521 0.412 0.521 0.4
C 0.521 0.388 0.516 0.369 0.484 0.369
L 0.462 0.369
L 0.462 0.062
L 0.489 0.062
C 0.506 0.062 0.527 0.061 0.527 0.025
L 0.527 -0.102
C 0.528 -0.134 0.508 -0.138 0.499 -0.138
C 0.468 -0.138 0.47 -0.108 0.47 -0.098
L 0.47 0
L 0.039 0
C 0.029 0 0.003 0.001 0.003 0.031
Z
