M 0.019 0.358
C 0.019 0.396 0.047 0.431 0.14 0.437
L 0.14 0.454
C 0.14 0.505 0.11 0.513 0.091 0.513
C 0.086 0.513 0.082 0.512 0.077 0.512
C 0.08 0.49 0.065 0.479 0.051 0.479
C 0.038 0.479 0.024 0.488 0.024 0.506
C 0.024 0.533 0.054 0.551 0.088 0.551
C 0.116 0.551 0.147 0.538 0.163 0.508
C 0.179 0.536 0.204 0.551 0.228 0.551
C 0.266 0.551 0.302 0.513 0.303 0.426
C 0.303 0.416 0.303 0.402 0.279 0.402
L 0.175 0.402
C 0.181 0.358 0.208 0.321 0.236 0.321
C 0.273 0.321 0.26 0.369 0.286 0.369
C 0.297 0.369 0.302 0.362 0.302 0.351
C 0.302 0.326 0.274 0.284 0.233 0.284
C 0.206 0.284 0.181 0.301 0.166 0.325
C 0.146 0.297 0.118 0.283 0.091 0.283
C 0.048 0.283 0.019 0.317 0.019 0.358
Z
M 0.054 0.357
C 0.054 0.346 0.061 0.321 0.093 0.321
C 0.112 0.321 0.132 0.331 0.138 0.349
C 0.139 0.353 0.14 0.375 0.14 0.4
C 0.09 0.398 0.054 0.383 0.054 0.357
Z
M 0.176 0.438
L 0.268 0.438
C 0.265 0.491 0.247 0.513 0.228 0.513
C 0.206 0.513 0.182 0.485 0.176 0.438
Z
