M 0.043 0.215
C 0.043 0.342 0.144 0.439 0.26 0.439
C 0.306 0.439 0.341 0.426 0.375 0.404
C 0.391 0.432 0.398 0.439 0.414 0.439
C 0.425 0.439 0.445 0.435 0.445 0.403
L 0.445 0.295
C 0.445 0.266 0.43 0.258 0.407 0.258
C 0.359 0.258 0.392 0.304 0.338 0.351
C 0.32 0.366 0.296 0.377 0.265 0.377
C 0.185 0.377 0.113 0.307 0.113 0.215
C 0.113 0.125 0.183 0.053 0.265 0.053
C 0.315 0.053 0.355 0.083 0.37 0.124
L 0.333 0.124
C 0.325 0.124 0.316 0.123 0.308 0.127
C 0.297 0.133 0.293 0.143 0.293 0.152
C 0.293 0.16 0.296 0.18 0.328 0.18
L 0.454 0.18
C 0.484 0.18 0.49 0.163 0.49 0.152
C 0.49 0.144 0.487 0.125 0.456 0.124
L 0.445 0.124
L 0.445 0.035
C 0.445 0.001 0.421 0 0.41 0
C 0.401 0 0.381 0 0.375 0.025
C 0.341 0.004 0.306 -0.008 0.261 -0.008
C 0.136 -0.008 0.043 0.096 0.043 0.215
Z
