M 0 0.549
C 0 0.58 0.026 0.611 0.062 0.611
C 0.099 0.611 0.123 0.58 0.123 0.549
C 0.123 0.518 0.098 0.488 0.062 0.488
C 0.025 0.488 0 0.517 0 0.549
Z
M 0.055 0.545
L 0.061 0.544
L 0.063 0.544
L 0.066 0.546
L 0.068 0.549
L 0.069 0.553
L 0.063 0.554
L 0.06 0.554
L 0.058 0.553
L 0.056 0.55
Z
M 0.154 0.306
C 0.154 0.472 0.228 0.622 0.338 0.622
C 0.377 0.622 0.403 0.607 0.427 0.587
C 0.435 0.604 0.442 0.622 0.464 0.622
C 0.498 0.622 0.494 0.585 0.494 0.583
L 0.494 0.436
C 0.494 0.427 0.495 0.4 0.46 0.4
C 0.408 0.4 0.435 0.436 0.406 0.505
C 0.39 0.542 0.368 0.56 0.343 0.56
C 0.277 0.56 0.224 0.438 0.224 0.303
C 0.224 0.174 0.277 0.051 0.342 0.051
C 0.384 0.051 0.418 0.095 0.423 0.16
C 0.424 0.171 0.421 0.202 0.456 0.202
L 0.458 0.202
C 0.486 0.202 0.494 0.186 0.494 0.17
C 0.494 0.085 0.436 -0.011 0.339 -0.011
C 0.228 -0.011 0.154 0.135 0.154 0.306
Z
