M 0.015 0.399
C 0.015 0.424 0.032 0.43 0.052 0.43
L 0.214 0.43
C 0.229 0.43 0.25 0.426 0.25 0.399
C 0.25 0.37 0.226 0.369 0.213 0.369
L 0.165 0.369
L 0.165 0.145
C 0.165 0.096 0.173 0.056 0.232 0.056
C 0.274 0.056 0.358 0.084 0.358 0.196
L 0.358 0.369
L 0.31 0.369
C 0.299 0.369 0.273 0.37 0.273 0.399
C 0.273 0.412 0.279 0.43 0.309 0.43
L 0.476 0.43
C 0.492 0.43 0.512 0.427 0.512 0.4
C 0.512 0.371 0.488 0.369 0.475 0.369
L 0.428 0.369
L 0.428 -0.16
L 0.48 -0.16
C 0.507 -0.161 0.512 -0.179 0.512 -0.192
C 0.512 -0.202 0.508 -0.222 0.477 -0.222
L 0.395 -0.222
C 0.36 -0.222 0.357 -0.203 0.357 -0.185
C 0.357 -0.183 0.358 -0.181 0.358 -0.179
L 0.358 0.047
C 0.318 0.01 0.269 -0.006 0.226 -0.006
C 0.148 -0.006 0.095 0.035 0.095 0.143
L 0.095 0.369
L 0.052 0.369
C 0.04 0.369 0.015 0.37 0.015 0.399
Z
