M -0.063 0.499
C -0.063 0.512 -0.055 0.519 -0.003 0.591
C 0.007 0.605 0.015 0.611 0.028 0.611
C 0.045 0.611 0.062 0.598 0.062 0.578
C 0.062 0.56 0.05 0.553 -0.006 0.492
C -0.018 0.48 -0.024 0.473 -0.036 0.473
C -0.05 0.473 -0.063 0.483 -0.063 0.499
Z
M -0.063 0.499
C -0.063 0.512 -0.055 0.519 -0.003 0.591
C 0.007 0.605 0.015 0.611 0.028 0.611
C 0.045 0.611 0.062 0.598 0.062 0.578
C 0.062 0.56 0.05 0.553 -0.006 0.492
C -0.018 0.48 -0.024 0.473 -0.036 0.473
C -0.05 0.473 -0.063 0.483 -0.063 0.499
Z
M 0.053 0.032
L 0.053 0.069
C 0.053 0.08 0.052 0.108 0.081 0.108
C 0.096 0.108 0.108 0.097 0.108 0.076
L 0.108 0.062
L 0.172 0.062
C 0.154 0.187 0.062 0.29 0.061 0.424
C 0.061 0.552 0.162 0.65 0.283 0.65
C 0.398 0.65 0.505 0.558 0.505 0.425
C 0.505 0.291 0.413 0.183 0.395 0.062
L 0.459 0.062
L 0.459 0.075
C 0.459 0.104 0.477 0.108 0.486 0.108
C 0.499 0.108 0.513 0.1 0.513 0.074
L 0.513 0.036
C 0.513 0.015 0.51 0 0.478 0
L 0.367 0
C 0.352 0 0.331 0 0.331 0.034
C 0.331 0.169 0.435 0.296 0.435 0.424
C 0.435 0.521 0.361 0.588 0.283 0.588
C 0.204 0.588 0.131 0.52 0.131 0.424
C 0.131 0.298 0.236 0.167 0.236 0.034
C 0.236 0.004 0.218 0 0.202 0
L 0.087 0
C 0.069 0 0.053 0.006 0.053 0.032
Z
