M 0.02 0.215
C 0.02 0.328 0.066 0.436 0.135 0.436
C 0.161 0.436 0.182 0.418 0.2 0.391
L 0.2 0.549
L 0.177 0.549
C 0.164 0.549 0.153 0.554 0.153 0.578
C 0.153 0.593 0.157 0.611 0.174 0.611
L 0.219 0.611
C 0.237 0.611 0.239 0.59 0.239 0.578
L 0.239 0.062
L 0.247 0.062
C 0.243 0.055 0.241 0.044 0.241 0.034
C 0.241 0.018 0.245 0.001 0.261 0
L 0.219 0
C 0.203 0 0.2 0.02 0.2 0.036
L 0.2 0.051
C 0.184 0.02 0.16 -0.005 0.13 -0.005
C 0.064 -0.005 0.02 0.105 0.02 0.215
Z
M 0.059 0.214
C 0.059 0.133 0.089 0.056 0.132 0.056
C 0.173 0.056 0.2 0.13 0.2 0.197
L 0.2 0.262
C 0.2 0.333 0.165 0.374 0.137 0.374
C 0.09 0.374 0.059 0.294 0.059 0.214
Z
M 0.247 0.062
L 0.25 0.068
L 0.428 0.369
L 0.29 0.369
L 0.29 0.343
C 0.29 0.314 0.286 0.301 0.27 0.301
C 0.254 0.301 0.249 0.318 0.25 0.342
L 0.25 0.39
C 0.25 0.41 0.25 0.43 0.272 0.43
L 0.468 0.43
C 0.484 0.43 0.487 0.412 0.487 0.395
C 0.487 0.378 0.484 0.37 0.479 0.362
L 0.301 0.062
L 0.45 0.062
L 0.45 0.104
C 0.45 0.12 0.451 0.14 0.47 0.14
C 0.482 0.14 0.489 0.131 0.489 0.104
L 0.489 0.036
C 0.489 0.001 0.478 0 0.467 0
L 0.269 0
C 0.283 0.001 0.287 0.018 0.287 0.031
C 0.287 0.06 0.273 0.062 0.266 0.062
L 0.247 0.062
Z
