M 0.158 0.668
C 0.158 0.685 0.171 0.692 0.185 0.701
C 0.342 0.803 0.346 0.807 0.359 0.807
C 0.375 0.807 0.387 0.794 0.387 0.78
C 0.387 0.76 0.365 0.75 0.361 0.747
C 0.195 0.64 0.197 0.64 0.185 0.64
C 0.17 0.64 0.158 0.653 0.158 0.668
Z
M 0.093 0.521
C 0.093 0.543 0.118 0.552 0.143 0.564
C 0.25 0.617 0.258 0.623 0.269 0.623
C 0.28 0.623 0.303 0.61 0.419 0.553
C 0.429 0.548 0.446 0.54 0.446 0.521
C 0.446 0.507 0.434 0.493 0.419 0.493
C 0.399 0.493 0.284 0.561 0.269 0.561
C 0.263 0.561 0.259 0.557 0.141 0.499
C 0.135 0.496 0.128 0.493 0.121 0.493
C 0.107 0.493 0.093 0.504 0.093 0.521
Z
M 0.055 0.217
C 0.055 0.34 0.151 0.44 0.27 0.44
C 0.4 0.44 0.464 0.342 0.464 0.228
C 0.464 0.191 0.445 0.191 0.424 0.191
L 0.126 0.191
C 0.142 0.105 0.217 0.055 0.292 0.055
C 0.32 0.055 0.374 0.064 0.396 0.115
C 0.403 0.134 0.411 0.137 0.429 0.137
C 0.435 0.137 0.464 0.137 0.464 0.109
C 0.464 0.084 0.417 -0.006 0.285 -0.006
C 0.156 -0.006 0.055 0.095 0.055 0.217
Z
M 0.127 0.251
L 0.393 0.251
C 0.384 0.354 0.322 0.379 0.27 0.379
C 0.2 0.379 0.141 0.324 0.127 0.251
Z
