M 0.014 0.512
C 0.014 0.54 0.057 0.65 0.253 0.65
C 0.39 0.65 0.47 0.591 0.47 0.544
C 0.47 0.539 0.47 0.533 0.469 0.528
C 0.476 0.522 0.482 0.514 0.482 0.502
C 0.482 0.482 0.468 0.471 0.452 0.471
C 0.435 0.471 0.414 0.482 0.409 0.509
C 0.404 0.531 0.412 0.537 0.381 0.558
C 0.361 0.572 0.323 0.588 0.252 0.588
C 0.222 0.588 0.111 0.584 0.084 0.51
C 0.081 0.503 0.077 0.483 0.05 0.483
L 0.049 0.483
C 0.017 0.483 0.014 0.505 0.014 0.512
Z
M 0.182 0.463
C 0.182 0.502 0.216 0.546 0.263 0.546
C 0.302 0.546 0.331 0.518 0.331 0.487
C 0.331 0.456 0.295 0.409 0.272 0.409
C 0.256 0.409 0.241 0.423 0.241 0.44
C 0.241 0.456 0.25 0.457 0.266 0.481
C 0.239 0.479 0.244 0.457 0.239 0.446
C 0.233 0.434 0.224 0.429 0.214 0.429
C 0.198 0.429 0.182 0.442 0.182 0.463
Z
M 0.004 0.216
C 0.004 0.336 0.066 0.439 0.151 0.439
C 0.201 0.439 0.223 0.401 0.223 0.367
C 0.223 0.335 0.2 0.322 0.18 0.322
C 0.157 0.322 0.137 0.339 0.137 0.366
C 0.137 0.369 0.138 0.371 0.138 0.374
C 0.092 0.35 0.074 0.273 0.074 0.216
C 0.074 0.153 0.102 0.056 0.168 0.056
C 0.181 0.056 0.227 0.064 0.227 0.113
L 0.227 0.205
C 0.205 0.205 0.195 0.221 0.195 0.236
C 0.195 0.246 0.199 0.267 0.229 0.267
L 0.293 0.267
C 0.308 0.267 0.33 0.265 0.33 0.236
C 0.33 0.221 0.32 0.205 0.297 0.205
L 0.297 0.113
C 0.297 0.075 0.329 0.056 0.356 0.056
C 0.41 0.056 0.451 0.131 0.451 0.216
C 0.451 0.296 0.422 0.356 0.387 0.374
L 0.387 0.366
C 0.387 0.338 0.366 0.322 0.344 0.322
C 0.329 0.322 0.301 0.332 0.301 0.367
C 0.301 0.405 0.33 0.439 0.374 0.439
C 0.459 0.439 0.521 0.336 0.521 0.216
C 0.521 0.093 0.452 -0.005 0.362 -0.005
C 0.322 -0.005 0.288 0.012 0.263 0.043
L 0.262 0.043
C 0.237 0.012 0.202 -0.005 0.162 -0.005
C 0.072 -0.005 0.004 0.093 0.004 0.216
Z
