M 0.081 0.07
C 0.081 0.095 0.1 0.112 0.122 0.112
C 0.144 0.112 0.162 0.097 0.162 0.07
C 0.162 0.067 0.161 0.064 0.161 0.061
C 0.181 0.054 0.207 0.053 0.234 0.053
C 0.276 0.053 0.334 0.063 0.334 0.1
L 0.334 0.374
L 0.289 0.374
C 0.28 0.374 0.27 0.373 0.262 0.377
C 0.252 0.382 0.246 0.392 0.246 0.402
C 0.246 0.409 0.249 0.43 0.282 0.43
L 0.418 0.43
C 0.427 0.43 0.454 0.429 0.454 0.402
C 0.454 0.394 0.45 0.374 0.419 0.374
L 0.404 0.374
L 0.404 0.103
C 0.404 0.082 0.405 0.039 0.336 0.009
C 0.298 -0.007 0.263 -0.008 0.232 -0.008
L 0.224 -0.008
C 0.179 -0.008 0.081 -0.007 0.081 0.07
Z
