M 0.023 0.506
L 0.023 0.555
C 0.023 0.566 0.023 0.59 0.058 0.59
L 0.145 0.59
L 0.145 0.632
L 0.121 0.632
C 0.113 0.632 0.087 0.634 0.087 0.663
C 0.087 0.678 0.094 0.694 0.123 0.694
L 0.238 0.694
C 0.267 0.694 0.274 0.676 0.274 0.663
C 0.274 0.651 0.269 0.632 0.237 0.632
L 0.215 0.632
L 0.215 0.59
L 0.391 0.59
C 0.404 0.59 0.429 0.588 0.428 0.556
L 0.428 0.506
C 0.428 0.487 0.428 0.465 0.395 0.465
C 0.378 0.465 0.358 0.467 0.358 0.503
L 0.358 0.528
L 0.215 0.528
L 0.215 0.348
L 0.334 0.348
C 0.443 0.348 0.488 0.25 0.488 0.174
C 0.488 0.095 0.442 0 0.332 0
L 0.122 0
C 0.091 0 0.087 0.021 0.087 0.031
C 0.087 0.043 0.091 0.062 0.123 0.062
L 0.145 0.062
L 0.145 0.528
L 0.093 0.528
L 0.093 0.507
C 0.093 0.489 0.094 0.465 0.056 0.465
L 0.055 0.465
C 0.02 0.465 0.023 0.498 0.023 0.506
Z
M 0.215 0.062
L 0.321 0.062
C 0.379 0.062 0.418 0.114 0.418 0.174
C 0.418 0.232 0.381 0.287 0.321 0.287
L 0.215 0.287
L 0.215 0.062
Z
