M 0.006 0.633
C 0.006 0.642 0.012 0.651 0.022 0.653
L 0.078 0.653
C 0.101 0.653 0.1 0.64 0.1 0.63
L 0.1 0.519
C 0.125 0.539 0.151 0.548 0.176 0.548
C 0.24 0.548 0.294 0.488 0.294 0.417
C 0.294 0.352 0.246 0.283 0.17 0.283
C 0.131 0.283 0.11 0.304 0.1 0.314
C 0.1 0.299 0.1 0.287 0.079 0.287
C 0.057 0.287 0.058 0.301 0.058 0.311
L 0.058 0.616
L 0.026 0.616
C 0.012 0.616 0.006 0.624 0.006 0.633
Z
M 0.1 0.403
C 0.1 0.352 0.134 0.321 0.171 0.321
C 0.218 0.321 0.251 0.37 0.251 0.416
C 0.251 0.466 0.218 0.512 0.173 0.512
C 0.141 0.512 0.1 0.488 0.1 0.442
L 0.1 0.403
Z
