M 0.016 -0.152
C 0.016 -0.125 0.037 -0.107 0.061 -0.107
C 0.085 -0.107 0.105 -0.124 0.105 -0.151
C 0.105 -0.154 0.105 -0.158 0.104 -0.162
C 0.116 -0.164 0.131 -0.166 0.145 -0.166
C 0.156 -0.166 0.166 -0.164 0.172 -0.162
C 0.207 -0.148 0.227 -0.1 0.227 -0.043
L 0.227 0.189
L 0.133 0.189
C 0.105 0.189 0.098 0.205 0.098 0.22
C 0.098 0.231 0.102 0.25 0.134 0.25
L 0.227 0.25
L 0.227 0.425
C 0.227 0.512 0.299 0.555 0.381 0.555
C 0.451 0.555 0.508 0.54 0.508 0.482
C 0.508 0.453 0.485 0.437 0.464 0.437
C 0.447 0.437 0.419 0.448 0.419 0.484
C 0.419 0.486 0.42 0.488 0.42 0.491
C 0.406 0.493 0.394 0.494 0.383 0.494
C 0.303 0.494 0.297 0.446 0.297 0.428
L 0.297 0.25
L 0.39 0.25
C 0.418 0.25 0.426 0.235 0.426 0.219
C 0.426 0.192 0.406 0.189 0.39 0.189
L 0.297 0.189
L 0.297 -0.03
C 0.297 -0.19 0.206 -0.228 0.145 -0.228
C 0.052 -0.228 0.016 -0.197 0.016 -0.152
Z
