M 0.08 0.504
C 0.08 0.524 0.099 0.535 0.118 0.535
C 0.137 0.535 0.155 0.522 0.155 0.504
C 0.155 0.491 0.145 0.473 0.117 0.473
C 0.089 0.473 0.08 0.492 0.08 0.504
Z
M 0.123 0.578
C 0.123 0.598 0.139 0.612 0.156 0.612
C 0.178 0.612 0.188 0.591 0.227 0.537
C 0.233 0.529 0.239 0.521 0.244 0.513
C 0.252 0.528 0.267 0.535 0.281 0.535
C 0.3 0.535 0.318 0.523 0.318 0.504
C 0.318 0.492 0.31 0.473 0.28 0.473
C 0.26 0.473 0.253 0.482 0.246 0.49
C 0.239 0.478 0.23 0.473 0.22 0.473
C 0.204 0.473 0.194 0.489 0.174 0.51
C 0.137 0.55 0.123 0.56 0.123 0.578
Z
M 0.166 0.134
L 0.166 0.398
C 0.166 0.413 0.167 0.436 0.199 0.436
C 0.226 0.436 0.233 0.419 0.233 0.404
L 0.233 0.139
C 0.233 0.074 0.253 0.062 0.266 0.062
C 0.289 0.062 0.292 0.101 0.293 0.104
C 0.297 0.115 0.307 0.122 0.322 0.122
L 0.325 0.122
C 0.352 0.122 0.358 0.106 0.358 0.092
C 0.358 0.045 0.321 -0.005 0.266 -0.005
C 0.212 -0.005 0.166 0.041 0.166 0.134
Z
