M 0.019 0.338
L 0.019 0.388
C 0.019 0.407 0.018 0.43 0.054 0.43
L 0.252 0.43
C 0.255 0.43 0.257 0.431 0.26 0.431
C 0.284 0.431 0.295 0.415 0.295 0.4
C 0.295 0.371 0.27 0.369 0.26 0.369
L 0.224 0.369
L 0.224 0.227
L 0.354 0.369
L 0.352 0.369
C 0.327 0.369 0.317 0.384 0.317 0.399
C 0.317 0.408 0.321 0.43 0.354 0.43
L 0.458 0.43
C 0.488 0.43 0.494 0.413 0.494 0.4
C 0.494 0.371 0.469 0.369 0.455 0.369
L 0.443 0.369
C 0.427 0.369 0.426 0.363 0.327 0.255
L 0.327 0.254
C 0.353 0.218 0.441 0.077 0.448 0.069
C 0.452 0.064 0.455 0.062 0.466 0.062
L 0.476 0.062
C 0.506 0.062 0.511 0.042 0.511 0.031
C 0.511 0.015 0.503 0 0.475 0
L 0.377 0
C 0.351 0 0.341 0.015 0.341 0.03
C 0.341 0.06 0.365 0.062 0.379 0.062
L 0.384 0.062
L 0.287 0.211
C 0.216 0.139 0.224 0.138 0.224 0.129
L 0.224 0.062
L 0.257 0.062
C 0.27 0.062 0.295 0.061 0.295 0.031
C 0.295 0.014 0.286 0 0.258 0
L 0.131 0
C 0.124 0 0.097 0.001 0.097 0.031
C 0.097 0.055 0.115 0.062 0.136 0.062
L 0.168 0.062
L 0.168 0.369
L 0.089 0.369
L 0.089 0.34
C 0.089 0.323 0.088 0.301 0.053 0.301
L 0.052 0.301
C 0.022 0.301 0.019 0.323 0.019 0.338
Z
