M 0.247 0.499
C 0.247 0.512 0.255 0.519 0.307 0.591
C 0.317 0.605 0.325 0.611 0.338 0.611
C 0.355 0.611 0.372 0.598 0.372 0.578
C 0.372 0.56 0.36 0.553 0.304 0.492
C 0.292 0.48 0.286 0.473 0.274 0.473
C 0.26 0.473 0.247 0.483 0.247 0.499
Z
M 0.124 0.562
C 0.124 0.609 0.164 0.639 0.199 0.639
C 0.221 0.639 0.238 0.624 0.238 0.601
C 0.238 0.579 0.221 0.564 0.201 0.564
C 0.193 0.564 0.188 0.566 0.18 0.57
C 0.18 0.568 0.179 0.566 0.179 0.564
C 0.179 0.526 0.238 0.554 0.238 0.512
C 0.238 0.504 0.232 0.485 0.208 0.485
C 0.178 0.485 0.124 0.507 0.124 0.562
Z
