M 0.011 0.031
C 0.011 0.06 0.035 0.062 0.048 0.062
L 0.096 0.062
L 0.096 0.369
L 0.049 0.369
C 0.035 0.369 0.011 0.37 0.011 0.399
C 0.011 0.428 0.036 0.43 0.046 0.43
L 0.127 0.43
C 0.143 0.43 0.166 0.429 0.166 0.396
L 0.166 0.383
C 0.196 0.41 0.238 0.436 0.298 0.436
C 0.402 0.436 0.428 0.366 0.428 0.284
L 0.428 -0.014
C 0.425 -0.12 0.42 -0.185 0.384 -0.214
C 0.37 -0.225 0.356 -0.227 0.349 -0.227
C 0.303 -0.227 0.278 -0.186 0.278 -0.153
C 0.278 -0.122 0.301 -0.107 0.322 -0.107
C 0.335 -0.107 0.343 -0.111 0.354 -0.118
C 0.358 -0.074 0.358 -0.027 0.358 0.021
L 0.358 0.284
C 0.358 0.337 0.351 0.374 0.292 0.374
C 0.249 0.374 0.166 0.346 0.166 0.234
L 0.166 0.062
L 0.214 0.062
C 0.224 0.062 0.251 0.06 0.251 0.031
C 0.251 0.002 0.225 0 0.216 0
L 0.048 0
C 0.038 0 0.011 0 0.011 0.031
Z
