M 0.034 0.066
C 0.034 0.084 0.047 0.098 0.063 0.098
C 0.085 0.098 0.114 0.051 0.191 0.051
C 0.244 0.051 0.283 0.086 0.283 0.126
C 0.283 0.161 0.251 0.198 0.197 0.201
C 0.191 0.201 0.16 0.2 0.16 0.232
C 0.16 0.276 0.217 0.259 0.24 0.27
C 0.259 0.279 0.271 0.299 0.271 0.32
C 0.271 0.356 0.235 0.38 0.192 0.38
C 0.154 0.38 0.134 0.368 0.129 0.365
C 0.132 0.357 0.134 0.35 0.134 0.343
C 0.134 0.319 0.117 0.299 0.09 0.299
C 0.066 0.299 0.045 0.316 0.045 0.344
C 0.045 0.402 0.105 0.442 0.192 0.442
C 0.251 0.442 0.301 0.417 0.328 0.373
C 0.418 0.424 0.418 0.436 0.445 0.436
C 0.466 0.436 0.48 0.428 0.48 0.399
L 0.48 0.309
C 0.48 0.298 0.481 0.288 0.484 0.279
L 0.485 0.279
C 0.491 0.3 0.486 0.33 0.524 0.33
C 0.538 0.33 0.559 0.324 0.559 0.299
C 0.559 0.261 0.532 0.215 0.485 0.215
C 0.441 0.215 0.415 0.254 0.411 0.29
C 0.41 0.299 0.41 0.308 0.41 0.317
L 0.41 0.349
L 0.341 0.306
C 0.335 0.272 0.318 0.247 0.294 0.229
L 0.294 0.228
C 0.329 0.205 0.353 0.167 0.353 0.126
C 0.353 0.051 0.283 -0.011 0.191 -0.011
C 0.139 -0.011 0.094 0.008 0.062 0.03
C 0.053 0.036 0.034 0.046 0.034 0.066
Z
