M 0.052 0.399
C 0.052 0.414 0.059 0.43 0.088 0.43
L 0.164 0.43
C 0.177 0.43 0.201 0.429 0.201 0.398
C 0.201 0.323 0.135 0.258 0.135 0.192
C 0.135 0.113 0.195 0.051 0.262 0.051
C 0.329 0.051 0.388 0.113 0.388 0.192
C 0.388 0.256 0.323 0.325 0.323 0.397
C 0.323 0.423 0.337 0.43 0.36 0.43
L 0.437 0.43
C 0.466 0.43 0.471 0.412 0.471 0.4
C 0.471 0.371 0.446 0.369 0.436 0.369
L 0.39 0.369
C 0.412 0.308 0.459 0.263 0.459 0.192
C 0.459 0.086 0.375 -0.011 0.261 -0.011
C 0.152 -0.011 0.065 0.083 0.065 0.192
C 0.065 0.263 0.111 0.308 0.133 0.369
L 0.091 0.369
C 0.077 0.369 0.052 0.369 0.052 0.399
Z
