M 0.057 0.722
C 0.057 0.742 0.122 0.82 0.188 0.82
C 0.256 0.82 0.29 0.758 0.335 0.758
C 0.38 0.758 0.406 0.82 0.433 0.82
C 0.443 0.82 0.464 0.808 0.464 0.788
C 0.464 0.768 0.4 0.691 0.334 0.691
C 0.269 0.691 0.228 0.753 0.187 0.753
C 0.142 0.753 0.116 0.691 0.089 0.691
C 0.072 0.691 0.057 0.707 0.057 0.722
Z
M 0.028 0.031
C 0.028 0.061 0.053 0.061 0.068 0.061
L 0.093 0.061
L 0.093 0.55
L 0.068 0.55
C 0.052 0.55 0.028 0.55 0.028 0.581
C 0.028 0.611 0.053 0.611 0.068 0.611
L 0.136 0.611
C 0.163 0.611 0.178 0.608 0.19 0.575
L 0.374 0.075
L 0.375 0.075
L 0.375 0.55
L 0.35 0.55
C 0.335 0.55 0.31 0.55 0.31 0.58
C 0.31 0.611 0.334 0.611 0.35 0.611
L 0.456 0.611
C 0.472 0.611 0.496 0.611 0.496 0.58
C 0.496 0.55 0.471 0.55 0.456 0.55
L 0.431 0.55
L 0.431 0.041
C 0.431 0.003 0.419 0 0.389 0
C 0.363 0 0.347 0.001 0.334 0.036
L 0.15 0.536
L 0.149 0.536
L 0.149 0.061
L 0.174 0.061
C 0.19 0.061 0.214 0.061 0.214 0.03
C 0.214 0 0.189 0 0.174 0
L 0.068 0
C 0.052 0 0.028 0 0.028 0.031
Z
