M 0.04 0.306
C 0.04 0.493 0.156 0.622 0.281 0.622
C 0.333 0.622 0.375 0.602 0.41 0.573
C 0.425 0.607 0.433 0.622 0.454 0.622
C 0.486 0.622 0.484 0.59 0.484 0.582
L 0.484 0.441
C 0.484 0.426 0.486 0.4 0.45 0.4
C 0.413 0.4 0.415 0.424 0.412 0.44
C 0.402 0.493 0.36 0.56 0.285 0.56
C 0.201 0.56 0.11 0.46 0.11 0.306
C 0.11 0.151 0.199 0.051 0.286 0.051
C 0.349 0.051 0.408 0.097 0.413 0.167
C 0.414 0.178 0.416 0.202 0.447 0.202
L 0.451 0.202
C 0.468 0.202 0.484 0.195 0.484 0.167
C 0.484 0.099 0.425 0.006 0.313 -0.009
L 0.313 -0.01
C 0.354 -0.019 0.403 -0.05 0.403 -0.107
C 0.403 -0.14 0.386 -0.166 0.36 -0.182
C 0.32 -0.206 0.262 -0.208 0.201 -0.208
L 0.195 -0.208
C 0.176 -0.208 0.158 -0.202 0.158 -0.177
C 0.158 -0.163 0.167 -0.153 0.178 -0.149
C 0.195 -0.144 0.333 -0.155 0.333 -0.108
C 0.333 -0.067 0.271 -0.067 0.263 -0.064
C 0.252 -0.059 0.246 -0.047 0.246 -0.034
C 0.246 -0.026 0.248 -0.017 0.253 -0.009
C 0.135 0.01 0.04 0.137 0.04 0.306
Z
