M 0.015 0.526
C 0.015 0.541 0.025 0.545 0.036 0.545
L 0.092 0.545
L 0.092 0.598
C 0.092 0.613 0.103 0.619 0.113 0.619
C 0.129 0.619 0.133 0.609 0.133 0.598
L 0.134 0.589
L 0.134 0.545
L 0.234 0.545
C 0.25 0.545 0.256 0.536 0.256 0.527
C 0.256 0.509 0.242 0.508 0.235 0.508
L 0.134 0.508
L 0.134 0.368
C 0.134 0.343 0.139 0.32 0.182 0.32
C 0.234 0.32 0.224 0.37 0.232 0.379
C 0.235 0.382 0.243 0.386 0.251 0.386
C 0.261 0.386 0.27 0.381 0.27 0.365
C 0.27 0.311 0.222 0.283 0.176 0.283
C 0.136 0.283 0.098 0.304 0.092 0.35
L 0.092 0.508
L 0.037 0.508
C 0.022 0.508 0.015 0.517 0.015 0.526
Z
