M 0.1 -0.174
C 0.1 -0.162 0.106 -0.154 0.12 -0.144
C 0.25 -0.047 0.252 -0.047 0.262 -0.047
L 0.264 -0.047
C 0.275 -0.047 0.276 -0.05 0.408 -0.145
C 0.414 -0.15 0.426 -0.159 0.426 -0.173
C 0.426 -0.189 0.408 -0.212 0.39 -0.212
C 0.372 -0.212 0.304 -0.153 0.262 -0.12
C 0.158 -0.203 0.15 -0.212 0.136 -0.212
C 0.116 -0.212 0.1 -0.188 0.1 -0.174
Z
M 0.028 0.031
C 0.028 0.061 0.053 0.061 0.068 0.061
L 0.093 0.061
L 0.093 0.55
L 0.068 0.55
C 0.052 0.55 0.028 0.55 0.028 0.581
C 0.028 0.611 0.053 0.611 0.068 0.611
L 0.136 0.611
C 0.163 0.611 0.178 0.608 0.19 0.575
L 0.374 0.075
L 0.375 0.075
L 0.375 0.55
L 0.35 0.55
C 0.335 0.55 0.31 0.55 0.31 0.58
C 0.31 0.611 0.334 0.611 0.35 0.611
L 0.456 0.611
C 0.472 0.611 0.496 0.611 0.496 0.58
C 0.496 0.55 0.471 0.55 0.456 0.55
L 0.431 0.55
L 0.431 0.041
C 0.431 0.003 0.419 0 0.389 0
C 0.363 0 0.347 0.001 0.334 0.036
L 0.15 0.536
L 0.149 0.536
L 0.149 0.061
L 0.174 0.061
C 0.19 0.061 0.214 0.061 0.214 0.03
C 0.214 0 0.189 0 0.174 0
L 0.068 0
C 0.052 0 0.028 0 0.028 0.031
Z
