M 0.062 0.216
C 0.062 0.304 0.117 0.439 0.275 0.439
C 0.293 0.439 0.318 0.438 0.339 0.434
L 0.339 0.44
C 0.339 0.524 0.391 0.586 0.47 0.586
C 0.548 0.586 0.563 0.55 0.563 0.526
C 0.563 0.499 0.542 0.481 0.519 0.481
C 0.477 0.481 0.475 0.525 0.473 0.525
C 0.452 0.525 0.409 0.515 0.409 0.437
L 0.409 0.372
C 0.409 0.326 0.376 0.32 0.364 0.32
C 0.34 0.32 0.32 0.339 0.32 0.365
C 0.32 0.368 0.321 0.371 0.321 0.374
C 0.307 0.376 0.291 0.377 0.275 0.377
L 0.273 0.377
C 0.16 0.377 0.132 0.268 0.132 0.216
C 0.132 0.118 0.202 0.056 0.269 0.056
C 0.337 0.056 0.35 0.116 0.353 0.122
C 0.361 0.136 0.375 0.137 0.384 0.137
L 0.387 0.137
C 0.406 0.137 0.419 0.126 0.419 0.109
C 0.418 0.079 0.375 -0.005 0.263 -0.005
C 0.156 -0.005 0.062 0.088 0.062 0.216
Z
