M 0 0.663
C 0 0.692 0.032 0.694 0.042 0.694
L 0.217 0.694
C 0.227 0.694 0.236 0.695 0.245 0.69
C 0.256 0.684 0.262 0.673 0.262 0.663
C 0.262 0.652 0.255 0.632 0.219 0.632
C 0.217 0.632 0.216 0.633 0.214 0.633
L 0.166 0.633
L 0.166 0.378
C 0.166 0.368 0.168 0.354 0.152 0.342
C 0.147 0.338 0.139 0.336 0.131 0.336
C 0.094 0.336 0.096 0.37 0.096 0.38
L 0.096 0.633
L 0.049 0.633
C 0.047 0.633 0.045 0.632 0.043 0.632
C 0.008 0.632 0 0.65 0 0.663
Z
M 0.271 0.373
L 0.271 0.665
C 0.271 0.673 0.27 0.705 0.306 0.705
C 0.335 0.705 0.335 0.694 0.393 0.562
C 0.452 0.695 0.448 0.687 0.455 0.694
C 0.461 0.7 0.47 0.705 0.481 0.705
C 0.494 0.705 0.516 0.699 0.516 0.666
L 0.516 0.374
C 0.517 0.345 0.495 0.336 0.481 0.336
C 0.443 0.336 0.446 0.37 0.446 0.381
L 0.446 0.49
C 0.446 0.497 0.445 0.503 0.445 0.51
C 0.427 0.466 0.42 0.446 0.393 0.446
C 0.364 0.446 0.359 0.469 0.341 0.51
L 0.341 0.378
C 0.341 0.37 0.343 0.336 0.306 0.336
C 0.296 0.336 0.272 0.341 0.271 0.373
Z
