M 0.135 0.546
C 0.135 0.567 0.153 0.573 0.164 0.578
C 0.295 0.635 0.302 0.639 0.313 0.639
C 0.33 0.639 0.347 0.625 0.347 0.604
C 0.347 0.582 0.329 0.573 0.317 0.568
C 0.173 0.505 0.178 0.506 0.168 0.506
C 0.146 0.506 0.135 0.532 0.135 0.546
Z
M 0.055 0.217
C 0.055 0.34 0.151 0.44 0.27 0.44
C 0.4 0.44 0.464 0.342 0.464 0.228
C 0.464 0.191 0.445 0.191 0.424 0.191
L 0.126 0.191
C 0.142 0.105 0.217 0.055 0.292 0.055
C 0.32 0.055 0.374 0.064 0.396 0.115
C 0.403 0.134 0.411 0.137 0.429 0.137
C 0.435 0.137 0.464 0.137 0.464 0.109
C 0.464 0.084 0.417 -0.006 0.285 -0.006
C 0.156 -0.006 0.055 0.095 0.055 0.217
Z
M 0.127 0.251
L 0.393 0.251
C 0.384 0.354 0.322 0.379 0.27 0.379
C 0.2 0.379 0.141 0.324 0.127 0.251
Z
