M 0.073 0.216
C 0.073 0.304 0.133 0.44 0.305 0.44
C 0.35 0.44 0.454 0.44 0.454 0.367
C 0.454 0.338 0.433 0.321 0.409 0.321
C 0.385 0.321 0.366 0.335 0.365 0.37
C 0.365 0.379 0.326 0.379 0.305 0.379
C 0.17 0.379 0.142 0.264 0.142 0.216
C 0.142 0.125 0.214 0.055 0.299 0.055
C 0.373 0.055 0.392 0.102 0.398 0.115
C 0.405 0.135 0.415 0.137 0.431 0.137
C 0.437 0.137 0.466 0.137 0.466 0.109
C 0.466 0.092 0.432 -0.006 0.293 -0.006
C 0.167 -0.006 0.073 0.096 0.073 0.216
Z
M 0.143 0.527
C 0.143 0.543 0.154 0.55 0.165 0.557
C 0.29 0.64 0.293 0.644 0.305 0.644
L 0.306 0.644
C 0.316 0.644 0.317 0.643 0.445 0.558
C 0.453 0.553 0.468 0.544 0.468 0.526
C 0.468 0.514 0.453 0.488 0.433 0.488
L 0.431 0.488
C 0.41 0.488 0.32 0.568 0.305 0.568
C 0.298 0.568 0.292 0.562 0.274 0.549
C 0.203 0.498 0.192 0.488 0.178 0.488
C 0.158 0.488 0.143 0.513 0.143 0.527
Z
