M 0.11 0.564
C 0.11 0.609 0.157 0.639 0.209 0.639
C 0.272 0.639 0.311 0.596 0.35 0.596
C 0.403 0.596 0.373 0.639 0.417 0.639
L 0.419 0.639
C 0.437 0.639 0.45 0.627 0.45 0.609
C 0.45 0.565 0.404 0.535 0.35 0.535
C 0.287 0.535 0.248 0.577 0.209 0.577
C 0.156 0.577 0.186 0.535 0.143 0.535
L 0.141 0.535
C 0.123 0.535 0.11 0.546 0.11 0.564
Z
M 0.019 0.403
C 0.019 0.415 0.028 0.442 0.061 0.442
C 0.092 0.442 0.141 0.426 0.169 0.362
C 0.199 0.409 0.25 0.442 0.304 0.442
C 0.375 0.442 0.482 0.382 0.482 0.2
L 0.482 -0.193
C 0.482 -0.229 0.458 -0.233 0.448 -0.233
C 0.438 -0.233 0.415 -0.229 0.415 -0.193
L 0.415 0.203
C 0.415 0.335 0.346 0.374 0.304 0.374
C 0.281 0.374 0.194 0.35 0.194 0.204
L 0.194 0.036
C 0.193 0.026 0.196 -0.011 0.161 -0.011
C 0.146 -0.011 0.131 -0.001 0.128 0.015
C 0.127 0.022 0.127 0.03 0.127 0.037
L 0.127 0.203
C 0.127 0.333 0.093 0.373 0.07 0.373
C 0.064 0.373 0.058 0.37 0.051 0.37
C 0.035 0.37 0.019 0.385 0.019 0.403
Z
