M 0.117 0.776
C 0.117 0.791 0.132 0.804 0.147 0.804
C 0.162 0.804 0.171 0.793 0.239 0.732
L 0.262 0.711
L 0.263 0.711
C 0.271 0.719 0.279 0.726 0.345 0.785
C 0.357 0.795 0.365 0.804 0.378 0.804
C 0.393 0.804 0.407 0.791 0.407 0.775
C 0.407 0.762 0.397 0.753 0.392 0.748
C 0.274 0.635 0.277 0.636 0.262 0.636
C 0.247 0.636 0.25 0.635 0.132 0.748
C 0.125 0.755 0.117 0.763 0.117 0.776
Z
M 0.026 0.497
L 0.026 0.57
C 0.026 0.603 0.034 0.611 0.067 0.611
L 0.458 0.611
C 0.492 0.611 0.498 0.601 0.498 0.57
L 0.498 0.497
C 0.498 0.477 0.498 0.456 0.463 0.456
C 0.429 0.456 0.429 0.478 0.429 0.497
L 0.429 0.55
L 0.297 0.55
L 0.297 0.061
L 0.349 0.061
C 0.365 0.061 0.389 0.061 0.389 0.03
C 0.389 0 0.364 0 0.349 0
L 0.176 0
C 0.16 0 0.136 0 0.136 0.031
C 0.136 0.061 0.161 0.061 0.176 0.061
L 0.228 0.061
L 0.228 0.55
L 0.095 0.55
L 0.095 0.497
C 0.095 0.477 0.095 0.456 0.06 0.456
C 0.026 0.456 0.026 0.478 0.026 0.497
Z
