M 0.017 0.031
C 0.017 0.06 0.041 0.062 0.054 0.062
L 0.102 0.062
L 0.102 0.369
L 0.055 0.369
C 0.039 0.369 0.017 0.372 0.017 0.4
C 0.017 0.411 0.022 0.43 0.054 0.43
L 0.206 0.43
C 0.219 0.43 0.243 0.43 0.243 0.4
C 0.243 0.371 0.22 0.369 0.207 0.369
L 0.159 0.369
L 0.159 0.062
L 0.364 0.062
L 0.364 0.369
L 0.316 0.369
C 0.306 0.369 0.279 0.37 0.279 0.399
C 0.279 0.428 0.304 0.43 0.317 0.43
L 0.469 0.43
C 0.485 0.43 0.505 0.426 0.505 0.399
C 0.505 0.37 0.482 0.369 0.469 0.369
L 0.421 0.369
L 0.421 0.062
L 0.467 0.062
C 0.477 0.062 0.506 0.062 0.506 0.031
C 0.506 0.019 0.5 0 0.473 0
L 0.29 0
L 0.29 -0.096
C 0.29 -0.106 0.29 -0.116 0.286 -0.123
C 0.278 -0.136 0.266 -0.138 0.261 -0.138
C 0.231 -0.138 0.233 -0.107 0.233 -0.096
L 0.233 0
L 0.049 0
C 0.023 0 0.017 0.019 0.017 0.031
Z
