M 0.019 0.561
C 0.019 0.663 0.038 0.694 0.067 0.694
C 0.096 0.694 0.116 0.664 0.116 0.561
C 0.116 0.459 0.097 0.428 0.068 0.428
C 0.039 0.428 0.019 0.458 0.019 0.561
Z
M 0.033 -0.048
C 0.033 -0.042 0.034 -0.036 0.036 -0.03
L 0.188 0.659
C 0.19 0.669 0.197 0.694 0.223 0.694
C 0.241 0.694 0.258 0.68 0.258 0.659
C 0.258 0.654 0.257 0.648 0.256 0.643
L 0.104 -0.045
C 0.102 -0.054 0.097 -0.083 0.068 -0.083
C 0.05 -0.083 0.033 -0.069 0.033 -0.048
Z
M 0.175 0.05
C 0.175 0.152 0.194 0.183 0.223 0.183
C 0.252 0.183 0.272 0.153 0.272 0.05
C 0.272 -0.052 0.253 -0.083 0.224 -0.083
C 0.195 -0.083 0.175 -0.053 0.175 0.05
Z
M 0.291 0.05
C 0.291 0.152 0.31 0.183 0.339 0.183
C 0.368 0.183 0.388 0.153 0.388 0.05
C 0.388 -0.052 0.369 -0.083 0.34 -0.083
C 0.311 -0.083 0.291 -0.053 0.291 0.05
Z
M 0.407 0.05
C 0.407 0.152 0.427 0.183 0.456 0.183
C 0.485 0.183 0.504 0.153 0.504 0.05
C 0.504 -0.052 0.485 -0.083 0.456 -0.083
C 0.427 -0.083 0.407 -0.053 0.407 0.05
Z
