M 0.004 0.216
C 0.004 0.336 0.066 0.439 0.151 0.439
C 0.201 0.439 0.223 0.401 0.223 0.367
C 0.223 0.335 0.2 0.322 0.18 0.322
C 0.157 0.322 0.137 0.339 0.137 0.366
C 0.137 0.369 0.138 0.371 0.138 0.374
C 0.092 0.35 0.074 0.273 0.074 0.216
C 0.074 0.153 0.102 0.056 0.168 0.056
C 0.181 0.056 0.227 0.064 0.227 0.113
L 0.227 0.205
C 0.205 0.205 0.195 0.221 0.195 0.236
C 0.195 0.246 0.199 0.267 0.229 0.267
L 0.293 0.267
C 0.308 0.267 0.33 0.265 0.33 0.236
C 0.33 0.221 0.32 0.205 0.297 0.205
L 0.297 0.113
C 0.297 0.075 0.329 0.056 0.356 0.056
C 0.41 0.056 0.451 0.131 0.451 0.216
C 0.451 0.296 0.422 0.356 0.387 0.374
L 0.387 0.366
C 0.387 0.338 0.366 0.322 0.344 0.322
C 0.329 0.322 0.301 0.332 0.301 0.367
C 0.301 0.405 0.33 0.439 0.374 0.439
C 0.459 0.439 0.521 0.336 0.521 0.216
C 0.521 0.093 0.452 -0.005 0.362 -0.005
C 0.322 -0.005 0.288 0.012 0.263 0.043
L 0.262 0.043
C 0.237 0.012 0.202 -0.005 0.162 -0.005
C 0.072 -0.005 0.004 0.093 0.004 0.216
Z
