M 0.02 0.031
C 0.02 0.059 0.045 0.062 0.055 0.062
L 0.085 0.062
L 0.085 0.549
L 0.056 0.549
C 0.047 0.549 0.02 0.551 0.02 0.58
C 0.02 0.599 0.033 0.611 0.053 0.611
L 0.231 0.611
C 0.373 0.611 0.433 0.517 0.433 0.443
C 0.433 0.387 0.4 0.334 0.348 0.303
L 0.348 0.302
C 0.379 0.28 0.405 0.246 0.406 0.194
C 0.478 0.248 0.484 0.255 0.496 0.255
C 0.514 0.255 0.527 0.235 0.527 0.222
C 0.527 0.205 0.522 0.205 0.438 0.141
L 0.406 0.117
L 0.408 0.087
L 0.412 0.07
L 0.42 0.055
C 0.427 0.052 0.436 0.048 0.442 0.057
C 0.46 0.083 0.437 0.126 0.487 0.126
L 0.488 0.126
C 0.514 0.126 0.521 0.112 0.521 0.093
C 0.521 0.065 0.504 -0.011 0.434 -0.011
C 0.398 -0.011 0.357 0.008 0.342 0.068
C 0.333 0.061 0.321 0.051 0.308 0.051
C 0.291 0.051 0.277 0.069 0.277 0.083
C 0.277 0.112 0.329 0.126 0.335 0.145
C 0.336 0.149 0.336 0.155 0.336 0.159
L 0.336 0.187
C 0.336 0.221 0.32 0.275 0.231 0.275
L 0.155 0.275
L 0.155 0.062
C 0.177 0.062 0.188 0.046 0.188 0.031
C 0.188 0.017 0.181 0 0.152 0
L 0.052 0
C 0.033 0 0.02 0.013 0.02 0.031
Z
M 0.155 0.336
L 0.226 0.336
C 0.326 0.336 0.363 0.4 0.363 0.443
C 0.363 0.485 0.326 0.549 0.224 0.549
L 0.155 0.549
L 0.155 0.336
Z
