M 0.026 0.172
L 0.026 0.548
C 0.026 0.624 0.089 0.674 0.152 0.674
C 0.201 0.674 0.238 0.643 0.238 0.597
C 0.238 0.579 0.232 0.554 0.207 0.53
C 0.26 0.505 0.288 0.456 0.288 0.408
C 0.288 0.333 0.225 0.283 0.157 0.283
C 0.13 0.283 0.099 0.291 0.066 0.312
L 0.066 0.175
C 0.066 0.156 0.055 0.147 0.045 0.147
C 0.029 0.147 0.026 0.159 0.026 0.172
Z
M 0.066 0.36
C 0.099 0.334 0.131 0.323 0.158 0.323
C 0.21 0.323 0.247 0.362 0.247 0.407
C 0.247 0.417 0.245 0.428 0.241 0.439
C 0.211 0.517 0.136 0.494 0.125 0.514
C 0.124 0.516 0.123 0.519 0.123 0.524
C 0.123 0.531 0.126 0.54 0.134 0.544
C 0.138 0.546 0.197 0.546 0.197 0.597
C 0.197 0.621 0.177 0.633 0.153 0.633
C 0.136 0.633 0.066 0.625 0.066 0.537
L 0.066 0.36
Z
