M 0.029 0.209
C 0.029 0.229 0.029 0.231 0.038 0.244
L 0.266 0.602
C 0.279 0.622 0.284 0.623 0.308 0.623
L 0.336 0.623
C 0.37 0.623 0.377 0.615 0.377 0.582
L 0.377 0.23
L 0.455 0.23
C 0.471 0.23 0.495 0.23 0.495 0.199
C 0.495 0.169 0.47 0.169 0.455 0.169
L 0.377 0.169
L 0.377 0.061
L 0.439 0.061
C 0.455 0.061 0.479 0.061 0.479 0.03
C 0.479 0 0.454 0 0.439 0
L 0.259 0
C 0.244 0 0.219 0 0.219 0.03
C 0.219 0.061 0.243 0.061 0.259 0.061
L 0.321 0.061
L 0.321 0.169
L 0.069 0.169
C 0.038 0.169 0.029 0.176 0.029 0.209
Z
M 0.099 0.23
L 0.321 0.23
L 0.321 0.579
Z
