M 0.013 0.068
C 0.013 0.098 0.035 0.113 0.056 0.113
C 0.096 0.113 0.1 0.071 0.1 0.071
C 0.111 0.117 0.11 0.152 0.113 0.263
L 0.113 0.291
C 0.114 0.314 0.114 0.31 0.114 0.329
L 0.114 0.369
L 0.084 0.369
C 0.074 0.369 0.049 0.37 0.049 0.399
C 0.049 0.41 0.053 0.43 0.083 0.43
L 0.339 0.43
C 0.355 0.43 0.375 0.426 0.375 0.399
C 0.375 0.374 0.358 0.369 0.338 0.369
L 0.314 0.369
L 0.314 0.267
L 0.373 0.267
C 0.468 0.267 0.501 0.188 0.501 0.134
C 0.501 0.068 0.456 0 0.377 0
L 0.232 0
C 0.22 0 0.196 0.002 0.196 0.031
C 0.196 0.056 0.213 0.062 0.233 0.062
L 0.257 0.062
L 0.257 0.369
L 0.173 0.369
L 0.173 0.259
C 0.169 0.102 0.174 -0.008 0.079 -0.008
C 0.026 -0.008 0.013 0.039 0.013 0.068
Z
M 0.314 0.062
L 0.356 0.062
C 0.416 0.062 0.431 0.108 0.431 0.134
C 0.431 0.159 0.416 0.207 0.357 0.207
L 0.314 0.207
L 0.314 0.062
Z
