M 0.056 0.298
L 0.056 0.349
C 0.056 0.418 0.059 0.536 0.094 0.579
C 0.128 0.62 0.198 0.622 0.249 0.622
L 0.261 0.622
C 0.439 0.622 0.468 0.604 0.468 0.31
L 0.468 0.231
C 0.464 0.059 0.439 0.019 0.379 0
C 0.339 -0.012 0.297 -0.011 0.249 -0.011
C 0.081 -0.011 0.056 0.021 0.056 0.298
Z
M 0.126 0.287
C 0.126 0.186 0.133 0.113 0.153 0.085
C 0.175 0.055 0.216 0.05 0.265 0.05
C 0.391 0.05 0.395 0.099 0.398 0.287
L 0.126 0.287
Z
M 0.126 0.348
L 0.398 0.348
C 0.396 0.483 0.394 0.541 0.326 0.556
C 0.304 0.561 0.282 0.56 0.257 0.56
C 0.143 0.56 0.128 0.533 0.126 0.348
Z
M 0.314 0.769
C 0.314 0.799 0.339 0.819 0.364 0.819
C 0.394 0.819 0.414 0.794 0.414 0.769
C 0.414 0.744 0.393 0.719 0.364 0.719
C 0.334 0.719 0.314 0.744 0.314 0.769
Z
M 0.11 0.769
C 0.11 0.799 0.135 0.819 0.16 0.819
C 0.19 0.819 0.21 0.794 0.21 0.769
C 0.21 0.744 0.189 0.719 0.16 0.719
C 0.13 0.719 0.11 0.744 0.11 0.769
Z
