M 0.089 0.697
C 0.089 0.709 0.096 0.717 0.11 0.727
C 0.242 0.824 0.239 0.824 0.252 0.824
L 0.253 0.824
C 0.263 0.824 0.265 0.823 0.397 0.726
C 0.404 0.721 0.415 0.713 0.415 0.698
C 0.415 0.683 0.398 0.659 0.379 0.659
L 0.377 0.659
C 0.367 0.659 0.364 0.661 0.252 0.751
C 0.148 0.669 0.141 0.659 0.125 0.659
C 0.106 0.659 0.089 0.683 0.089 0.697
Z
M 0.027 0.03
C 0.027 0.043 0.033 0.053 0.044 0.059
C 0.05 0.061 0.073 0.061 0.087 0.061
L 0.208 0.585
C 0.217 0.623 0.233 0.623 0.262 0.623
C 0.293 0.623 0.307 0.622 0.316 0.584
L 0.437 0.061
C 0.452 0.061 0.474 0.061 0.48 0.058
C 0.492 0.053 0.497 0.043 0.497 0.03
C 0.497 0 0.471 0 0.454 0
L 0.352 0
C 0.334 0 0.31 0 0.31 0.03
C 0.31 0.061 0.33 0.061 0.366 0.061
L 0.343 0.165
L 0.181 0.165
L 0.158 0.061
C 0.194 0.061 0.214 0.061 0.214 0.03
C 0.214 0 0.19 0 0.172 0
L 0.07 0
C 0.053 0 0.027 0 0.027 0.03
Z
M 0.196 0.226
L 0.328 0.226
L 0.262 0.54
Z
