M 0.035 0.552
C 0.035 0.616 0.089 0.658 0.163 0.658
C 0.225 0.658 0.279 0.627 0.279 0.58
C 0.279 0.561 0.265 0.552 0.252 0.552
C 0.237 0.552 0.226 0.563 0.226 0.577
C 0.226 0.583 0.228 0.589 0.232 0.595
C 0.216 0.612 0.19 0.621 0.164 0.621
C 0.121 0.621 0.077 0.598 0.077 0.553
C 0.077 0.489 0.173 0.484 0.176 0.482
C 0.189 0.478 0.188 0.467 0.188 0.459
L 0.188 0.324
L 0.222 0.324
C 0.231 0.324 0.244 0.323 0.244 0.305
C 0.244 0.296 0.238 0.287 0.221 0.287
L 0.113 0.287
C 0.095 0.287 0.088 0.296 0.088 0.305
C 0.088 0.323 0.101 0.324 0.111 0.324
L 0.146 0.324
L 0.146 0.449
C 0.081 0.462 0.035 0.497 0.035 0.552
Z
