M 0.099 0.697
C 0.099 0.709 0.106 0.717 0.12 0.727
C 0.252 0.824 0.249 0.824 0.262 0.824
L 0.264 0.824
C 0.274 0.824 0.275 0.823 0.407 0.726
C 0.414 0.721 0.425 0.713 0.425 0.698
C 0.425 0.683 0.408 0.659 0.389 0.659
L 0.388 0.659
C 0.378 0.659 0.375 0.661 0.263 0.751
L 0.262 0.751
C 0.158 0.669 0.151 0.659 0.135 0.659
C 0.116 0.659 0.099 0.683 0.099 0.697
Z
M 0.056 0.305
C 0.056 0.595 0.077 0.622 0.262 0.622
C 0.447 0.622 0.468 0.594 0.468 0.305
C 0.468 0.016 0.446 -0.011 0.262 -0.011
C 0.077 -0.011 0.056 0.016 0.056 0.305
Z
M 0.125 0.314
C 0.125 0.259 0.125 0.172 0.137 0.121
C 0.149 0.071 0.174 0.05 0.262 0.05
C 0.351 0.05 0.377 0.071 0.388 0.127
C 0.399 0.181 0.399 0.252 0.399 0.314
C 0.399 0.375 0.399 0.45 0.387 0.497
C 0.372 0.552 0.337 0.561 0.262 0.561
C 0.18 0.561 0.149 0.549 0.136 0.49
C 0.125 0.444 0.125 0.376 0.125 0.314
Z
