M 0.04 -0.228
C 0.04 -0.197 0.083 -0.122 0.166 -0.122
C 0.183 -0.122 0.226 -0.125 0.262 -0.172
C 0.28 -0.148 0.313 -0.122 0.359 -0.122
C 0.442 -0.122 0.485 -0.198 0.485 -0.228
C 0.485 -0.247 0.466 -0.258 0.452 -0.258
C 0.432 -0.258 0.427 -0.241 0.423 -0.231
C 0.412 -0.204 0.383 -0.192 0.359 -0.192
C 0.32 -0.192 0.297 -0.228 0.294 -0.261
C 0.294 -0.265 0.294 -0.297 0.262 -0.297
C 0.227 -0.297 0.233 -0.266 0.228 -0.247
C 0.222 -0.222 0.202 -0.192 0.165 -0.192
C 0.139 -0.192 0.112 -0.206 0.102 -0.23
C 0.098 -0.24 0.092 -0.258 0.072 -0.258
C 0.056 -0.258 0.04 -0.246 0.04 -0.228
Z
