M 0.151 0.499
C 0.151 0.512 0.16 0.522 0.209 0.591
C 0.219 0.605 0.229 0.612 0.242 0.612
C 0.259 0.612 0.275 0.598 0.275 0.578
C 0.275 0.561 0.27 0.559 0.208 0.492
C 0.199 0.482 0.19 0.473 0.178 0.473
L 0.177 0.473
C 0.163 0.473 0.151 0.484 0.151 0.499
Z
M 0.165 0.134
L 0.165 0.398
C 0.165 0.413 0.167 0.436 0.199 0.436
C 0.226 0.436 0.233 0.419 0.233 0.404
L 0.233 0.139
C 0.233 0.074 0.253 0.062 0.266 0.062
C 0.289 0.062 0.292 0.101 0.293 0.104
C 0.297 0.115 0.307 0.122 0.322 0.122
L 0.324 0.122
C 0.351 0.122 0.358 0.106 0.358 0.092
C 0.358 0.044 0.321 -0.005 0.266 -0.005
C 0.212 -0.005 0.165 0.042 0.165 0.134
Z
