M 0.055 0.217
C 0.055 0.341 0.154 0.439 0.271 0.439
C 0.366 0.439 0.465 0.379 0.465 0.226
C 0.465 0.192 0.443 0.191 0.427 0.191
L 0.127 0.191
C 0.146 0.094 0.23 0.056 0.292 0.056
C 0.348 0.056 0.381 0.085 0.393 0.111
C 0.401 0.128 0.408 0.137 0.429 0.137
C 0.461 0.137 0.464 0.117 0.464 0.11
C 0.464 0.095 0.449 0.062 0.418 0.037
C 0.37 -0.002 0.265 -0.044 0.265 -0.115
C 0.265 -0.145 0.292 -0.17 0.321 -0.17
C 0.366 -0.17 0.367 -0.124 0.396 -0.124
C 0.409 -0.124 0.428 -0.136 0.428 -0.154
C 0.428 -0.18 0.384 -0.233 0.321 -0.233
C 0.262 -0.233 0.201 -0.188 0.201 -0.117
C 0.201 -0.094 0.206 -0.054 0.257 -0.004
C 0.14 0.011 0.055 0.105 0.055 0.217
Z
M 0.128 0.252
L 0.393 0.252
C 0.382 0.361 0.312 0.377 0.271 0.377
C 0.214 0.377 0.149 0.341 0.128 0.252
Z
