M 0.027 0.031
C 0.027 0.061 0.051 0.062 0.067 0.062
L 0.107 0.062
L 0.219 0.207
L 0.079 0.207
C 0.061 0.207 0.041 0.21 0.041 0.237
C 0.041 0.265 0.065 0.267 0.077 0.267
L 0.194 0.267
L 0.114 0.369
L 0.07 0.369
C 0.058 0.369 0.033 0.37 0.033 0.399
C 0.033 0.414 0.04 0.43 0.068 0.43
L 0.195 0.43
C 0.206 0.43 0.231 0.43 0.231 0.399
C 0.231 0.388 0.226 0.369 0.196 0.369
L 0.183 0.369
L 0.259 0.27
L 0.332 0.369
L 0.317 0.369
C 0.291 0.369 0.283 0.384 0.283 0.4
C 0.283 0.418 0.295 0.43 0.316 0.43
L 0.445 0.43
C 0.474 0.43 0.481 0.414 0.481 0.399
C 0.481 0.372 0.46 0.369 0.444 0.369
L 0.411 0.369
C 0.397 0.368 0.403 0.372 0.322 0.267
L 0.448 0.267
C 0.478 0.267 0.482 0.246 0.482 0.237
C 0.482 0.209 0.457 0.207 0.447 0.207
L 0.299 0.207
C 0.414 0.062 0.404 0.062 0.434 0.062
L 0.461 0.062
C 0.488 0.062 0.495 0.044 0.495 0.031
C 0.495 0.018 0.488 0 0.459 0
L 0.332 0
C 0.307 0 0.297 0.015 0.297 0.03
C 0.297 0.038 0.3 0.062 0.331 0.062
L 0.347 0.062
L 0.259 0.184
L 0.174 0.062
L 0.19 0.062
C 0.216 0.062 0.225 0.047 0.225 0.032
C 0.225 0 0.199 0 0.187 0
L 0.062 0
C 0.034 0 0.027 0.016 0.027 0.031
Z
