M 0.022 0.041
L 0.022 0.07
C 0.022 0.076 0.02 0.108 0.05 0.108
C 0.058 0.108 0.077 0.104 0.077 0.075
L 0.077 0.062
L 0.097 0.062
C 0.087 0.181 0.028 0.297 0.028 0.425
C 0.028 0.549 0.094 0.65 0.183 0.65
C 0.267 0.65 0.339 0.555 0.339 0.425
C 0.339 0.297 0.279 0.181 0.269 0.062
L 0.29 0.062
L 0.29 0.075
C 0.291 0.104 0.308 0.108 0.317 0.108
C 0.347 0.108 0.344 0.075 0.344 0.07
L 0.344 0.041
C 0.344 0.039 0.345 0.037 0.345 0.035
C 0.345 0.002 0.325 0 0.31 0
L 0.243 0
C 0.229 0 0.206 0 0.206 0.034
C 0.208 0.171 0.269 0.298 0.269 0.425
C 0.269 0.534 0.217 0.588 0.183 0.588
C 0.149 0.588 0.098 0.535 0.098 0.423
C 0.098 0.296 0.16 0.163 0.16 0.035
C 0.16 0.007 0.149 0 0.123 0
L 0.057 0
C 0.021 0 0.022 0.023 0.022 0.041
Z
M 0.383 0.103
C 0.383 0.117 0.389 0.135 0.416 0.135
L 0.472 0.135
C 0.5 0.135 0.507 0.12 0.507 0.104
C 0.507 0.089 0.499 0.075 0.479 0.073
L 0.479 -0.073
C 0.489 -0.075 0.507 -0.079 0.507 -0.104
C 0.507 -0.12 0.5 -0.135 0.472 -0.135
L 0.416 -0.135
C 0.391 -0.135 0.383 -0.119 0.383 -0.104
C 0.383 -0.086 0.395 -0.074 0.412 -0.073
L 0.412 0.073
C 0.39 0.076 0.383 0.09 0.383 0.103
Z
