M 0.013 0.527
C 0.013 0.532 0.016 0.545 0.036 0.545
L 0.111 0.545
C 0.126 0.545 0.133 0.536 0.133 0.527
C 0.133 0.516 0.125 0.508 0.11 0.508
L 0.093 0.508
L 0.157 0.33
L 0.221 0.508
L 0.204 0.508
C 0.187 0.508 0.18 0.517 0.18 0.526
C 0.18 0.543 0.194 0.545 0.203 0.545
L 0.278 0.545
C 0.294 0.545 0.3 0.537 0.3 0.528
C 0.3 0.521 0.297 0.508 0.276 0.508
L 0.257 0.508
L 0.191 0.325
L 0.188 0.315
L 0.175 0.296
C 0.21 0.248 0.213 0.226 0.213 0.209
C 0.212 0.169 0.185 0.147 0.157 0.147
C 0.128 0.147 0.101 0.173 0.101 0.209
C 0.101 0.232 0.112 0.258 0.139 0.296
L 0.127 0.315
L 0.057 0.508
L 0.037 0.508
C 0.021 0.508 0.013 0.518 0.013 0.527
Z
M 0.136 0.214
C 0.136 0.196 0.145 0.184 0.157 0.184
C 0.167 0.184 0.178 0.193 0.178 0.212
C 0.178 0.226 0.173 0.245 0.157 0.27
C 0.142 0.248 0.136 0.229 0.136 0.214
Z
