M 0.034 0.247
C 0.034 0.259 0.043 0.274 0.061 0.277
C 0.068 0.278 0.074 0.278 0.081 0.278
L 0.447 0.278
C 0.458 0.278 0.466 0.277 0.474 0.272
C 0.483 0.266 0.489 0.257 0.489 0.247
C 0.489 0.237 0.485 0.216 0.45 0.216
L 0.071 0.216
C 0.038 0.216 0.034 0.239 0.034 0.247
Z
M 0.047 0.521
C 0.047 0.617 0.139 0.702 0.262 0.702
C 0.377 0.702 0.477 0.624 0.477 0.521
C 0.477 0.421 0.379 0.342 0.261 0.342
C 0.136 0.342 0.047 0.427 0.047 0.521
Z
M 0.117 0.527
C 0.117 0.458 0.184 0.403 0.262 0.403
C 0.339 0.403 0.407 0.456 0.407 0.527
C 0.407 0.588 0.346 0.641 0.262 0.641
C 0.189 0.641 0.117 0.596 0.117 0.527
Z
