M 0.056 -0.138
C 0.056 -0.127 0.059 -0.122 0.161 0.038
C 0.116 0.071 0.072 0.132 0.072 0.215
C 0.072 0.326 0.153 0.439 0.299 0.439
C 0.364 0.439 0.454 0.435 0.454 0.366
C 0.454 0.337 0.431 0.32 0.409 0.32
C 0.385 0.32 0.365 0.337 0.365 0.366
C 0.365 0.368 0.366 0.371 0.366 0.373
C 0.345 0.376 0.322 0.377 0.299 0.377
C 0.191 0.377 0.142 0.287 0.142 0.216
C 0.142 0.171 0.161 0.127 0.198 0.095
C 0.236 0.157 0.286 0.192 0.345 0.192
C 0.408 0.192 0.457 0.155 0.457 0.099
C 0.457 0.019 0.372 -0.005 0.295 -0.005
C 0.256 -0.005 0.237 0.001 0.214 0.008
C 0.201 -0.013 0.157 -0.07 0.119 -0.142
C 0.114 -0.152 0.107 -0.166 0.087 -0.166
C 0.072 -0.166 0.056 -0.155 0.056 -0.138
Z
M 0.251 0.064
C 0.271 0.059 0.282 0.056 0.3 0.056
C 0.361 0.056 0.387 0.078 0.387 0.099
C 0.387 0.118 0.366 0.13 0.342 0.13
C 0.324 0.13 0.288 0.123 0.251 0.064
Z
