M 0.023 0.031
C 0.023 0.06 0.049 0.062 0.058 0.062
L 0.093 0.062
L 0.243 0.498
C 0.281 0.609 0.335 0.658 0.397 0.658
C 0.449 0.658 0.481 0.616 0.481 0.578
C 0.481 0.55 0.462 0.533 0.438 0.533
C 0.413 0.533 0.395 0.552 0.395 0.576
C 0.395 0.584 0.396 0.589 0.399 0.597
C 0.328 0.593 0.312 0.524 0.283 0.44
C 0.28 0.432 0.28 0.43 0.285 0.417
L 0.41 0.103
C 0.415 0.089 0.421 0.076 0.426 0.062
L 0.461 0.062
C 0.477 0.062 0.498 0.058 0.498 0.031
C 0.498 0.017 0.491 0 0.462 0
L 0.337 0
C 0.326 0 0.3 0.001 0.3 0.031
C 0.3 0.056 0.318 0.062 0.338 0.062
L 0.365 0.062
L 0.268 0.311
L 0.251 0.36
L 0.237 0.31
L 0.153 0.062
L 0.183 0.062
C 0.196 0.062 0.221 0.061 0.221 0.031
C 0.221 0.013 0.211 0 0.184 0
L 0.059 0
C 0.031 0 0.023 0.016 0.023 0.031
Z
