M 0.025 0.4
C 0.025 0.431 0.05 0.431 0.066 0.431
L 0.153 0.431
L 0.153 0.513
C 0.153 0.533 0.153 0.554 0.188 0.554
C 0.222 0.554 0.222 0.532 0.222 0.513
L 0.222 0.431
L 0.386 0.431
C 0.402 0.431 0.426 0.431 0.426 0.4
C 0.426 0.37 0.401 0.37 0.386 0.37
L 0.222 0.37
L 0.222 0.132
C 0.222 0.107 0.222 0.055 0.299 0.055
C 0.322 0.055 0.379 0.065 0.38 0.127
C 0.38 0.144 0.381 0.165 0.414 0.165
C 0.449 0.165 0.449 0.144 0.449 0.126
C 0.449 0.037 0.368 -0.006 0.294 -0.006
C 0.221 -0.006 0.153 0.03 0.153 0.126
L 0.153 0.37
L 0.065 0.37
C 0.05 0.37 0.025 0.37 0.025 0.4
Z
M 0.097 -0.173
C 0.097 -0.157 0.108 -0.15 0.119 -0.143
C 0.244 -0.06 0.247 -0.056 0.259 -0.056
L 0.26 -0.056
C 0.27 -0.056 0.271 -0.057 0.399 -0.142
C 0.407 -0.147 0.422 -0.156 0.422 -0.174
C 0.422 -0.186 0.407 -0.212 0.387 -0.212
L 0.385 -0.212
C 0.364 -0.212 0.274 -0.132 0.259 -0.132
C 0.252 -0.132 0.246 -0.138 0.228 -0.151
C 0.157 -0.202 0.146 -0.212 0.132 -0.212
C 0.112 -0.212 0.097 -0.187 0.097 -0.173
Z
