M 0.15 0.023
C 0.15 0.036 0.156 0.041 0.233 0.142
C 0.24 0.151 0.248 0.161 0.262 0.161
C 0.276 0.161 0.283 0.152 0.296 0.135
C 0.373 0.034 0.374 0.035 0.374 0.023
C 0.374 0.015 0.37 -0.006 0.339 -0.006
C 0.336 -0.006 0.333 -0.005 0.33 -0.005
L 0.189 -0.005
C 0.171 -0.005 0.15 -0.002 0.15 0.023
Z
M 0.15 0.408
C 0.15 0.416 0.154 0.436 0.187 0.436
L 0.34 0.436
C 0.371 0.436 0.374 0.415 0.374 0.407
C 0.374 0.394 0.376 0.399 0.291 0.288
C 0.286 0.282 0.276 0.27 0.262 0.27
C 0.245 0.27 0.235 0.286 0.229 0.294
C 0.152 0.395 0.15 0.395 0.15 0.408
Z
