M 0.043 0.306
L 0.043 0.365
C 0.043 0.38 0.045 0.39 0.063 0.39
C 0.103 0.39 0.071 0.321 0.162 0.321
C 0.21 0.321 0.238 0.34 0.238 0.361
C 0.238 0.398 0.172 0.404 0.138 0.409
C 0.104 0.415 0.043 0.428 0.043 0.479
C 0.043 0.508 0.064 0.55 0.158 0.55
C 0.194 0.55 0.208 0.543 0.221 0.538
C 0.226 0.547 0.234 0.551 0.241 0.551
C 0.25 0.551 0.258 0.544 0.258 0.53
L 0.258 0.484
C 0.258 0.466 0.248 0.459 0.238 0.459
C 0.195 0.459 0.245 0.513 0.155 0.513
C 0.118 0.513 0.08 0.502 0.08 0.48
C 0.082 0.425 0.247 0.466 0.273 0.38
C 0.274 0.374 0.275 0.369 0.275 0.363
C 0.275 0.331 0.252 0.284 0.159 0.284
C 0.13 0.284 0.107 0.289 0.083 0.306
C 0.076 0.288 0.068 0.283 0.061 0.283
C 0.059 0.283 0.043 0.284 0.043 0.306
Z
