M 0.023 0.399
C 0.023 0.413 0.03 0.43 0.058 0.43
L 0.14 0.43
L 0.14 0.519
C 0.14 0.533 0.142 0.554 0.174 0.554
L 0.177 0.554
C 0.194 0.554 0.21 0.546 0.21 0.518
L 0.21 0.43
L 0.363 0.43
C 0.393 0.43 0.398 0.41 0.398 0.399
C 0.398 0.385 0.392 0.369 0.363 0.369
L 0.21 0.369
L 0.21 0.132
C 0.21 0.11 0.21 0.056 0.278 0.056
C 0.356 0.056 0.35 0.14 0.35 0.14
C 0.353 0.157 0.368 0.165 0.384 0.165
C 0.398 0.165 0.419 0.16 0.419 0.13
L 0.419 -0.039
C 0.419 -0.17 0.355 -0.228 0.286 -0.228
C 0.215 -0.228 0.172 -0.197 0.172 -0.152
C 0.172 -0.123 0.194 -0.107 0.216 -0.107
C 0.24 -0.107 0.26 -0.124 0.26 -0.151
C 0.26 -0.154 0.26 -0.158 0.259 -0.162
C 0.272 -0.164 0.282 -0.166 0.289 -0.166
C 0.337 -0.166 0.349 -0.099 0.349 -0.039
L 0.349 0.013
C 0.328 0.002 0.303 -0.005 0.273 -0.005
C 0.197 -0.005 0.145 0.039 0.14 0.113
L 0.14 0.369
L 0.058 0.369
C 0.029 0.369 0.023 0.385 0.023 0.399
Z
