M 0.029 0.328
L 0.029 0.355
C 0.035 0.577 0.043 0.622 0.197 0.622
C 0.235 0.622 0.263 0.611 0.292 0.611
L 0.46 0.611
C 0.473 0.611 0.495 0.609 0.495 0.575
L 0.495 0.491
C 0.495 0.459 0.475 0.455 0.467 0.455
C 0.458 0.455 0.439 0.459 0.439 0.49
L 0.439 0.549
L 0.319 0.549
L 0.319 0.348
L 0.445 0.348
C 0.473 0.348 0.48 0.331 0.48 0.316
C 0.48 0.286 0.457 0.286 0.438 0.286
L 0.319 0.286
L 0.319 0.062
L 0.446 0.062
L 0.446 0.135
C 0.446 0.166 0.464 0.171 0.475 0.171
C 0.483 0.171 0.503 0.168 0.503 0.136
L 0.503 0.037
C 0.503 0.001 0.482 0 0.467 0
L 0.302 0
C 0.252 0 0.241 -0.011 0.197 -0.011
C 0.031 -0.011 0.03 0.043 0.029 0.328
Z
M 0.086 0.311
C 0.086 0.122 0.097 0.088 0.125 0.068
C 0.147 0.053 0.177 0.05 0.2 0.05
C 0.256 0.05 0.259 0.088 0.262 0.161
L 0.262 0.446
C 0.26 0.535 0.251 0.56 0.198 0.56
C 0.087 0.56 0.086 0.505 0.086 0.335
L 0.086 0.311
Z
