M 0.026 0.03
C 0.026 0.061 0.051 0.061 0.067 0.061
L 0.097 0.061
L 0.097 0.55
L 0.067 0.55
C 0.052 0.55 0.026 0.55 0.026 0.581
C 0.026 0.611 0.052 0.611 0.067 0.611
L 0.44 0.611
C 0.474 0.611 0.48 0.601 0.48 0.57
L 0.48 0.497
C 0.48 0.477 0.48 0.456 0.445 0.456
C 0.411 0.456 0.411 0.478 0.411 0.497
L 0.411 0.55
L 0.166 0.55
L 0.166 0.347
L 0.297 0.347
C 0.297 0.388 0.297 0.404 0.332 0.404
C 0.366 0.404 0.366 0.382 0.366 0.363
L 0.366 0.27
C 0.366 0.251 0.366 0.229 0.332 0.229
C 0.297 0.229 0.297 0.245 0.297 0.286
L 0.166 0.286
L 0.166 0.061
L 0.433 0.061
L 0.433 0.13
C 0.433 0.15 0.433 0.171 0.468 0.171
C 0.502 0.171 0.502 0.149 0.502 0.13
L 0.502 0.041
C 0.502 0.009 0.495 0 0.462 0
L 0.067 0
C 0.052 0 0.026 0 0.026 0.03
Z
M 0.11 0.768
C 0.11 0.796 0.132 0.819 0.16 0.819
C 0.186 0.819 0.21 0.798 0.21 0.769
C 0.21 0.742 0.189 0.719 0.16 0.719
C 0.134 0.719 0.11 0.739 0.11 0.768
Z
M 0.314 0.768
C 0.314 0.795 0.336 0.819 0.364 0.819
C 0.39 0.819 0.414 0.798 0.414 0.769
C 0.414 0.741 0.393 0.719 0.364 0.719
C 0.334 0.719 0.314 0.743 0.314 0.768
Z
