M 0.126 0.512
C 0.126 0.555 0.19 0.524 0.185 0.57
C 0.177 0.566 0.169 0.564 0.162 0.564
C 0.139 0.564 0.126 0.584 0.126 0.601
C 0.126 0.617 0.137 0.639 0.165 0.639
C 0.2 0.639 0.24 0.609 0.24 0.562
C 0.24 0.512 0.193 0.485 0.157 0.485
C 0.133 0.485 0.126 0.504 0.126 0.512
Z
M 0.247 0.499
C 0.247 0.512 0.255 0.52 0.306 0.591
C 0.316 0.605 0.325 0.612 0.338 0.612
C 0.355 0.612 0.372 0.598 0.372 0.578
C 0.372 0.561 0.36 0.553 0.304 0.492
C 0.293 0.48 0.286 0.473 0.274 0.473
C 0.26 0.473 0.247 0.484 0.247 0.499
Z
M 0.041 0.215
C 0.041 0.332 0.135 0.436 0.262 0.436
C 0.389 0.436 0.483 0.331 0.483 0.215
C 0.483 0.098 0.389 -0.005 0.262 -0.005
C 0.144 -0.005 0.041 0.089 0.041 0.215
Z
M 0.108 0.215
C 0.108 0.126 0.18 0.062 0.262 0.062
C 0.342 0.062 0.416 0.126 0.416 0.215
C 0.416 0.304 0.344 0.369 0.262 0.369
C 0.182 0.369 0.108 0.304 0.108 0.215
Z
