M 0.004 0.215
C 0.004 0.35 0.086 0.435 0.167 0.436
L 0.168 0.436
C 0.192 0.436 0.206 0.431 0.227 0.418
L 0.227 0.549
L 0.17 0.549
C 0.144 0.549 0.135 0.564 0.135 0.578
C 0.135 0.591 0.141 0.611 0.168 0.611
L 0.261 0.611
C 0.299 0.611 0.297 0.586 0.297 0.573
L 0.297 0.418
C 0.312 0.429 0.333 0.436 0.357 0.436
C 0.438 0.436 0.52 0.349 0.52 0.216
C 0.52 0.102 0.455 -0.005 0.356 -0.005
C 0.333 -0.005 0.317 0 0.297 0.012
L 0.297 -0.16
L 0.353 -0.16
C 0.367 -0.16 0.389 -0.162 0.389 -0.191
C 0.389 -0.216 0.373 -0.222 0.354 -0.222
L 0.171 -0.222
C 0.152 -0.222 0.135 -0.216 0.135 -0.191
C 0.135 -0.163 0.158 -0.16 0.172 -0.16
L 0.227 -0.16
L 0.227 0.012
C 0.212 0.002 0.192 -0.005 0.169 -0.005
C 0.086 -0.005 0.004 0.082 0.004 0.215
Z
M 0.074 0.216
C 0.074 0.114 0.128 0.056 0.171 0.056
C 0.218 0.056 0.228 0.128 0.227 0.157
L 0.227 0.271
C 0.227 0.355 0.194 0.374 0.171 0.374
C 0.124 0.374 0.074 0.311 0.074 0.216
Z
M 0.297 0.154
C 0.296 0.137 0.302 0.057 0.353 0.057
C 0.396 0.057 0.45 0.115 0.45 0.215
C 0.45 0.321 0.393 0.374 0.353 0.374
C 0.311 0.374 0.296 0.313 0.297 0.288
L 0.297 0.154
Z
