M 0.099 0.697
C 0.099 0.713 0.112 0.722 0.119 0.727
C 0.252 0.823 0.249 0.824 0.262 0.824
L 0.263 0.824
C 0.273 0.824 0.274 0.823 0.406 0.726
C 0.413 0.721 0.425 0.713 0.425 0.698
C 0.425 0.683 0.408 0.659 0.389 0.659
C 0.374 0.659 0.351 0.68 0.262 0.751
L 0.261 0.751
C 0.151 0.664 0.151 0.659 0.135 0.659
C 0.116 0.659 0.099 0.683 0.099 0.697
Z
M 0.004 0.581
C 0.004 0.611 0.03 0.611 0.045 0.611
L 0.174 0.611
C 0.189 0.611 0.215 0.611 0.215 0.581
C 0.215 0.55 0.189 0.55 0.174 0.55
L 0.144 0.55
L 0.144 0.209
C 0.144 0.102 0.209 0.05 0.262 0.05
C 0.314 0.05 0.38 0.102 0.38 0.209
L 0.38 0.55
L 0.35 0.55
C 0.335 0.55 0.309 0.55 0.309 0.581
C 0.309 0.611 0.335 0.611 0.35 0.611
L 0.479 0.611
C 0.494 0.611 0.52 0.611 0.52 0.581
C 0.52 0.55 0.495 0.55 0.479 0.55
L 0.449 0.55
L 0.449 0.204
C 0.449 0.081 0.362 -0.011 0.262 -0.011
C 0.162 -0.011 0.075 0.081 0.075 0.204
L 0.075 0.55
L 0.045 0.55
C 0.03 0.55 0.004 0.55 0.004 0.581
Z
