M 0.03 0.327
C 0.03 0.341 0.036 0.359 0.065 0.359
L 0.118 0.359
C 0.134 0.359 0.129 0.358 0.172 0.358
L 0.227 0.358
L 0.227 0.511
C 0.227 0.525 0.231 0.548 0.262 0.548
C 0.291 0.548 0.298 0.534 0.298 0.51
L 0.298 0.358
L 0.379 0.358
L 0.396 0.359
L 0.461 0.359
C 0.482 0.359 0.494 0.347 0.494 0.325
C 0.494 0.31 0.487 0.293 0.459 0.293
C 0.444 0.293 0.44 0.294 0.422 0.294
L 0.298 0.294
L 0.298 0.022
C 0.298 0.003 0.295 -0.018 0.262 -0.018
C 0.233 -0.018 0.227 -0.002 0.227 0.019
L 0.227 0.294
L 0.11 0.294
C 0.087 0.294 0.072 0.293 0.063 0.293
C 0.047 0.293 0.029 0.3 0.03 0.327
Z
