M 0.45 0.529
C 0.45 0.51 0.436 0.498 0.419 0.498
C 0.389 0.498 0.388 0.528 0.387 0.533
C 0.377 0.572 0.297 0.574 0.274 0.574
C 0.236 0.574 0.176 0.568 0.162 0.539
C 0.158 0.53 0.161 0.498 0.128 0.498
C 0.11 0.498 0.097 0.51 0.097 0.529
C 0.097 0.573 0.134 0.639 0.273 0.639
C 0.413 0.639 0.45 0.573 0.45 0.529
Z
M 0.078 0.03
C 0.078 0.061 0.103 0.061 0.119 0.061
L 0.24 0.061
L 0.24 0.37
L 0.127 0.37
C 0.112 0.37 0.086 0.37 0.086 0.401
C 0.086 0.431 0.112 0.431 0.127 0.431
L 0.269 0.431
C 0.303 0.431 0.309 0.421 0.309 0.39
L 0.309 0.061
L 0.414 0.061
C 0.429 0.061 0.455 0.061 0.455 0.03
C 0.455 0 0.429 0 0.414 0
L 0.119 0
C 0.104 0 0.078 0 0.078 0.03
Z
