M 0.022 0.03
C 0.022 0.061 0.046 0.061 0.062 0.061
L 0.087 0.061
L 0.087 0.55
L 0.062 0.55
C 0.047 0.55 0.022 0.55 0.022 0.58
C 0.022 0.611 0.046 0.611 0.062 0.611
L 0.181 0.611
C 0.197 0.611 0.221 0.611 0.221 0.58
C 0.221 0.55 0.196 0.55 0.181 0.55
L 0.156 0.55
L 0.156 0.348
L 0.368 0.348
L 0.368 0.55
L 0.343 0.55
C 0.327 0.55 0.303 0.55 0.303 0.581
C 0.303 0.611 0.328 0.611 0.343 0.611
L 0.462 0.611
C 0.478 0.611 0.502 0.611 0.502 0.58
C 0.502 0.55 0.477 0.55 0.462 0.55
L 0.437 0.55
L 0.437 0.061
L 0.462 0.061
C 0.478 0.061 0.502 0.061 0.502 0.03
C 0.502 0 0.477 0 0.462 0
L 0.343 0
C 0.327 0 0.303 0 0.303 0.031
C 0.303 0.061 0.328 0.061 0.343 0.061
L 0.368 0.061
L 0.368 0.287
L 0.156 0.287
L 0.156 0.061
L 0.181 0.061
C 0.197 0.061 0.221 0.061 0.221 0.03
C 0.221 0 0.196 0 0.181 0
L 0.062 0
C 0.047 0 0.022 0 0.022 0.03
Z
M 0.11 0.768
C 0.11 0.796 0.132 0.819 0.16 0.819
C 0.186 0.819 0.21 0.798 0.21 0.769
C 0.21 0.742 0.189 0.719 0.16 0.719
C 0.134 0.719 0.11 0.739 0.11 0.768
Z
M 0.314 0.768
C 0.314 0.795 0.336 0.819 0.364 0.819
C 0.39 0.819 0.414 0.798 0.414 0.769
C 0.414 0.741 0.393 0.719 0.364 0.719
C 0.334 0.719 0.314 0.743 0.314 0.768
Z
