M 0.048 0.619
C 0.048 0.664 0.095 0.694 0.149 0.694
C 0.215 0.694 0.251 0.651 0.295 0.651
C 0.353 0.651 0.321 0.694 0.365 0.694
L 0.366 0.694
C 0.384 0.694 0.397 0.683 0.397 0.665
C 0.397 0.635 0.369 0.59 0.295 0.59
C 0.229 0.59 0.193 0.632 0.149 0.632
C 0.092 0.632 0.123 0.59 0.08 0.59
L 0.078 0.59
C 0.06 0.59 0.048 0.601 0.048 0.619
Z
M 0.167 0.529
C 0.167 0.56 0.193 0.584 0.221 0.584
C 0.24 0.584 0.253 0.569 0.253 0.553
C 0.253 0.544 0.248 0.534 0.238 0.526
L 0.238 0.525
C 0.24 0.523 0.253 0.515 0.253 0.501
C 0.253 0.493 0.247 0.474 0.224 0.474
C 0.199 0.474 0.167 0.494 0.167 0.529
Z
M 0.043 0.409
C 0.043 0.428 0.062 0.441 0.077 0.441
C 0.093 0.441 0.103 0.431 0.11 0.416
C 0.161 0.304 0.15 0.225 0.155 0.191
C 0.163 0.132 0.206 0.062 0.283 0.062
C 0.348 0.062 0.413 0.121 0.413 0.218
C 0.413 0.33 0.355 0.383 0.355 0.408
C 0.355 0.427 0.372 0.441 0.389 0.441
C 0.411 0.441 0.421 0.42 0.428 0.408
C 0.468 0.34 0.48 0.272 0.48 0.217
C 0.48 0.098 0.397 -0.005 0.284 -0.005
C 0.18 -0.005 0.095 0.083 0.087 0.2
C 0.084 0.242 0.09 0.296 0.051 0.384
C 0.047 0.392 0.043 0.4 0.043 0.409
Z
