M 0.176 0.546
C 0.176 0.567 0.194 0.573 0.205 0.578
C 0.336 0.635 0.343 0.639 0.354 0.639
C 0.371 0.639 0.388 0.625 0.388 0.604
C 0.388 0.582 0.37 0.573 0.358 0.568
C 0.214 0.505 0.219 0.506 0.209 0.506
C 0.187 0.506 0.176 0.532 0.176 0.546
Z
M 0.032 0.031
C 0.032 0.061 0.057 0.061 0.072 0.061
L 0.153 0.061
L 0.153 0.37
L 0.072 0.37
C 0.056 0.37 0.032 0.37 0.032 0.401
C 0.032 0.431 0.057 0.431 0.072 0.431
L 0.182 0.431
C 0.216 0.431 0.222 0.421 0.222 0.39
L 0.222 0.356
C 0.277 0.419 0.341 0.437 0.392 0.437
C 0.475 0.437 0.487 0.395 0.487 0.375
C 0.487 0.348 0.467 0.332 0.445 0.332
C 0.42 0.332 0.403 0.352 0.402 0.376
C 0.281 0.376 0.222 0.28 0.222 0.186
L 0.222 0.061
L 0.333 0.061
C 0.348 0.061 0.374 0.061 0.374 0.03
C 0.374 0 0.348 0 0.333 0
L 0.072 0
C 0.056 0 0.032 0 0.032 0.031
Z
