M 0.018 0.579
C 0.018 0.607 0.04 0.611 0.055 0.611
L 0.178 0.611
C 0.21 0.611 0.214 0.591 0.214 0.58
C 0.214 0.55 0.188 0.549 0.179 0.549
L 0.151 0.549
L 0.151 0.413
C 0.151 0.324 0.191 0.303 0.218 0.303
L 0.231 0.303
L 0.231 0.39
C 0.231 0.421 0.25 0.425 0.262 0.425
C 0.271 0.425 0.293 0.422 0.293 0.39
L 0.293 0.303
L 0.372 0.303
L 0.372 0.549
L 0.347 0.549
C 0.32 0.549 0.309 0.562 0.309 0.58
C 0.309 0.591 0.314 0.611 0.346 0.611
L 0.469 0.611
C 0.501 0.611 0.505 0.591 0.505 0.58
C 0.505 0.564 0.497 0.549 0.468 0.549
L 0.442 0.549
L 0.442 0.062
L 0.468 0.062
C 0.481 0.062 0.505 0.059 0.505 0.031
C 0.505 0.006 0.487 0 0.468 0
L 0.346 0
C 0.314 0 0.309 0.02 0.309 0.031
C 0.309 0.049 0.32 0.062 0.347 0.062
L 0.372 0.062
L 0.372 0.242
L 0.293 0.242
L 0.293 0.155
C 0.293 0.129 0.278 0.12 0.263 0.12
C 0.254 0.12 0.231 0.123 0.231 0.155
L 0.231 0.242
C 0.228 0.242 0.224 0.241 0.219 0.241
C 0.141 0.241 0.081 0.305 0.081 0.412
L 0.081 0.549
L 0.056 0.549
C 0.036 0.549 0.018 0.555 0.018 0.579
Z
