M 0.044 0.031
C 0.044 0.06 0.068 0.062 0.081 0.062
L 0.129 0.062
L 0.129 0.369
L 0.081 0.369
C 0.068 0.369 0.044 0.37 0.044 0.399
C 0.044 0.424 0.062 0.43 0.081 0.43
L 0.235 0.43
C 0.244 0.43 0.27 0.43 0.27 0.4
C 0.27 0.371 0.247 0.369 0.234 0.369
L 0.186 0.369
L 0.186 0.267
L 0.294 0.267
C 0.421 0.267 0.466 0.187 0.466 0.134
C 0.466 0.072 0.409 0 0.297 0
L 0.078 0
C 0.05 0.001 0.044 0.018 0.044 0.031
Z
M 0.186 0.062
L 0.277 0.062
C 0.368 0.062 0.396 0.107 0.396 0.134
C 0.396 0.163 0.366 0.207 0.277 0.207
L 0.186 0.207
L 0.186 0.062
Z
