M 0.036 0.192
C 0.036 0.309 0.112 0.418 0.226 0.438
L 0.226 0.55
L 0.187 0.55
C 0.177 0.55 0.149 0.55 0.149 0.58
C 0.149 0.605 0.167 0.611 0.187 0.611
L 0.336 0.611
C 0.357 0.611 0.374 0.605 0.374 0.58
C 0.374 0.551 0.348 0.549 0.338 0.549
C 0.336 0.549 0.335 0.55 0.334 0.55
L 0.297 0.55
L 0.297 0.438
C 0.397 0.421 0.487 0.325 0.487 0.192
C 0.487 0.074 0.411 -0.034 0.297 -0.054
L 0.297 -0.16
L 0.338 -0.16
C 0.349 -0.16 0.374 -0.162 0.374 -0.191
C 0.374 -0.218 0.353 -0.222 0.336 -0.222
L 0.185 -0.222
C 0.176 -0.222 0.149 -0.221 0.149 -0.191
C 0.149 -0.162 0.174 -0.16 0.185 -0.16
L 0.226 -0.16
L 0.226 -0.054
C 0.131 -0.038 0.036 0.055 0.036 0.192
Z
M 0.106 0.192
C 0.106 0.107 0.151 0.032 0.226 0.009
L 0.226 0.375
C 0.153 0.352 0.106 0.279 0.106 0.192
Z
M 0.297 0.009
C 0.37 0.03 0.417 0.108 0.417 0.192
C 0.417 0.287 0.361 0.356 0.297 0.375
L 0.297 0.009
Z
