M 0.08 0.504
C 0.08 0.525 0.1 0.535 0.118 0.535
C 0.129 0.535 0.145 0.532 0.154 0.513
L 0.204 0.583
C 0.211 0.593 0.221 0.612 0.242 0.612
C 0.259 0.612 0.276 0.598 0.276 0.578
C 0.276 0.561 0.267 0.556 0.207 0.491
C 0.201 0.485 0.193 0.473 0.178 0.473
C 0.163 0.473 0.155 0.485 0.152 0.49
C 0.145 0.482 0.138 0.473 0.118 0.473
C 0.088 0.473 0.08 0.492 0.08 0.504
Z
M 0.166 0.134
L 0.166 0.398
C 0.166 0.413 0.167 0.436 0.199 0.436
C 0.226 0.436 0.233 0.419 0.233 0.404
L 0.233 0.139
C 0.233 0.074 0.253 0.062 0.266 0.062
C 0.29 0.062 0.292 0.101 0.293 0.104
C 0.297 0.115 0.307 0.123 0.322 0.123
C 0.323 0.123 0.324 0.122 0.325 0.122
C 0.352 0.122 0.358 0.106 0.358 0.092
C 0.358 0.045 0.321 -0.005 0.266 -0.005
C 0.212 -0.005 0.166 0.041 0.166 0.134
Z
M 0.244 0.505
C 0.244 0.52 0.255 0.535 0.281 0.535
C 0.309 0.535 0.318 0.516 0.318 0.504
C 0.318 0.492 0.309 0.473 0.281 0.473
C 0.257 0.473 0.244 0.489 0.244 0.505
Z
