M 0.056 0.216
C 0.056 0.334 0.144 0.439 0.262 0.439
C 0.37 0.439 0.467 0.344 0.467 0.215
C 0.467 0.087 0.369 -0.005 0.261 -0.005
C 0.156 -0.005 0.056 0.085 0.056 0.216
Z
M 0.127 0.207
C 0.133 0.127 0.188 0.056 0.262 0.056
C 0.334 0.056 0.389 0.125 0.396 0.207
L 0.127 0.207
Z
M 0.131 0.267
L 0.392 0.267
C 0.378 0.318 0.335 0.377 0.26 0.377
C 0.208 0.377 0.151 0.34 0.131 0.267
Z
M 0.314 0.56
C 0.314 0.59 0.339 0.61 0.364 0.61
C 0.394 0.61 0.414 0.585 0.414 0.56
C 0.414 0.535 0.393 0.51 0.364 0.51
C 0.334 0.51 0.314 0.535 0.314 0.56
Z
M 0.109 0.56
C 0.109 0.59 0.134 0.61 0.159 0.61
C 0.189 0.61 0.209 0.585 0.209 0.56
C 0.209 0.535 0.188 0.51 0.159 0.51
C 0.129 0.51 0.109 0.535 0.109 0.56
Z
