M 0.025 0.031
C 0.025 0.061 0.049 0.062 0.06 0.062
L 0.096 0.062
L 0.096 0.577
L 0.061 0.577
C 0.051 0.577 0.025 0.578 0.025 0.607
C 0.025 0.623 0.032 0.639 0.06 0.639
L 0.446 0.639
C 0.481 0.639 0.48 0.615 0.48 0.602
L 0.48 0.516
C 0.48 0.489 0.463 0.482 0.449 0.482
L 0.448 0.483
C 0.435 0.483 0.414 0.484 0.413 0.515
L 0.413 0.577
L 0.166 0.577
L 0.166 0.362
L 0.298 0.362
L 0.298 0.383
C 0.298 0.397 0.301 0.419 0.33 0.419
L 0.334 0.419
C 0.363 0.419 0.365 0.396 0.365 0.383
L 0.365 0.278
C 0.365 0.247 0.347 0.244 0.332 0.244
L 0.33 0.244
C 0.298 0.244 0.298 0.271 0.298 0.28
L 0.298 0.3
L 0.166 0.3
L 0.166 0.062
L 0.435 0.062
L 0.435 0.138
C 0.436 0.167 0.452 0.172 0.469 0.172
L 0.471 0.172
C 0.496 0.172 0.503 0.155 0.503 0.136
C 0.503 0.133 0.502 0.13 0.502 0.127
L 0.502 0.036
C 0.502 0.019 0.501 0 0.467 0
L 0.06 0
C 0.051 0 0.025 0.001 0.025 0.031
Z
