M 0.184 0.975
C 0.184 1.005 0.209 1.054 0.264 1.054
C 0.328 1.054 0.359 1.014 0.359 0.974
C 0.359 0.916 0.301 0.916 0.29 0.874
C 0.287 0.861 0.296 0.822 0.261 0.822
C 0.248 0.822 0.238 0.831 0.234 0.843
C 0.232 0.85 0.232 0.857 0.232 0.864
C 0.232 0.94 0.301 0.956 0.301 0.976
C 0.301 0.989 0.284 0.997 0.268 0.997
C 0.227 0.997 0.257 0.958 0.222 0.946
C 0.219 0.945 0.216 0.944 0.213 0.944
C 0.198 0.944 0.184 0.957 0.184 0.975
Z
M 0.114 0.772
C 0.114 0.792 0.128 0.803 0.142 0.803
C 0.17 0.803 0.172 0.77 0.172 0.77
C 0.177 0.75 0.208 0.732 0.272 0.732
C 0.303 0.732 0.355 0.737 0.369 0.763
C 0.373 0.771 0.372 0.803 0.401 0.803
C 0.41 0.803 0.429 0.796 0.429 0.772
C 0.429 0.733 0.397 0.675 0.271 0.675
C 0.147 0.675 0.114 0.733 0.114 0.772
Z
M 0.027 0.03
C 0.027 0.043 0.033 0.053 0.044 0.059
C 0.05 0.061 0.073 0.061 0.087 0.061
L 0.208 0.585
C 0.217 0.623 0.233 0.623 0.262 0.623
C 0.293 0.623 0.307 0.622 0.316 0.584
L 0.437 0.061
C 0.452 0.061 0.474 0.061 0.48 0.058
C 0.492 0.053 0.497 0.043 0.497 0.03
C 0.497 0 0.471 0 0.454 0
L 0.352 0
C 0.334 0 0.31 0 0.31 0.03
C 0.31 0.061 0.33 0.061 0.366 0.061
L 0.343 0.165
L 0.181 0.165
L 0.158 0.061
C 0.194 0.061 0.214 0.061 0.214 0.03
C 0.214 0 0.19 0 0.172 0
L 0.07 0
C 0.053 0 0.027 0 0.027 0.03
Z
M 0.196 0.226
L 0.328 0.226
L 0.262 0.54
Z
