M 0.196 0.829
C 0.196 0.859 0.22 0.907 0.275 0.907
C 0.331 0.907 0.37 0.875 0.37 0.828
C 0.37 0.77 0.313 0.77 0.302 0.728
C 0.299 0.715 0.307 0.676 0.272 0.676
C 0.259 0.676 0.249 0.685 0.245 0.697
C 0.243 0.704 0.244 0.71 0.244 0.717
C 0.244 0.793 0.313 0.809 0.313 0.829
C 0.313 0.842 0.295 0.851 0.279 0.851
C 0.238 0.851 0.268 0.811 0.233 0.799
C 0.23 0.798 0.227 0.798 0.224 0.798
C 0.209 0.798 0.196 0.811 0.196 0.829
Z
M 0.056 0.302
C 0.056 0.589 0.076 0.622 0.254 0.622
L 0.265 0.622
C 0.391 0.622 0.393 0.601 0.408 0.601
C 0.417 0.601 0.423 0.609 0.426 0.614
C 0.41 0.62 0.395 0.637 0.395 0.661
C 0.395 0.687 0.414 0.71 0.443 0.711
L 0.444 0.711
C 0.481 0.711 0.495 0.677 0.495 0.643
C 0.495 0.603 0.477 0.568 0.446 0.549
C 0.461 0.508 0.468 0.449 0.468 0.325
L 0.468 0.281
C 0.468 0.023 0.442 -0.011 0.272 -0.011
L 0.256 -0.011
C 0.073 -0.011 0.056 0.028 0.056 0.302
Z
M 0.126 0.316
C 0.126 0.079 0.139 0.05 0.262 0.05
C 0.39 0.05 0.394 0.095 0.398 0.273
L 0.398 0.334
C 0.398 0.539 0.381 0.561 0.259 0.561
C 0.166 0.561 0.148 0.534 0.138 0.497
C 0.127 0.454 0.126 0.388 0.126 0.344
L 0.126 0.316
Z
