M 0.022 0.031
C 0.022 0.06 0.047 0.062 0.057 0.062
L 0.087 0.062
L 0.209 0.402
C 0.218 0.427 0.233 0.437 0.258 0.437
L 0.261 0.437
C 0.297 0.437 0.306 0.425 0.318 0.393
L 0.437 0.062
L 0.462 0.062
C 0.479 0.062 0.501 0.058 0.501 0.031
C 0.501 0.003 0.48 0 0.463 0
L 0.384 0
C 0.375 0 0.349 0.001 0.349 0.031
C 0.349 0.048 0.361 0.06 0.376 0.062
L 0.352 0.13
L 0.295 0.13
L 0.295 0.062
L 0.3 0.062
C 0.313 0.062 0.336 0.06 0.336 0.031
C 0.336 0.017 0.33 0 0.3 0
L 0.222 0
C 0.195 0 0.188 0.015 0.188 0.031
C 0.188 0.06 0.211 0.062 0.224 0.062
L 0.229 0.062
L 0.229 0.13
L 0.172 0.13
L 0.147 0.062
C 0.172 0.058 0.175 0.037 0.175 0.031
C 0.175 0.019 0.169 0 0.139 0
L 0.058 0
C 0.047 0 0.022 0.004 0.022 0.031
Z
M 0.194 0.19
L 0.33 0.19
L 0.262 0.381
Z
