M 0.012 0.4
C 0.012 0.431 0.037 0.431 0.053 0.431
L 0.126 0.431
C 0.16 0.431 0.166 0.421 0.166 0.39
L 0.166 0.12
C 0.166 0.088 0.166 0.055 0.245 0.055
C 0.277 0.055 0.358 0.067 0.358 0.157
L 0.358 0.37
L 0.313 0.37
C 0.299 0.37 0.273 0.37 0.273 0.4
C 0.273 0.431 0.298 0.431 0.314 0.431
L 0.387 0.431
C 0.421 0.431 0.427 0.421 0.427 0.39
L 0.427 0.061
L 0.472 0.061
C 0.486 0.061 0.512 0.061 0.512 0.031
C 0.512 0 0.487 0 0.471 0
L 0.398 0
C 0.38 0 0.359 0 0.358 0.032
C 0.321 0.004 0.28 -0.006 0.239 -0.006
C 0.166 -0.006 0.097 0.018 0.097 0.114
L 0.097 0.37
L 0.052 0.37
C 0.038 0.37 0.012 0.37 0.012 0.4
Z
M 0.088 -0.144
C 0.088 -0.131 0.096 -0.123 0.104 -0.116
C 0.159 -0.065 0.192 -0.056 0.214 -0.056
C 0.268 -0.056 0.288 -0.11 0.313 -0.11
C 0.346 -0.11 0.382 -0.057 0.404 -0.057
C 0.42 -0.057 0.436 -0.071 0.436 -0.088
C 0.436 -0.101 0.427 -0.109 0.42 -0.116
C 0.398 -0.137 0.353 -0.176 0.309 -0.176
C 0.253 -0.176 0.239 -0.123 0.211 -0.123
C 0.179 -0.123 0.142 -0.176 0.119 -0.176
C 0.1 -0.176 0.088 -0.158 0.088 -0.144
Z
