M 0.019 0.08
C 0.019 0.109 0.04 0.127 0.064 0.127
C 0.086 0.127 0.108 0.11 0.108 0.083
C 0.108 0.063 0.096 0.053 0.094 0.05
L 0.094 0.049
C 0.099 0.047 0.104 0.046 0.108 0.046
C 0.154 0.046 0.161 0.124 0.165 0.343
L 0.165 0.405
C 0.165 0.426 0.166 0.427 0.166 0.436
L 0.166 0.549
L 0.136 0.549
C 0.126 0.549 0.1 0.551 0.1 0.58
C 0.1 0.594 0.106 0.611 0.134 0.611
L 0.471 0.611
C 0.498 0.611 0.505 0.592 0.505 0.58
C 0.505 0.551 0.481 0.549 0.471 0.549
L 0.443 0.549
L 0.443 0.062
L 0.468 0.062
C 0.476 0.062 0.505 0.061 0.505 0.034
C 0.505 0.024 0.505 0.025 0.417 -0.141
C 0.412 -0.15 0.404 -0.166 0.386 -0.166
C 0.371 -0.166 0.358 -0.152 0.358 -0.138
C 0.358 -0.129 0.357 -0.131 0.427 0
L 0.345 0
C 0.315 0 0.31 0.019 0.31 0.03
C 0.31 0.055 0.327 0.062 0.347 0.062
L 0.373 0.062
L 0.373 0.549
L 0.223 0.549
C 0.223 0.53 0.222 0.53 0.222 0.502
L 0.222 0.373
L 0.221 0.358
L 0.221 0.34
C 0.216 0.099 0.212 -0.011 0.102 -0.011
C 0.036 -0.011 0.019 0.047 0.019 0.08
Z
