M 0.049 0.029
C 0.049 0.035 0.051 0.057 0.083 0.057
L 0.099 0.057
L 0.099 0.374
L 0.084 0.374
C 0.053 0.374 0.049 0.393 0.049 0.402
C 0.049 0.408 0.051 0.429 0.082 0.43
L 0.259 0.43
C 0.267 0.43 0.276 0.431 0.284 0.431
C 0.424 0.431 0.475 0.347 0.475 0.292
C 0.475 0.237 0.424 0.154 0.284 0.154
L 0.169 0.154
L 0.169 0.057
L 0.183 0.057
C 0.214 0.057 0.219 0.037 0.219 0.028
C 0.219 0.019 0.215 0 0.184 0
L 0.084 0
C 0.053 0 0.049 0.019 0.049 0.029
Z
M 0.169 0.215
L 0.268 0.215
C 0.376 0.215 0.404 0.266 0.404 0.292
C 0.404 0.315 0.38 0.369 0.266 0.369
L 0.169 0.369
L 0.169 0.215
Z
