M 0.073 0.34
C 0.073 0.359 0.096 0.387 0.173 0.387
C 0.192 0.387 0.209 0.386 0.227 0.384
L 0.227 0.55
L 0.152 0.55
C 0.119 0.55 0.115 0.569 0.115 0.58
C 0.115 0.59 0.12 0.611 0.152 0.611
L 0.261 0.611
C 0.299 0.611 0.297 0.585 0.297 0.572
L 0.297 0.377
C 0.316 0.376 0.336 0.374 0.355 0.374
L 0.356 0.374
C 0.399 0.374 0.408 0.387 0.421 0.387
C 0.437 0.387 0.451 0.37 0.451 0.355
C 0.451 0.336 0.427 0.308 0.352 0.308
C 0.334 0.308 0.315 0.31 0.297 0.311
L 0.297 0.062
L 0.374 0.062
C 0.405 0.062 0.409 0.041 0.409 0.031
C 0.409 0.02 0.404 0 0.373 0
L 0.151 0
C 0.123 0 0.116 0.016 0.116 0.032
C 0.116 0.041 0.119 0.062 0.15 0.062
L 0.227 0.062
L 0.227 0.318
C 0.207 0.32 0.181 0.322 0.166 0.322
C 0.125 0.322 0.116 0.308 0.103 0.308
C 0.091 0.308 0.073 0.322 0.073 0.34
Z
