M 0.042 0.029
C 0.042 0.036 0.046 0.057 0.077 0.057
L 0.089 0.057
L 0.089 0.374
L 0.077 0.374
C 0.046 0.374 0.042 0.393 0.042 0.402
C 0.042 0.41 0.047 0.43 0.077 0.43
L 0.171 0.43
C 0.201 0.43 0.205 0.41 0.205 0.402
C 0.205 0.393 0.201 0.374 0.17 0.374
L 0.159 0.374
L 0.159 0.246
L 0.232 0.246
C 0.332 0.246 0.332 0.282 0.332 0.301
L 0.332 0.338
C 0.333 0.41 0.383 0.439 0.429 0.439
C 0.486 0.439 0.515 0.39 0.515 0.358
C 0.515 0.339 0.503 0.327 0.482 0.327
L 0.48 0.327
C 0.429 0.327 0.456 0.373 0.429 0.376
C 0.403 0.376 0.402 0.35 0.402 0.331
L 0.402 0.325
C 0.402 0.316 0.403 0.308 0.403 0.3
C 0.403 0.259 0.393 0.24 0.364 0.216
C 0.403 0.193 0.428 0.16 0.428 0.123
C 0.428 0.074 0.376 0 0.233 0
L 0.078 0
C 0.048 0 0.042 0.018 0.042 0.029
Z
M 0.159 0.062
L 0.225 0.062
C 0.325 0.062 0.358 0.098 0.358 0.123
C 0.357 0.162 0.297 0.185 0.225 0.185
L 0.159 0.185
L 0.159 0.062
Z
