M 0.043 0.126
C 0.043 0.187 0.102 0.22 0.118 0.228
C 0.086 0.245 0.058 0.278 0.058 0.322
C 0.058 0.394 0.151 0.442 0.255 0.442
C 0.395 0.442 0.495 0.325 0.495 0.197
C 0.495 0.072 0.381 -0.011 0.256 -0.011
C 0.143 -0.011 0.043 0.045 0.043 0.126
Z
M 0.113 0.126
C 0.113 0.085 0.182 0.05 0.256 0.05
C 0.346 0.05 0.425 0.11 0.425 0.198
C 0.425 0.285 0.361 0.38 0.255 0.38
C 0.193 0.38 0.128 0.355 0.128 0.32
C 0.128 0.315 0.129 0.311 0.132 0.306
C 0.167 0.235 0.29 0.295 0.29 0.232
C 0.29 0.22 0.283 0.207 0.268 0.203
C 0.251 0.199 0.196 0.206 0.145 0.172
C 0.123 0.157 0.113 0.141 0.113 0.126
Z
