M 0.087 0.619
C 0.087 0.664 0.135 0.694 0.189 0.694
C 0.255 0.694 0.291 0.651 0.335 0.651
C 0.393 0.651 0.36 0.694 0.404 0.694
L 0.406 0.694
C 0.424 0.694 0.436 0.683 0.436 0.665
C 0.436 0.62 0.39 0.59 0.334 0.59
C 0.27 0.59 0.232 0.632 0.188 0.632
C 0.131 0.632 0.163 0.59 0.12 0.59
L 0.118 0.59
C 0.1 0.59 0.087 0.601 0.087 0.619
Z
M 0.207 0.529
C 0.207 0.56 0.232 0.584 0.26 0.584
C 0.279 0.584 0.293 0.569 0.293 0.553
C 0.293 0.544 0.288 0.534 0.278 0.526
L 0.278 0.525
C 0.28 0.523 0.293 0.515 0.293 0.501
C 0.293 0.493 0.287 0.474 0.264 0.474
C 0.239 0.474 0.207 0.494 0.207 0.529
Z
