M 0.08 0.515
C 0.08 0.577 0.132 0.617 0.183 0.617
C 0.24 0.617 0.265 0.573 0.278 0.539
C 0.278 0.539 0.293 0.516 0.293 0.425
L 0.293 -0.033
C 0.293 -0.139 0.319 -0.166 0.351 -0.166
C 0.361 -0.166 0.374 -0.162 0.377 -0.162
C 0.376 -0.158 0.376 -0.155 0.376 -0.151
C 0.376 -0.125 0.395 -0.107 0.42 -0.107
C 0.44 -0.107 0.465 -0.121 0.465 -0.152
C 0.465 -0.197 0.42 -0.228 0.353 -0.228
C 0.301 -0.228 0.223 -0.19 0.223 -0.037
L 0.223 0.42
C 0.207 0.415 0.198 0.413 0.183 0.413
C 0.132 0.413 0.08 0.453 0.08 0.515
Z
M 0.15 0.515
C 0.15 0.497 0.161 0.475 0.183 0.475
C 0.201 0.475 0.215 0.492 0.215 0.511
C 0.215 0.53 0.203 0.555 0.183 0.555
C 0.166 0.555 0.15 0.538 0.15 0.515
Z
