M 0.058 -0.152
C 0.058 -0.125 0.079 -0.107 0.103 -0.107
C 0.127 -0.107 0.147 -0.125 0.147 -0.151
C 0.147 -0.155 0.147 -0.158 0.146 -0.162
C 0.155 -0.164 0.163 -0.165 0.17 -0.165
C 0.204 -0.165 0.227 -0.134 0.227 -0.04
L 0.227 0.426
C 0.227 0.455 0.228 0.617 0.356 0.617
C 0.444 0.617 0.466 0.574 0.466 0.546
C 0.466 0.521 0.448 0.5 0.421 0.5
C 0.398 0.5 0.377 0.517 0.377 0.544
C 0.377 0.547 0.378 0.55 0.378 0.553
C 0.37 0.554 0.362 0.555 0.354 0.555
C 0.32 0.555 0.297 0.523 0.297 0.423
L 0.297 -0.036
C 0.297 -0.194 0.22 -0.227 0.169 -0.227
C 0.103 -0.227 0.058 -0.197 0.058 -0.152
Z
