M 0.049 -0.071
C 0.049 -0.033 0.077 -0.024 0.092 -0.024
C 0.117 -0.024 0.135 -0.045 0.135 -0.067
C 0.135 -0.082 0.129 -0.09 0.123 -0.097
C 0.143 -0.154 0.207 -0.166 0.25 -0.166
C 0.345 -0.166 0.405 -0.088 0.405 -0.01
C 0.405 0.06 0.347 0.133 0.248 0.133
C 0.2 0.133 0.212 0.12 0.188 0.12
C 0.17 0.12 0.156 0.135 0.156 0.151
C 0.156 0.164 0.164 0.172 0.171 0.179
L 0.375 0.374
L 0.119 0.374
L 0.119 0.309
C 0.119 0.29 0.113 0.273 0.086 0.273
L 0.081 0.273
C 0.067 0.273 0.05 0.279 0.049 0.306
L 0.049 0.394
C 0.049 0.428 0.068 0.43 0.086 0.43
L 0.439 0.43
C 0.472 0.43 0.472 0.403 0.472 0.393
C 0.472 0.377 0.465 0.373 0.288 0.205
C 0.413 0.184 0.475 0.081 0.475 -0.01
C 0.475 -0.123 0.383 -0.228 0.25 -0.228
C 0.097 -0.228 0.049 -0.139 0.049 -0.071
Z
