M 0.026 0.215
C 0.026 0.342 0.108 0.436 0.202 0.436
C 0.238 0.436 0.268 0.422 0.293 0.401
L 0.293 0.549
L 0.259 0.549
C 0.248 0.549 0.222 0.55 0.222 0.58
C 0.222 0.591 0.227 0.611 0.259 0.611
L 0.328 0.611
C 0.361 0.611 0.363 0.591 0.363 0.574
L 0.363 0.062
L 0.401 0.062
C 0.422 0.062 0.433 0.046 0.433 0.03
C 0.433 0 0.409 0 0.396 0
L 0.336 0
C 0.31 0 0.293 0.002 0.293 0.037
C 0.273 0.017 0.239 -0.005 0.194 -0.005
C 0.098 -0.005 0.026 0.096 0.026 0.215
Z
M 0.096 0.215
C 0.096 0.12 0.147 0.056 0.197 0.056
C 0.265 0.056 0.294 0.147 0.293 0.182
L 0.293 0.276
C 0.293 0.309 0.263 0.374 0.205 0.374
C 0.147 0.374 0.096 0.305 0.096 0.215
Z
M 0.378 0.583
C 0.378 0.615 0.403 0.645 0.441 0.645
C 0.487 0.645 0.518 0.605 0.518 0.561
C 0.518 0.479 0.446 0.428 0.42 0.428
C 0.404 0.428 0.389 0.442 0.389 0.459
C 0.389 0.488 0.42 0.481 0.444 0.52
C 0.391 0.52 0.378 0.561 0.378 0.583
Z
