M 0.053 0.299
C 0.053 0.501 0.187 0.622 0.321 0.622
C 0.418 0.622 0.454 0.568 0.454 0.519
C 0.454 0.489 0.434 0.472 0.409 0.472
C 0.383 0.472 0.365 0.492 0.365 0.516
C 0.365 0.534 0.37 0.54 0.375 0.545
C 0.37 0.55 0.354 0.561 0.32 0.561
C 0.232 0.561 0.138 0.479 0.124 0.338
C 0.169 0.379 0.221 0.396 0.273 0.396
C 0.383 0.396 0.471 0.307 0.471 0.193
C 0.471 0.073 0.373 -0.011 0.264 -0.011
C 0.165 -0.011 0.053 0.062 0.053 0.299
Z
M 0.132 0.222
C 0.132 0.215 0.134 0.198 0.135 0.191
L 0.134 0.182
L 0.135 0.178
C 0.137 0.172 0.138 0.166 0.14 0.16
C 0.16 0.099 0.199 0.05 0.264 0.05
C 0.336 0.05 0.402 0.107 0.402 0.193
C 0.402 0.267 0.349 0.334 0.268 0.334
C 0.192 0.334 0.132 0.284 0.132 0.222
Z
