M 0.126 0.512
C 0.126 0.555 0.189 0.524 0.184 0.57
C 0.176 0.566 0.169 0.564 0.162 0.564
C 0.139 0.564 0.126 0.584 0.126 0.601
C 0.126 0.622 0.143 0.639 0.165 0.639
C 0.2 0.639 0.24 0.609 0.24 0.562
C 0.24 0.513 0.194 0.485 0.156 0.485
C 0.132 0.485 0.126 0.504 0.126 0.512
Z
M 0.247 0.499
C 0.247 0.512 0.254 0.519 0.306 0.591
C 0.316 0.605 0.325 0.612 0.338 0.612
C 0.355 0.612 0.371 0.598 0.371 0.578
C 0.371 0.561 0.36 0.553 0.304 0.492
C 0.293 0.48 0.286 0.473 0.274 0.473
L 0.273 0.473
C 0.259 0.473 0.247 0.484 0.247 0.499
Z
