M 0.056 0.277
L 0.056 0.308
C 0.056 0.55 0.071 0.622 0.245 0.622
L 0.277 0.622
C 0.349 0.622 0.412 0.609 0.412 0.574
C 0.412 0.555 0.391 0.542 0.376 0.542
C 0.355 0.542 0.359 0.56 0.27 0.56
L 0.266 0.56
C 0.167 0.56 0.148 0.549 0.137 0.497
C 0.127 0.45 0.126 0.383 0.126 0.336
L 0.126 0.272
C 0.131 0.088 0.132 0.054 0.236 0.051
C 0.229 0.1 0.228 0.149 0.228 0.198
C 0.228 0.208 0.229 0.216 0.229 0.226
L 0.229 0.251
C 0.232 0.383 0.23 0.448 0.354 0.448
C 0.453 0.448 0.468 0.416 0.468 0.307
L 0.468 0.281
C 0.468 0.069 0.445 0 0.323 -0.009
C 0.383 -0.074 0.505 -0.01 0.505 -0.074
C 0.505 -0.086 0.501 -0.105 0.47 -0.105
L 0.464 -0.105
C 0.374 -0.103 0.28 -0.1 0.25 -0.011
L 0.246 -0.011
C 0.09 -0.011 0.056 0.037 0.056 0.277
Z
M 0.296 0.188
C 0.296 0.106 0.3 0.078 0.303 0.051
C 0.391 0.056 0.397 0.087 0.4 0.279
L 0.4 0.308
C 0.4 0.384 0.397 0.387 0.352 0.387
C 0.305 0.387 0.305 0.372 0.301 0.345
C 0.298 0.32 0.296 0.282 0.296 0.218
L 0.296 0.188
Z
