M 0.123 0.61
C 0.123 0.626 0.137 0.639 0.152 0.639
C 0.175 0.639 0.255 0.562 0.267 0.562
C 0.282 0.562 0.359 0.639 0.383 0.639
C 0.4 0.639 0.413 0.622 0.413 0.61
C 0.413 0.591 0.408 0.592 0.293 0.496
C 0.288 0.492 0.279 0.484 0.268 0.484
L 0.265 0.484
C 0.256 0.484 0.252 0.488 0.143 0.579
C 0.134 0.586 0.123 0.595 0.123 0.61
Z
M 0.073 0.216
C 0.073 0.304 0.133 0.44 0.305 0.44
C 0.35 0.44 0.454 0.44 0.454 0.367
C 0.454 0.338 0.433 0.321 0.409 0.321
C 0.385 0.321 0.366 0.335 0.365 0.37
C 0.365 0.379 0.326 0.379 0.305 0.379
C 0.17 0.379 0.142 0.264 0.142 0.216
C 0.142 0.125 0.214 0.055 0.299 0.055
C 0.373 0.055 0.392 0.102 0.398 0.115
C 0.405 0.135 0.415 0.137 0.431 0.137
C 0.437 0.137 0.466 0.137 0.466 0.109
C 0.466 0.092 0.432 -0.006 0.293 -0.006
C 0.167 -0.006 0.073 0.096 0.073 0.216
Z
