M 0.02 0.414
C 0.02 0.484 0.074 0.548 0.146 0.548
C 0.172 0.548 0.192 0.54 0.214 0.522
L 0.214 0.616
L 0.189 0.617
L 0.186 0.617
C 0.175 0.617 0.164 0.618 0.164 0.635
C 0.164 0.653 0.181 0.654 0.187 0.654
L 0.224 0.654
L 0.235 0.653
C 0.255 0.653 0.256 0.644 0.256 0.633
L 0.256 0.324
L 0.282 0.324
C 0.288 0.324 0.307 0.322 0.307 0.305
C 0.307 0.287 0.292 0.287 0.284 0.287
L 0.234 0.287
C 0.215 0.288 0.214 0.301 0.214 0.309
L 0.214 0.318
C 0.194 0.295 0.166 0.284 0.138 0.284
C 0.066 0.284 0.02 0.353 0.02 0.414
Z
M 0.063 0.417
C 0.063 0.368 0.096 0.321 0.139 0.321
C 0.173 0.321 0.214 0.352 0.214 0.405
L 0.214 0.444
C 0.214 0.484 0.182 0.511 0.146 0.511
C 0.097 0.511 0.063 0.465 0.063 0.417
Z
