M 0.01 0.03
C 0.01 0.059 0.035 0.062 0.045 0.062
L 0.081 0.062
L 0.081 0.369
L 0.046 0.369
C 0.034 0.369 0.01 0.37 0.01 0.4
C 0.01 0.411 0.014 0.43 0.047 0.43
L 0.126 0.43
C 0.163 0.43 0.172 0.416 0.184 0.389
L 0.262 0.208
C 0.266 0.219 0.344 0.399 0.35 0.408
C 0.364 0.43 0.388 0.43 0.397 0.43
L 0.477 0.43
C 0.509 0.43 0.514 0.412 0.514 0.4
C 0.514 0.371 0.49 0.369 0.478 0.369
L 0.444 0.369
L 0.444 0.062
L 0.484 0.062
C 0.503 0.062 0.521 0.056 0.521 0.033
C 0.521 0.019 0.517 0.017 0.417 -0.118
C 0.412 -0.125 0.403 -0.138 0.387 -0.138
C 0.37 -0.138 0.359 -0.124 0.359 -0.11
C 0.359 -0.098 0.359 -0.1 0.433 0
L 0.351 0
C 0.348 0 0.316 -0.001 0.316 0.031
C 0.316 0.057 0.336 0.062 0.355 0.062
L 0.387 0.062
L 0.387 0.365
L 0.306 0.178
C 0.302 0.168 0.289 0.144 0.262 0.144
C 0.218 0.144 0.217 0.193 0.138 0.365
L 0.138 0.062
L 0.17 0.062
C 0.183 0.062 0.208 0.061 0.208 0.031
C 0.208 0.014 0.199 0 0.171 0
L 0.046 0
C 0.014 0 0.01 0.02 0.01 0.03
Z
