M 0.085 0.512
C 0.085 0.555 0.148 0.524 0.143 0.57
C 0.135 0.566 0.128 0.564 0.121 0.564
C 0.098 0.564 0.085 0.584 0.085 0.601
C 0.085 0.617 0.096 0.639 0.124 0.639
C 0.159 0.639 0.199 0.609 0.199 0.562
C 0.199 0.509 0.147 0.485 0.115 0.485
C 0.096 0.485 0.085 0.497 0.085 0.512
Z
M 0.166 0.134
L 0.166 0.398
C 0.166 0.413 0.167 0.436 0.199 0.436
C 0.226 0.436 0.233 0.419 0.233 0.404
L 0.233 0.139
C 0.233 0.074 0.253 0.062 0.266 0.062
C 0.289 0.062 0.292 0.101 0.293 0.104
C 0.297 0.115 0.307 0.122 0.322 0.122
L 0.324 0.122
C 0.351 0.122 0.358 0.106 0.358 0.092
C 0.358 0.045 0.321 -0.005 0.266 -0.005
C 0.212 -0.005 0.166 0.041 0.166 0.134
Z
M 0.215 0.579
C 0.215 0.597 0.23 0.611 0.247 0.611
C 0.27 0.611 0.277 0.595 0.328 0.525
C 0.333 0.518 0.339 0.51 0.339 0.499
C 0.339 0.482 0.324 0.473 0.312 0.473
C 0.297 0.473 0.291 0.48 0.227 0.55
C 0.218 0.56 0.215 0.57 0.215 0.579
Z
