M 0.052 0.114
C 0.052 0.144 0.077 0.146 0.087 0.146
L 0.227 0.146
L 0.227 0.236
L 0.087 0.236
C 0.077 0.236 0.052 0.238 0.052 0.268
C 0.052 0.305 0.071 0.306 0.091 0.306
L 0.227 0.306
L 0.227 0.573
C 0.227 0.588 0.229 0.611 0.259 0.611
L 0.263 0.611
C 0.294 0.611 0.297 0.591 0.297 0.575
L 0.297 0.306
L 0.437 0.306
C 0.458 0.306 0.472 0.299 0.472 0.268
C 0.472 0.239 0.447 0.236 0.437 0.236
L 0.297 0.236
L 0.297 0.146
L 0.435 0.146
C 0.446 0.146 0.472 0.145 0.472 0.113
C 0.472 0.078 0.452 0.076 0.435 0.076
L 0.297 0.076
L 0.297 -0.185
C 0.297 -0.197 0.298 -0.222 0.262 -0.222
C 0.226 -0.222 0.227 -0.195 0.227 -0.185
L 0.227 0.076
L 0.088 0.076
C 0.07 0.076 0.052 0.078 0.052 0.114
Z
