M 0.012 0.03
C 0.012 0.061 0.037 0.061 0.053 0.061
L 0.097 0.061
L 0.097 0.55
L 0.052 0.55
C 0.038 0.55 0.012 0.55 0.012 0.58
C 0.012 0.611 0.037 0.611 0.053 0.611
L 0.126 0.611
C 0.16 0.611 0.166 0.601 0.166 0.57
L 0.166 0.384
C 0.185 0.403 0.23 0.437 0.297 0.437
C 0.376 0.437 0.427 0.394 0.427 0.293
L 0.427 0.061
L 0.471 0.061
C 0.487 0.061 0.512 0.061 0.512 0.03
C 0.512 0 0.486 0 0.472 0
L 0.319 0
C 0.305 0 0.278 0 0.278 0.03
C 0.278 0.061 0.303 0.061 0.319 0.061
L 0.358 0.061
L 0.358 0.288
C 0.358 0.348 0.344 0.376 0.291 0.376
C 0.24 0.376 0.166 0.338 0.166 0.238
L 0.166 0.061
L 0.21 0.061
C 0.226 0.061 0.251 0.061 0.251 0.03
C 0.251 0 0.225 0 0.211 0
L 0.052 0
C 0.038 0 0.012 0 0.012 0.03
Z
M 0.11 0.731
C 0.11 0.759 0.132 0.782 0.16 0.782
C 0.186 0.782 0.21 0.761 0.21 0.732
C 0.21 0.705 0.189 0.682 0.16 0.682
C 0.134 0.682 0.11 0.702 0.11 0.731
Z
M 0.314 0.731
C 0.314 0.758 0.336 0.782 0.364 0.782
C 0.39 0.782 0.414 0.761 0.414 0.732
C 0.414 0.704 0.393 0.682 0.364 0.682
C 0.334 0.682 0.314 0.706 0.314 0.731
Z
