M 0.039 0.129
C 0.039 0.168 0.069 0.177 0.084 0.177
C 0.106 0.177 0.128 0.16 0.128 0.133
C 0.128 0.117 0.121 0.11 0.115 0.102
C 0.125 0.083 0.151 0.05 0.251 0.05
C 0.359 0.05 0.415 0.12 0.415 0.177
C 0.415 0.231 0.356 0.295 0.252 0.295
C 0.208 0.295 0.222 0.287 0.197 0.287
L 0.196 0.287
C 0.171 0.287 0.163 0.304 0.163 0.318
C 0.163 0.337 0.159 0.328 0.385 0.554
L 0.109 0.554
L 0.109 0.464
C 0.109 0.449 0.109 0.426 0.073 0.426
L 0.072 0.426
C 0.055 0.426 0.038 0.435 0.039 0.463
L 0.039 0.575
C 0.038 0.608 0.058 0.611 0.076 0.611
L 0.45 0.611
C 0.465 0.611 0.482 0.604 0.482 0.577
C 0.482 0.563 0.48 0.558 0.464 0.542
L 0.287 0.364
C 0.398 0.351 0.485 0.274 0.485 0.177
C 0.485 0.087 0.401 -0.011 0.25 -0.011
C 0.074 -0.011 0.039 0.073 0.039 0.129
Z
