M 0.018 0.03
C 0.018 0.06 0.044 0.062 0.054 0.062
L 0.081 0.062
L 0.081 0.269
L 0.055 0.269
C 0.035 0.269 0.018 0.275 0.018 0.3
C 0.018 0.325 0.036 0.331 0.056 0.331
L 0.081 0.331
L 0.081 0.549
L 0.056 0.549
C 0.035 0.549 0.018 0.555 0.018 0.58
C 0.018 0.591 0.023 0.611 0.055 0.611
L 0.266 0.611
C 0.397 0.611 0.485 0.465 0.485 0.301
C 0.485 0.138 0.394 0 0.269 0
L 0.052 0
C 0.025 0 0.018 0.018 0.018 0.03
Z
M 0.151 0.062
L 0.245 0.062
C 0.367 0.062 0.415 0.198 0.415 0.3
C 0.415 0.433 0.349 0.549 0.249 0.549
L 0.151 0.549
L 0.151 0.331
L 0.263 0.331
C 0.295 0.331 0.299 0.31 0.299 0.3
C 0.299 0.271 0.276 0.269 0.259 0.269
L 0.151 0.269
L 0.151 0.062
Z
