M 0.04 0.306
C 0.04 0.493 0.156 0.622 0.281 0.622
C 0.333 0.622 0.375 0.602 0.41 0.573
C 0.425 0.607 0.433 0.622 0.454 0.622
C 0.486 0.622 0.484 0.591 0.484 0.583
L 0.484 0.441
C 0.484 0.426 0.486 0.4 0.45 0.4
C 0.413 0.4 0.415 0.424 0.412 0.44
C 0.402 0.491 0.361 0.56 0.285 0.56
C 0.201 0.56 0.11 0.461 0.11 0.306
C 0.11 0.16 0.193 0.051 0.286 0.051
C 0.349 0.051 0.408 0.098 0.413 0.168
C 0.414 0.179 0.416 0.202 0.447 0.202
L 0.451 0.202
C 0.476 0.202 0.484 0.187 0.484 0.168
C 0.484 0.11 0.438 0.009 0.309 -0.01
L 0.313 -0.018
C 0.378 -0.039 0.403 -0.082 0.403 -0.125
C 0.403 -0.214 0.31 -0.236 0.2 -0.236
L 0.193 -0.236
C 0.163 -0.236 0.158 -0.216 0.158 -0.205
C 0.158 -0.195 0.162 -0.181 0.178 -0.176
C 0.199 -0.17 0.333 -0.183 0.333 -0.124
C 0.333 -0.097 0.31 -0.082 0.29 -0.077
C 0.273 -0.073 0.245 -0.079 0.245 -0.037
C 0.245 -0.02 0.249 -0.016 0.253 -0.009
C 0.135 0.01 0.04 0.136 0.04 0.306
Z
