M 0.036 0.215
C 0.036 0.342 0.132 0.437 0.241 0.437
C 0.284 0.437 0.325 0.421 0.358 0.392
L 0.358 0.55
L 0.313 0.55
C 0.299 0.55 0.273 0.55 0.273 0.58
C 0.273 0.611 0.298 0.611 0.314 0.611
L 0.387 0.611
C 0.421 0.611 0.427 0.601 0.427 0.57
L 0.427 0.061
L 0.472 0.061
C 0.486 0.061 0.512 0.061 0.512 0.031
C 0.512 0 0.487 0 0.471 0
L 0.398 0
C 0.358 0 0.358 0.014 0.358 0.05
C 0.33 0.021 0.288 -0.006 0.232 -0.006
C 0.126 -0.006 0.036 0.091 0.036 0.215
Z
M 0.105 0.215
C 0.105 0.126 0.165 0.055 0.236 0.055
C 0.313 0.055 0.358 0.138 0.358 0.194
L 0.358 0.265
C 0.358 0.32 0.309 0.376 0.245 0.376
C 0.175 0.376 0.105 0.311 0.105 0.215
Z
M 0.112 -0.173
C 0.112 -0.157 0.123 -0.15 0.134 -0.143
C 0.259 -0.06 0.262 -0.056 0.274 -0.056
L 0.275 -0.056
C 0.285 -0.056 0.286 -0.057 0.414 -0.142
C 0.422 -0.147 0.437 -0.156 0.437 -0.174
C 0.437 -0.186 0.422 -0.212 0.402 -0.212
L 0.4 -0.212
C 0.379 -0.212 0.289 -0.132 0.274 -0.132
C 0.267 -0.132 0.261 -0.138 0.243 -0.151
C 0.172 -0.202 0.161 -0.212 0.147 -0.212
C 0.127 -0.212 0.112 -0.187 0.112 -0.173
Z
