M 0.011 0.031
C 0.011 0.06 0.035 0.062 0.048 0.062
L 0.096 0.062
L 0.096 0.55
L 0.049 0.55
C 0.036 0.55 0.011 0.551 0.011 0.58
C 0.011 0.591 0.016 0.611 0.047 0.611
L 0.126 0.611
C 0.164 0.611 0.166 0.594 0.166 0.573
L 0.166 0.43
L 0.445 0.43
C 0.458 0.43 0.482 0.43 0.482 0.397
C 0.482 0.376 0.49 0.389 0.308 0.19
C 0.422 0.166 0.492 0.079 0.492 -0.014
C 0.492 -0.126 0.415 -0.227 0.308 -0.227
C 0.218 -0.227 0.137 -0.178 0.137 -0.103
C 0.137 -0.074 0.158 -0.056 0.182 -0.056
C 0.205 -0.056 0.226 -0.073 0.226 -0.1
C 0.226 -0.111 0.222 -0.118 0.216 -0.128
C 0.219 -0.132 0.245 -0.166 0.307 -0.166
C 0.378 -0.166 0.422 -0.087 0.422 -0.015
C 0.422 0.057 0.355 0.123 0.254 0.129
C 0.246 0.129 0.212 0.127 0.212 0.158
C 0.212 0.175 0.207 0.163 0.398 0.374
L 0.166 0.374
L 0.166 0.062
L 0.214 0.062
C 0.224 0.062 0.251 0.06 0.251 0.031
C 0.251 0.002 0.225 0 0.216 0
L 0.048 0
C 0.038 0 0.011 0 0.011 0.031
Z
