M 0.056 0.274
L 0.056 0.325
C 0.056 0.595 0.084 0.622 0.257 0.622
C 0.281 0.622 0.307 0.622 0.331 0.62
C 0.349 0.674 0.351 0.695 0.376 0.695
C 0.392 0.695 0.408 0.684 0.408 0.666
C 0.408 0.656 0.402 0.644 0.391 0.607
C 0.453 0.579 0.465 0.527 0.468 0.337
L 0.468 0.286
C 0.468 0.015 0.439 -0.011 0.267 -0.011
C 0.242 -0.011 0.218 -0.011 0.193 -0.009
C 0.176 -0.069 0.17 -0.084 0.148 -0.084
C 0.137 -0.084 0.116 -0.076 0.116 -0.055
C 0.116 -0.044 0.123 -0.029 0.133 0.004
C 0.067 0.033 0.058 0.098 0.056 0.274
Z
M 0.113 0.265
C 0.115 0.179 0.115 0.101 0.154 0.071
L 0.311 0.559
C 0.295 0.561 0.278 0.56 0.262 0.56
L 0.257 0.56
C 0.128 0.56 0.113 0.533 0.113 0.311
L 0.113 0.265
Z
M 0.213 0.052
C 0.229 0.05 0.246 0.05 0.262 0.05
L 0.267 0.05
C 0.398 0.05 0.411 0.079 0.411 0.303
L 0.411 0.308
C 0.411 0.486 0.398 0.514 0.371 0.54
L 0.37 0.54
Z
