M 0.021 0.057
L 0.021 0.127
C 0.021 0.146 0.021 0.172 0.055 0.172
C 0.093 0.172 0.091 0.145 0.091 0.137
L 0.091 0.062
L 0.358 0.062
L 0.358 0.286
L 0.227 0.286
L 0.227 0.266
C 0.227 0.252 0.227 0.229 0.193 0.229
C 0.177 0.229 0.157 0.231 0.157 0.265
L 0.157 0.367
C 0.157 0.382 0.158 0.404 0.192 0.404
L 0.193 0.404
C 0.228 0.404 0.227 0.379 0.227 0.367
L 0.227 0.347
L 0.358 0.347
L 0.358 0.549
L 0.114 0.549
L 0.114 0.488
C 0.114 0.457 0.09 0.455 0.08 0.455
L 0.077 0.455
C 0.055 0.455 0.043 0.467 0.044 0.488
L 0.044 0.587
C 0.049 0.611 0.071 0.611 0.081 0.611
L 0.462 0.611
C 0.494 0.611 0.499 0.592 0.499 0.58
C 0.499 0.551 0.473 0.549 0.463 0.549
L 0.428 0.549
L 0.428 0.062
L 0.46 0.062
C 0.488 0.062 0.499 0.046 0.499 0.031
C 0.499 0.02 0.494 0 0.462 0
L 0.049 0
C 0.033 0 0.026 0.012 0.023 0.02
C 0.021 0.025 0.022 0.031 0.022 0.037
Z
