M 0.012 0.028
C 0.013 0.067 0.042 0.06 0.055 0.063
C 0.061 0.065 0.065 0.07 0.069 0.075
C 0.166 0.197 0.163 0.42 0.165 0.501
L 0.165 0.549
L 0.139 0.549
C 0.129 0.549 0.103 0.549 0.103 0.58
C 0.103 0.592 0.107 0.611 0.137 0.611
L 0.471 0.611
C 0.498 0.611 0.505 0.592 0.505 0.58
C 0.505 0.55 0.48 0.549 0.467 0.549
L 0.442 0.549
L 0.442 0.062
L 0.471 0.062
C 0.512 0.062 0.512 0.04 0.512 0.023
L 0.512 -0.128
C 0.512 -0.133 0.512 -0.138 0.511 -0.143
C 0.507 -0.159 0.493 -0.166 0.484 -0.166
C 0.476 -0.166 0.456 -0.162 0.455 -0.133
L 0.455 0
L 0.069 0
L 0.069 -0.131
C 0.069 -0.159 0.052 -0.166 0.041 -0.166
C 0.035 -0.166 0.012 -0.163 0.012 -0.131
L 0.012 0.028
Z
M 0.129 0.062
L 0.372 0.062
L 0.372 0.549
L 0.222 0.549
L 0.222 0.516
C 0.222 0.228 0.174 0.137 0.129 0.062
Z
