M 0.053 0.169
C 0.053 0.236 0.1 0.319 0.203 0.34
L 0.293 0.361
L 0.312 0.365
L 0.332 0.371
C 0.384 0.388 0.406 0.431 0.406 0.461
C 0.406 0.498 0.372 0.56 0.285 0.56
C 0.229 0.56 0.174 0.536 0.154 0.461
C 0.146 0.438 0.155 0.407 0.112 0.407
C 0.086 0.407 0.079 0.423 0.079 0.443
L 0.079 0.584
C 0.079 0.592 0.077 0.622 0.109 0.622
C 0.136 0.622 0.141 0.592 0.147 0.575
C 0.166 0.59 0.203 0.622 0.288 0.622
C 0.402 0.622 0.472 0.537 0.472 0.459
C 0.472 0.397 0.433 0.336 0.365 0.308
C 0.327 0.293 0.206 0.27 0.185 0.261
C 0.131 0.236 0.119 0.184 0.119 0.168
L 0.119 0.159
C 0.119 0.102 0.17 0.051 0.234 0.051
L 0.25 0.051
C 0.266 0.051 0.323 0.057 0.356 0.081
C 0.399 0.111 0.402 0.16 0.402 0.167
C 0.402 0.201 0.426 0.203 0.436 0.203
L 0.439 0.203
C 0.473 0.203 0.472 0.176 0.472 0.167
L 0.472 0.027
C 0.472 0.019 0.471 -0.011 0.441 -0.011
C 0.414 -0.011 0.412 0.01 0.404 0.035
C 0.384 0.022 0.343 -0.011 0.232 -0.011
C 0.159 -0.011 0.053 0.046 0.053 0.169
Z
