M -0.084 0.499
C -0.084 0.512 -0.076 0.519 -0.024 0.591
C -0.014 0.605 -0.006 0.611 0.007 0.611
C 0.024 0.611 0.041 0.598 0.041 0.578
C 0.041 0.56 0.029 0.553 -0.027 0.492
C -0.039 0.48 -0.045 0.473 -0.057 0.473
C -0.071 0.473 -0.084 0.483 -0.084 0.499
Z
M -0.084 0.499
C -0.084 0.512 -0.076 0.519 -0.024 0.591
C -0.014 0.605 -0.006 0.611 0.007 0.611
C 0.024 0.611 0.041 0.598 0.041 0.578
C 0.041 0.56 0.029 0.553 -0.027 0.492
C -0.039 0.48 -0.045 0.473 -0.057 0.473
C -0.071 0.473 -0.084 0.483 -0.084 0.499
Z
M 0.046 0.031
C 0.046 0.061 0.07 0.062 0.081 0.062
L 0.117 0.062
L 0.117 0.577
L 0.082 0.577
C 0.072 0.577 0.046 0.578 0.046 0.607
C 0.046 0.623 0.053 0.639 0.081 0.639
L 0.467 0.639
C 0.502 0.639 0.501 0.615 0.501 0.602
L 0.501 0.516
C 0.501 0.489 0.484 0.482 0.47 0.482
L 0.469 0.483
C 0.456 0.483 0.435 0.484 0.434 0.515
L 0.434 0.577
L 0.187 0.577
L 0.187 0.362
L 0.319 0.362
L 0.319 0.383
C 0.319 0.397 0.322 0.419 0.351 0.419
L 0.355 0.419
C 0.384 0.419 0.386 0.396 0.386 0.383
L 0.386 0.278
C 0.386 0.247 0.368 0.244 0.353 0.244
L 0.351 0.244
C 0.319 0.244 0.319 0.271 0.319 0.28
L 0.319 0.3
L 0.187 0.3
L 0.187 0.062
L 0.456 0.062
L 0.456 0.138
C 0.457 0.167 0.473 0.172 0.49 0.172
L 0.492 0.172
C 0.517 0.172 0.524 0.155 0.524 0.136
C 0.524 0.133 0.523 0.13 0.523 0.127
L 0.523 0.036
C 0.523 0.019 0.522 0 0.488 0
L 0.081 0
C 0.072 0 0.046 0.001 0.046 0.031
Z
