M 0.166 0.134
L 0.166 0.398
C 0.166 0.413 0.167 0.436 0.199 0.436
C 0.226 0.436 0.233 0.419 0.233 0.404
L 0.233 0.139
C 0.233 0.074 0.253 0.062 0.266 0.062
C 0.289 0.062 0.292 0.101 0.293 0.104
C 0.297 0.115 0.307 0.122 0.322 0.122
L 0.324 0.122
C 0.351 0.122 0.358 0.106 0.358 0.092
C 0.358 0.044 0.321 -0.005 0.266 -0.005
C 0.212 -0.005 0.166 0.042 0.166 0.134
Z
M 0.151 0.562
C 0.151 0.609 0.191 0.639 0.226 0.639
C 0.248 0.639 0.265 0.624 0.265 0.601
C 0.265 0.579 0.248 0.564 0.228 0.564
C 0.22 0.564 0.215 0.566 0.207 0.57
C 0.207 0.568 0.206 0.566 0.206 0.564
C 0.206 0.526 0.265 0.554 0.265 0.512
C 0.265 0.504 0.259 0.485 0.235 0.485
C 0.205 0.485 0.151 0.507 0.151 0.562
Z
