M 0.035 0.035
L 0.035 0.604
C 0.036 0.638 0.057 0.639 0.073 0.639
L 0.455 0.639
C 0.485 0.639 0.49 0.621 0.49 0.602
L 0.49 0.04
C 0.49 0.03 0.489 0.02 0.485 0.014
C 0.48 0.006 0.471 0 0.461 0
C 0.456 0 0.444 0.003 0.436 0.016
C 0.432 0.023 0.433 0.032 0.433 0.041
L 0.433 0.582
L 0.092 0.582
L 0.092 0.043
C 0.092 0.036 0.092 0.027 0.09 0.02
C 0.086 0.008 0.075 0 0.063 0
C 0.056 0 0.035 0.004 0.035 0.035
Z
M 0.115 0.03
C 0.115 0.044 0.119 0.056 0.137 0.061
L 0.137 0.513
C 0.137 0.533 0.138 0.537 0.146 0.546
C 0.151 0.551 0.158 0.553 0.164 0.553
C 0.172 0.553 0.179 0.55 0.185 0.543
C 0.193 0.532 0.262 0.342 0.262 0.342
C 0.278 0.377 0.332 0.534 0.334 0.538
C 0.336 0.542 0.344 0.553 0.359 0.553
C 0.37 0.553 0.388 0.548 0.388 0.518
L 0.388 0.061
C 0.402 0.056 0.41 0.048 0.41 0.03
C 0.41 0.006 0.393 0 0.374 0
L 0.349 0
C 0.34 0 0.314 0.001 0.314 0.03
C 0.314 0.039 0.316 0.052 0.331 0.06
L 0.331 0.328
L 0.33 0.37
C 0.326 0.359 0.299 0.281 0.29 0.259
C 0.286 0.25 0.279 0.237 0.262 0.237
C 0.234 0.237 0.235 0.265 0.192 0.374
L 0.192 0.06
C 0.204 0.053 0.209 0.042 0.209 0.031
C 0.209 0.002 0.186 0 0.173 0
L 0.15 0
C 0.135 0 0.115 0.003 0.115 0.03
Z
