M 0.021 0.497
L 0.021 0.57
C 0.021 0.585 0.02 0.611 0.056 0.611
L 0.239 0.611
C 0.255 0.611 0.277 0.607 0.277 0.58
C 0.277 0.574 0.275 0.554 0.25 0.549
L 0.25 0.348
L 0.353 0.348
C 0.451 0.348 0.491 0.251 0.491 0.174
C 0.491 0.116 0.464 0 0.352 0
L 0.163 0
C 0.138 0 0.127 0.012 0.127 0.031
C 0.127 0.043 0.133 0.062 0.164 0.062
L 0.18 0.062
L 0.18 0.549
L 0.091 0.549
L 0.091 0.488
C 0.09 0.457 0.07 0.455 0.055 0.455
C 0.02 0.456 0.021 0.48 0.021 0.497
Z
M 0.25 0.062
L 0.341 0.062
C 0.4 0.062 0.421 0.128 0.421 0.174
C 0.421 0.233 0.392 0.287 0.342 0.287
L 0.25 0.287
L 0.25 0.062
Z
