M 0.042 0.029
C 0.042 0.037 0.045 0.057 0.077 0.057
L 0.089 0.057
L 0.089 0.374
L 0.077 0.374
C 0.046 0.374 0.042 0.393 0.042 0.402
C 0.042 0.41 0.047 0.43 0.077 0.43
L 0.171 0.43
C 0.201 0.43 0.205 0.41 0.205 0.402
C 0.205 0.393 0.201 0.374 0.17 0.374
L 0.159 0.374
L 0.159 0.253
L 0.364 0.253
L 0.364 0.374
L 0.353 0.374
C 0.322 0.374 0.318 0.393 0.318 0.402
C 0.318 0.41 0.322 0.429 0.352 0.43
L 0.446 0.43
C 0.477 0.43 0.48 0.41 0.48 0.402
C 0.48 0.393 0.476 0.374 0.445 0.374
L 0.434 0.374
L 0.434 0.057
L 0.446 0.057
C 0.476 0.057 0.48 0.036 0.48 0.028
C 0.48 0.019 0.476 0 0.445 0
L 0.352 0
C 0.321 0 0.318 0.021 0.318 0.029
C 0.318 0.037 0.321 0.057 0.353 0.057
L 0.364 0.057
L 0.364 0.195
L 0.159 0.195
L 0.159 0.057
L 0.171 0.057
C 0.201 0.057 0.205 0.036 0.205 0.028
C 0.205 0.019 0.201 0 0.17 0
L 0.077 0
C 0.046 0 0.042 0.021 0.042 0.029
Z
