M 0.017 0.4
C 0.017 0.411 0.022 0.431 0.053 0.431
L 0.182 0.431
C 0.207 0.431 0.217 0.416 0.217 0.401
C 0.217 0.39 0.213 0.369 0.181 0.369
L 0.161 0.369
L 0.279 0.215
C 0.364 0.292 0.359 0.288 0.359 0.302
L 0.359 0.369
L 0.308 0.369
C 0.29 0.369 0.269 0.374 0.269 0.4
C 0.269 0.411 0.273 0.431 0.305 0.431
L 0.468 0.431
C 0.497 0.431 0.505 0.415 0.505 0.4
C 0.505 0.371 0.481 0.369 0.468 0.369
L 0.415 0.369
L 0.415 -0.16
L 0.472 -0.16
C 0.5 -0.161 0.505 -0.179 0.505 -0.191
C 0.505 -0.22 0.479 -0.222 0.469 -0.222
L 0.393 -0.222
C 0.356 -0.222 0.359 -0.194 0.359 -0.181
L 0.359 0.212
L 0.199 0.062
L 0.238 0.062
C 0.251 0.062 0.275 0.061 0.275 0.031
C 0.275 0.003 0.249 0 0.239 0
L 0.084 0
C 0.077 0 0.071 0 0.064 0.001
C 0.051 0.003 0.039 0.014 0.039 0.031
C 0.039 0.058 0.06 0.062 0.076 0.062
L 0.097 0.062
C 0.118 0.062 0.115 0.063 0.131 0.077
C 0.216 0.156 0.226 0.167 0.237 0.176
C 0.236 0.177 0.101 0.356 0.093 0.364
C 0.087 0.37 0.083 0.369 0.069 0.369
L 0.053 0.369
C 0.022 0.369 0.017 0.389 0.017 0.4
Z
