M 0.029 0.197
C 0.029 0.324 0.128 0.442 0.269 0.442
C 0.37 0.442 0.466 0.396 0.466 0.322
C 0.466 0.278 0.436 0.245 0.405 0.228
C 0.434 0.214 0.48 0.181 0.48 0.126
C 0.48 0.046 0.382 -0.011 0.268 -0.011
C 0.141 -0.011 0.029 0.073 0.029 0.197
Z
M 0.099 0.198
C 0.099 0.11 0.178 0.051 0.268 0.051
C 0.361 0.051 0.41 0.096 0.41 0.126
C 0.41 0.146 0.394 0.162 0.379 0.172
C 0.306 0.221 0.233 0.179 0.233 0.233
C 0.233 0.287 0.317 0.246 0.372 0.284
C 0.385 0.293 0.396 0.306 0.396 0.32
C 0.396 0.356 0.328 0.38 0.268 0.38
C 0.162 0.38 0.099 0.285 0.099 0.198
Z
