M 0.078 0.031
C 0.078 0.06 0.103 0.062 0.113 0.062
L 0.24 0.062
L 0.24 0.369
L 0.123 0.369
C 0.09 0.369 0.086 0.387 0.086 0.4
C 0.086 0.429 0.111 0.43 0.124 0.43
L 0.273 0.43
C 0.288 0.43 0.31 0.428 0.31 0.395
L 0.31 0.062
L 0.418 0.062
C 0.439 0.062 0.455 0.056 0.455 0.031
C 0.455 0.017 0.449 0 0.421 0
L 0.113 0
C 0.085 0 0.078 0.017 0.078 0.031
Z
M 0.221 0.567
C 0.221 0.591 0.241 0.611 0.265 0.611
C 0.288 0.611 0.309 0.593 0.309 0.567
C 0.309 0.543 0.29 0.522 0.265 0.522
C 0.242 0.522 0.221 0.541 0.221 0.567
Z
M 0.231 -0.108
C 0.231 -0.082 0.252 -0.064 0.275 -0.064
C 0.298 -0.064 0.319 -0.083 0.319 -0.109
C 0.319 -0.135 0.299 -0.152 0.276 -0.152
C 0.25 -0.152 0.231 -0.13 0.231 -0.108
Z
