M -0.004 0.031
C -0.004 0.06 0.021 0.062 0.033 0.062
L 0.053 0.062
L 0.053 0.369
C 0.043 0.369 0.017 0.37 0.017 0.401
C 0.017 0.416 0.027 0.43 0.052 0.43
L 0.053 0.43
L 0.053 0.483
C 0.053 0.575 0.136 0.616 0.201 0.616
C 0.247 0.616 0.27 0.593 0.278 0.585
L 0.279 0.585
C 0.304 0.605 0.342 0.616 0.375 0.616
C 0.438 0.616 0.472 0.572 0.472 0.536
C 0.472 0.506 0.45 0.49 0.428 0.49
C 0.402 0.49 0.383 0.51 0.383 0.535
C 0.383 0.542 0.384 0.546 0.386 0.552
C 0.38 0.553 0.376 0.554 0.37 0.554
C 0.349 0.554 0.298 0.542 0.298 0.481
L 0.298 0.43
L 0.437 0.43
C 0.473 0.43 0.472 0.406 0.472 0.39
L 0.472 0.062
L 0.492 0.062
C 0.524 0.062 0.529 0.042 0.529 0.031
C 0.529 0.02 0.524 0 0.494 0
L 0.393 0
C 0.368 0 0.359 0.015 0.359 0.03
C 0.359 0.06 0.383 0.062 0.397 0.062
L 0.402 0.062
L 0.402 0.369
L 0.298 0.369
L 0.298 0.062
L 0.304 0.062
C 0.331 0.062 0.341 0.048 0.341 0.033
C 0.341 0.02 0.335 0 0.305 0
L 0.219 0
C 0.194 0 0.184 0.015 0.184 0.03
C 0.184 0.044 0.192 0.057 0.206 0.06
C 0.213 0.062 0.221 0.062 0.228 0.062
L 0.228 0.369
L 0.123 0.369
L 0.123 0.062
L 0.128 0.062
C 0.143 0.062 0.166 0.06 0.166 0.03
C 0.166 0.015 0.157 0 0.132 0
L 0.031 0
C 0.003 0 -0.004 0.017 -0.004 0.031
Z
M 0.123 0.43
L 0.228 0.43
L 0.228 0.497
C 0.217 0.507 0.209 0.517 0.209 0.533
C 0.209 0.538 0.21 0.545 0.212 0.552
C 0.207 0.553 0.202 0.554 0.195 0.554
C 0.173 0.554 0.123 0.542 0.123 0.482
L 0.123 0.43
Z
