M 0.078 0.03
C 0.078 0.061 0.103 0.061 0.119 0.061
L 0.24 0.061
L 0.24 0.37
L 0.127 0.37
C 0.112 0.37 0.086 0.37 0.086 0.401
C 0.086 0.431 0.112 0.431 0.127 0.431
L 0.269 0.431
C 0.303 0.431 0.309 0.421 0.309 0.39
L 0.309 0.061
L 0.414 0.061
C 0.429 0.061 0.455 0.061 0.455 0.03
C 0.455 0 0.429 0 0.414 0
L 0.119 0
C 0.104 0 0.078 0 0.078 0.03
Z
M 0.132 0.61
C 0.132 0.626 0.146 0.639 0.161 0.639
C 0.184 0.639 0.264 0.562 0.276 0.562
C 0.29 0.562 0.367 0.638 0.392 0.639
C 0.409 0.639 0.421 0.624 0.421 0.61
C 0.421 0.592 0.417 0.592 0.301 0.496
C 0.296 0.492 0.287 0.484 0.276 0.484
L 0.273 0.484
C 0.264 0.484 0.26 0.488 0.151 0.579
C 0.142 0.586 0.132 0.595 0.132 0.61
Z
