M 0.172 0.727
C 0.172 0.749 0.192 0.754 0.204 0.758
C 0.345 0.806 0.344 0.807 0.354 0.807
C 0.371 0.807 0.388 0.793 0.388 0.772
C 0.388 0.75 0.372 0.741 0.356 0.736
C 0.22 0.69 0.21 0.686 0.204 0.686
C 0.178 0.686 0.172 0.718 0.172 0.727
Z
M 0.048 0.034
C 0.048 0.044 0.048 0.05 0.058 0.065
L 0.387 0.55
L 0.129 0.55
L 0.129 0.497
C 0.129 0.477 0.129 0.456 0.094 0.456
C 0.06 0.456 0.06 0.478 0.06 0.497
L 0.06 0.57
C 0.06 0.603 0.068 0.611 0.101 0.611
L 0.435 0.611
C 0.454 0.611 0.476 0.611 0.476 0.577
C 0.476 0.567 0.476 0.561 0.466 0.546
L 0.137 0.061
L 0.412 0.061
L 0.412 0.133
C 0.412 0.153 0.412 0.174 0.447 0.174
C 0.481 0.174 0.481 0.152 0.481 0.133
L 0.481 0.041
C 0.481 0.009 0.474 0 0.441 0
L 0.089 0
C 0.07 0 0.048 0 0.048 0.034
Z
