M 0.025 0.4
C 0.025 0.415 0.032 0.43 0.061 0.43
L 0.152 0.43
L 0.152 0.518
C 0.152 0.546 0.169 0.553 0.185 0.553
L 0.187 0.553
C 0.202 0.553 0.222 0.551 0.222 0.518
L 0.222 0.43
L 0.392 0.43
C 0.399 0.43 0.427 0.43 0.427 0.399
C 0.427 0.388 0.423 0.369 0.391 0.369
L 0.222 0.369
L 0.222 0.131
C 0.222 0.095 0.227 0.056 0.296 0.056
C 0.374 0.056 0.381 0.114 0.381 0.134
C 0.381 0.138 0.38 0.141 0.38 0.141
C 0.38 0.146 0.389 0.165 0.415 0.165
C 0.443 0.165 0.45 0.146 0.45 0.126
C 0.45 0.047 0.378 -0.006 0.294 -0.006
C 0.181 -0.006 0.152 0.06 0.152 0.131
L 0.152 0.369
L 0.06 0.369
C 0.032 0.369 0.025 0.386 0.025 0.4
Z
M 0.332 0.465
C 0.332 0.5 0.365 0.48 0.402 0.525
C 0.353 0.525 0.336 0.562 0.336 0.588
C 0.336 0.619 0.358 0.65 0.399 0.65
C 0.435 0.65 0.476 0.619 0.476 0.566
C 0.476 0.484 0.401 0.433 0.363 0.433
C 0.344 0.433 0.332 0.453 0.332 0.465
Z
