M 0.037 0.305
C 0.037 0.443 0.101 0.591 0.23 0.619
L 0.23 0.655
C 0.23 0.664 0.229 0.694 0.26 0.694
C 0.293 0.694 0.291 0.663 0.291 0.654
L 0.291 0.619
C 0.326 0.613 0.35 0.599 0.377 0.577
C 0.387 0.599 0.394 0.622 0.419 0.622
C 0.437 0.622 0.449 0.608 0.449 0.589
L 0.449 0.44
C 0.449 0.426 0.451 0.4 0.413 0.4
C 0.372 0.4 0.385 0.426 0.37 0.47
C 0.349 0.531 0.312 0.549 0.291 0.557
L 0.291 0.055
C 0.366 0.081 0.376 0.195 0.377 0.207
L 0.332 0.207
C 0.319 0.207 0.295 0.209 0.295 0.238
C 0.295 0.263 0.312 0.269 0.331 0.269
L 0.46 0.269
C 0.471 0.269 0.496 0.268 0.496 0.238
C 0.496 0.224 0.489 0.207 0.461 0.207
L 0.449 0.207
L 0.449 0.037
C 0.449 0.02 0.447 0 0.414 0
L 0.412 0
C 0.377 0 0.379 0.032 0.379 0.041
C 0.352 0.015 0.328 0 0.291 -0.008
L 0.291 -0.043
C 0.291 -0.055 0.291 -0.083 0.26 -0.083
C 0.226 -0.083 0.23 -0.047 0.23 -0.044
L 0.23 -0.008
C 0.109 0.019 0.037 0.156 0.037 0.305
Z
M 0.107 0.306
C 0.107 0.193 0.153 0.088 0.23 0.057
L 0.23 0.554
C 0.154 0.523 0.107 0.417 0.107 0.306
Z
