M 0.214 0.499
C 0.214 0.512 0.221 0.519 0.273 0.591
C 0.283 0.605 0.292 0.612 0.305 0.612
C 0.322 0.612 0.338 0.598 0.338 0.578
C 0.338 0.561 0.327 0.553 0.271 0.492
C 0.26 0.48 0.253 0.473 0.241 0.473
L 0.24 0.473
C 0.226 0.473 0.214 0.484 0.214 0.499
Z
M 0.041 0.215
C 0.041 0.332 0.135 0.436 0.262 0.436
C 0.389 0.436 0.483 0.331 0.483 0.215
C 0.483 0.098 0.389 -0.005 0.262 -0.005
C 0.144 -0.005 0.041 0.089 0.041 0.215
Z
M 0.108 0.215
C 0.108 0.126 0.18 0.062 0.262 0.062
C 0.342 0.062 0.416 0.126 0.416 0.215
C 0.416 0.304 0.344 0.369 0.262 0.369
C 0.182 0.369 0.108 0.304 0.108 0.215
Z
