M 0.025 0.031
C 0.025 0.059 0.05 0.062 0.06 0.062
L 0.096 0.062
L 0.096 0.549
L 0.065 0.549
C 0.05 0.549 0.025 0.55 0.025 0.58
C 0.025 0.593 0.032 0.611 0.061 0.611
L 0.286 0.611
C 0.415 0.611 0.48 0.514 0.48 0.427
C 0.48 0.373 0.456 0.318 0.41 0.284
L 0.41 0.283
C 0.471 0.241 0.476 0.23 0.476 0.219
C 0.476 0.205 0.462 0.188 0.445 0.188
C 0.421 0.188 0.363 0.25 0.346 0.25
C 0.337 0.25 0.325 0.245 0.298 0.244
L 0.166 0.244
L 0.166 0.062
L 0.2 0.062
C 0.209 0.062 0.237 0.061 0.237 0.03
C 0.237 0.018 0.232 0 0.2 0
L 0.062 0
C 0.05 0 0.025 0.001 0.025 0.031
Z
M 0.166 0.305
L 0.278 0.305
C 0.269 0.314 0.265 0.323 0.265 0.331
C 0.265 0.348 0.282 0.362 0.296 0.362
C 0.307 0.362 0.314 0.356 0.352 0.327
L 0.353 0.327
C 0.366 0.336 0.41 0.367 0.41 0.427
C 0.41 0.476 0.373 0.549 0.269 0.549
L 0.166 0.549
L 0.166 0.305
Z
