M 0.017 0.03
C 0.017 0.06 0.04 0.062 0.054 0.062
L 0.102 0.062
L 0.102 0.369
L 0.054 0.369
C 0.041 0.369 0.017 0.371 0.017 0.399
C 0.017 0.414 0.024 0.43 0.052 0.43
L 0.471 0.43
C 0.499 0.43 0.506 0.413 0.506 0.399
C 0.506 0.37 0.481 0.369 0.468 0.369
L 0.421 0.369
L 0.421 0.062
L 0.468 0.062
C 0.479 0.062 0.506 0.061 0.506 0.031
C 0.506 0.006 0.489 0 0.469 0
L 0.316 0
C 0.284 0 0.279 0.02 0.279 0.031
C 0.279 0.06 0.303 0.062 0.316 0.062
L 0.364 0.062
L 0.364 0.369
L 0.159 0.369
L 0.159 0.062
L 0.206 0.062
C 0.217 0.062 0.244 0.061 0.244 0.031
C 0.244 0.019 0.239 0 0.207 0
L 0.054 0
C 0.022 0 0.017 0.019 0.017 0.03
Z
