M 0.017 0.031
C 0.017 0.06 0.041 0.062 0.054 0.062
L 0.102 0.062
L 0.102 0.369
L 0.055 0.369
C 0.039 0.369 0.017 0.372 0.017 0.4
C 0.017 0.411 0.022 0.43 0.054 0.43
L 0.206 0.43
C 0.219 0.43 0.243 0.43 0.243 0.4
C 0.243 0.371 0.22 0.369 0.207 0.369
L 0.159 0.369
L 0.159 0.062
L 0.364 0.062
L 0.364 0.369
L 0.316 0.369
C 0.306 0.369 0.279 0.37 0.279 0.399
C 0.279 0.428 0.304 0.43 0.317 0.43
L 0.469 0.43
C 0.487 0.43 0.506 0.425 0.506 0.4
C 0.506 0.371 0.482 0.369 0.469 0.369
L 0.421 0.369
L 0.421 0.062
L 0.474 0.062
C 0.496 0.062 0.514 0.06 0.514 0.024
L 0.514 -0.102
C 0.514 -0.133 0.497 -0.138 0.486 -0.138
C 0.456 -0.138 0.457 -0.107 0.457 -0.098
L 0.457 0
L 0.054 0
C 0.044 0 0.017 0.001 0.017 0.031
Z
