M 0.117 0.776
C 0.117 0.791 0.131 0.804 0.147 0.804
C 0.162 0.804 0.182 0.78 0.261 0.711
L 0.263 0.711
C 0.273 0.721 0.333 0.776 0.345 0.785
C 0.355 0.795 0.365 0.804 0.377 0.804
C 0.385 0.804 0.407 0.799 0.407 0.771
C 0.407 0.762 0.401 0.756 0.287 0.649
C 0.281 0.643 0.273 0.636 0.261 0.636
C 0.251 0.636 0.241 0.643 0.235 0.649
C 0.117 0.762 0.117 0.759 0.117 0.776
Z
M 0.022 0.03
C 0.022 0.061 0.046 0.061 0.062 0.061
L 0.087 0.061
L 0.087 0.55
L 0.062 0.55
C 0.047 0.55 0.022 0.55 0.022 0.58
C 0.022 0.611 0.046 0.611 0.062 0.611
L 0.181 0.611
C 0.197 0.611 0.221 0.611 0.221 0.58
C 0.221 0.55 0.196 0.55 0.181 0.55
L 0.156 0.55
L 0.156 0.348
L 0.368 0.348
L 0.368 0.55
L 0.343 0.55
C 0.327 0.55 0.303 0.55 0.303 0.581
C 0.303 0.611 0.328 0.611 0.343 0.611
L 0.462 0.611
C 0.478 0.611 0.502 0.611 0.502 0.58
C 0.502 0.55 0.477 0.55 0.462 0.55
L 0.437 0.55
L 0.437 0.061
L 0.462 0.061
C 0.478 0.061 0.502 0.061 0.502 0.03
C 0.502 0 0.477 0 0.462 0
L 0.343 0
C 0.327 0 0.303 0 0.303 0.031
C 0.303 0.061 0.328 0.061 0.343 0.061
L 0.368 0.061
L 0.368 0.287
L 0.156 0.287
L 0.156 0.061
L 0.181 0.061
C 0.197 0.061 0.221 0.061 0.221 0.03
C 0.221 0 0.196 0 0.181 0
L 0.062 0
C 0.047 0 0.022 0 0.022 0.03
Z
