M 0.153 0.512
C 0.153 0.555 0.217 0.524 0.212 0.57
C 0.204 0.566 0.196 0.564 0.189 0.564
C 0.166 0.564 0.153 0.584 0.153 0.601
C 0.153 0.617 0.164 0.639 0.192 0.639
C 0.227 0.639 0.267 0.609 0.267 0.562
C 0.267 0.513 0.222 0.485 0.184 0.485
C 0.16 0.485 0.153 0.504 0.153 0.512
Z
M 0.283 0.578
C 0.283 0.597 0.3 0.611 0.316 0.611
C 0.339 0.611 0.345 0.596 0.396 0.525
C 0.401 0.518 0.408 0.51 0.408 0.499
C 0.408 0.483 0.393 0.473 0.38 0.473
C 0.365 0.473 0.361 0.48 0.296 0.55
C 0.29 0.557 0.283 0.566 0.283 0.578
Z
M 0.043 0.216
C 0.043 0.336 0.112 0.436 0.204 0.436
C 0.295 0.436 0.345 0.346 0.37 0.257
C 0.386 0.289 0.429 0.416 0.431 0.42
C 0.439 0.435 0.452 0.436 0.462 0.436
C 0.484 0.436 0.494 0.424 0.494 0.408
C 0.494 0.386 0.425 0.206 0.399 0.16
C 0.41 0.13 0.425 0.075 0.46 0.061
C 0.465 0.076 0.48 0.083 0.494 0.083
C 0.511 0.083 0.526 0.073 0.526 0.053
C 0.526 0.025 0.503 -0.005 0.464 -0.005
C 0.404 -0.005 0.37 0.054 0.355 0.087
C 0.298 0.01 0.242 -0.005 0.204 -0.005
C 0.113 -0.005 0.043 0.092 0.043 0.216
Z
M 0.11 0.216
C 0.11 0.133 0.15 0.061 0.206 0.061
C 0.268 0.061 0.325 0.153 0.325 0.167
C 0.325 0.174 0.322 0.183 0.317 0.201
C 0.29 0.296 0.263 0.37 0.205 0.37
C 0.146 0.37 0.11 0.29 0.11 0.216
Z
