M 0.011 0.031
C 0.011 0.042 0.016 0.062 0.047 0.062
L 0.061 0.062
L 0.061 0.549
L 0.046 0.549
C 0.037 0.549 0.011 0.551 0.011 0.581
C 0.011 0.591 0.016 0.611 0.047 0.611
L 0.146 0.611
C 0.174 0.611 0.181 0.595 0.181 0.58
L 0.181 0.579
C 0.181 0.569 0.176 0.549 0.145 0.549
L 0.131 0.549
L 0.131 0.348
L 0.284 0.348
L 0.284 0.549
L 0.27 0.549
C 0.239 0.549 0.235 0.57 0.235 0.58
C 0.235 0.59 0.239 0.611 0.271 0.611
L 0.469 0.611
C 0.506 0.611 0.504 0.584 0.504 0.569
L 0.504 0.489
C 0.504 0.461 0.487 0.455 0.472 0.455
L 0.468 0.455
C 0.457 0.455 0.434 0.456 0.434 0.491
L 0.434 0.549
L 0.354 0.549
L 0.354 0.062
L 0.369 0.062
C 0.399 0.062 0.404 0.041 0.404 0.03
C 0.404 0.02 0.4 0 0.368 0
L 0.269 0
C 0.241 0 0.235 0.016 0.235 0.031
L 0.235 0.032
C 0.235 0.042 0.239 0.062 0.27 0.062
L 0.284 0.062
L 0.284 0.287
L 0.131 0.287
L 0.131 0.062
L 0.146 0.062
C 0.174 0.062 0.181 0.045 0.181 0.03
C 0.181 0.02 0.176 0 0.145 0
L 0.046 0
C 0.036 0 0.011 0.001 0.011 0.031
Z
