M 0.058 0.03
C 0.058 0.061 0.083 0.061 0.099 0.061
L 0.228 0.061
L 0.228 0.55
L 0.098 0.55
C 0.084 0.55 0.058 0.55 0.058 0.58
C 0.058 0.611 0.083 0.611 0.099 0.611
L 0.257 0.611
C 0.291 0.611 0.297 0.601 0.297 0.57
L 0.297 0.061
L 0.427 0.061
C 0.443 0.061 0.467 0.061 0.467 0.03
C 0.467 0 0.442 0 0.427 0
L 0.098 0
C 0.084 0 0.058 0 0.058 0.03
Z
M 0.1 -0.173
C 0.1 -0.157 0.111 -0.15 0.122 -0.143
C 0.247 -0.06 0.25 -0.056 0.262 -0.056
L 0.263 -0.056
C 0.273 -0.056 0.274 -0.057 0.402 -0.142
C 0.41 -0.147 0.425 -0.156 0.425 -0.174
C 0.425 -0.186 0.41 -0.212 0.39 -0.212
L 0.388 -0.212
C 0.367 -0.212 0.277 -0.132 0.262 -0.132
C 0.255 -0.132 0.249 -0.138 0.231 -0.151
C 0.16 -0.202 0.149 -0.212 0.135 -0.212
C 0.115 -0.212 0.1 -0.187 0.1 -0.173
Z
