M 0.056 0.199
L 0.056 0.412
C 0.058 0.544 0.065 0.584 0.075 0.597
C 0.095 0.621 0.178 0.622 0.258 0.622
C 0.362 0.622 0.431 0.62 0.449 0.597
C 0.464 0.578 0.466 0.486 0.468 0.412
L 0.468 0.199
C 0.467 0.121 0.464 0.035 0.451 0.016
C 0.437 -0.005 0.388 -0.011 0.265 -0.011
L 0.253 -0.011
C 0.155 -0.011 0.092 -0.007 0.075 0.013
C 0.062 0.028 0.056 0.097 0.056 0.199
Z
M 0.126 0.215
C 0.127 0.188 0.127 0.139 0.131 0.102
C 0.136 0.062 0.136 0.05 0.255 0.05
L 0.279 0.05
C 0.313 0.05 0.373 0.051 0.386 0.073
C 0.395 0.089 0.397 0.177 0.398 0.215
L 0.398 0.41
C 0.397 0.481 0.395 0.528 0.384 0.542
C 0.373 0.555 0.345 0.56 0.273 0.56
L 0.251 0.56
C 0.133 0.56 0.135 0.546 0.131 0.509
C 0.128 0.475 0.126 0.409 0.126 0.357
L 0.126 0.215
Z
M 0.132 0.772
C 0.132 0.788 0.144 0.807 0.166 0.807
C 0.173 0.807 0.174 0.806 0.319 0.757
C 0.333 0.752 0.348 0.745 0.348 0.727
C 0.348 0.717 0.342 0.686 0.316 0.686
L 0.315 0.686
C 0.31 0.686 0.306 0.687 0.165 0.735
C 0.147 0.741 0.132 0.75 0.132 0.772
Z
