M 0.068 0.581
C 0.068 0.608 0.089 0.611 0.105 0.611
L 0.224 0.611
C 0.259 0.611 0.259 0.588 0.259 0.574
L 0.259 -0.038
C 0.259 -0.097 0.278 -0.166 0.352 -0.166
C 0.368 -0.166 0.385 -0.164 0.398 -0.162
C 0.397 -0.158 0.397 -0.154 0.397 -0.151
C 0.397 -0.124 0.418 -0.107 0.442 -0.107
C 0.464 -0.107 0.486 -0.123 0.486 -0.152
C 0.486 -0.189 0.459 -0.21 0.433 -0.218
C 0.408 -0.226 0.381 -0.228 0.349 -0.228
C 0.253 -0.228 0.189 -0.145 0.189 -0.041
L 0.189 0.55
L 0.104 0.55
C 0.094 0.55 0.068 0.551 0.068 0.581
Z
