M 0.185 0.829
C 0.185 0.859 0.209 0.907 0.264 0.907
C 0.328 0.907 0.36 0.868 0.36 0.828
C 0.36 0.77 0.302 0.77 0.291 0.728
C 0.288 0.715 0.297 0.676 0.262 0.676
C 0.249 0.676 0.239 0.685 0.235 0.697
C 0.233 0.704 0.233 0.71 0.233 0.717
C 0.233 0.793 0.302 0.809 0.302 0.829
C 0.302 0.842 0.284 0.851 0.268 0.851
C 0.227 0.851 0.258 0.811 0.223 0.799
C 0.22 0.798 0.217 0.798 0.214 0.798
C 0.199 0.798 0.185 0.811 0.185 0.829
Z
M 0.004 0.581
C 0.004 0.611 0.03 0.611 0.045 0.611
L 0.174 0.611
C 0.189 0.611 0.215 0.611 0.215 0.581
C 0.215 0.55 0.189 0.55 0.174 0.55
L 0.144 0.55
L 0.144 0.209
C 0.144 0.102 0.209 0.05 0.262 0.05
C 0.314 0.05 0.38 0.102 0.38 0.209
L 0.38 0.55
L 0.35 0.55
C 0.335 0.55 0.309 0.55 0.309 0.581
C 0.309 0.611 0.335 0.611 0.35 0.611
L 0.479 0.611
C 0.494 0.611 0.52 0.611 0.52 0.581
C 0.52 0.55 0.495 0.55 0.479 0.55
L 0.449 0.55
L 0.449 0.204
C 0.449 0.081 0.362 -0.011 0.262 -0.011
C 0.162 -0.011 0.075 0.081 0.075 0.204
L 0.075 0.55
L 0.045 0.55
C 0.03 0.55 0.004 0.55 0.004 0.581
Z
