M 0.086 0.684
C 0.086 0.759 0.163 0.819 0.263 0.819
C 0.368 0.819 0.439 0.755 0.439 0.683
C 0.439 0.664 0.427 0.652 0.408 0.652
C 0.376 0.652 0.378 0.684 0.376 0.692
C 0.368 0.729 0.321 0.755 0.262 0.755
C 0.215 0.755 0.154 0.735 0.148 0.685
C 0.147 0.673 0.144 0.652 0.117 0.652
C 0.099 0.652 0.086 0.664 0.086 0.684
Z
M 0.027 0.03
C 0.027 0.043 0.033 0.053 0.044 0.059
C 0.05 0.061 0.073 0.061 0.087 0.061
L 0.208 0.585
C 0.217 0.623 0.233 0.623 0.262 0.623
C 0.293 0.623 0.307 0.622 0.316 0.584
L 0.437 0.061
C 0.452 0.061 0.474 0.061 0.48 0.058
C 0.492 0.053 0.497 0.043 0.497 0.03
C 0.497 0 0.471 0 0.454 0
L 0.352 0
C 0.334 0 0.31 0 0.31 0.03
C 0.31 0.061 0.33 0.061 0.366 0.061
L 0.343 0.165
L 0.181 0.165
L 0.158 0.061
C 0.194 0.061 0.214 0.061 0.214 0.03
C 0.214 0 0.19 0 0.172 0
L 0.07 0
C 0.053 0 0.027 0 0.027 0.03
Z
M 0.196 0.226
L 0.328 0.226
L 0.262 0.54
Z
