M 0.063 0.512
C 0.063 0.555 0.126 0.524 0.121 0.57
C 0.113 0.566 0.106 0.564 0.099 0.564
C 0.076 0.564 0.063 0.584 0.063 0.601
C 0.063 0.617 0.074 0.639 0.102 0.639
C 0.137 0.639 0.177 0.609 0.177 0.562
C 0.177 0.509 0.125 0.485 0.093 0.485
C 0.074 0.485 0.063 0.497 0.063 0.512
Z
M 0.165 0.134
L 0.165 0.398
C 0.165 0.413 0.166 0.436 0.198 0.436
C 0.225 0.436 0.232 0.419 0.232 0.404
L 0.232 0.139
C 0.232 0.074 0.253 0.062 0.266 0.062
C 0.289 0.062 0.292 0.101 0.293 0.104
C 0.297 0.115 0.307 0.122 0.322 0.122
L 0.324 0.122
C 0.351 0.122 0.358 0.106 0.358 0.092
C 0.358 0.045 0.321 -0.005 0.266 -0.005
C 0.212 -0.005 0.165 0.041 0.165 0.134
Z
M 0.184 0.499
C 0.184 0.512 0.194 0.522 0.243 0.591
C 0.253 0.605 0.262 0.612 0.275 0.612
C 0.292 0.612 0.308 0.598 0.308 0.578
C 0.308 0.561 0.303 0.559 0.241 0.492
C 0.232 0.482 0.223 0.473 0.211 0.473
C 0.197 0.473 0.184 0.484 0.184 0.499
Z
