M -0.04 0.772
C -0.04 0.793 -0.023 0.807 -0.006 0.807
C 0.004 0.807 0.003 0.806 0.144 0.758
C 0.156 0.754 0.176 0.749 0.176 0.727
C 0.176 0.718 0.17 0.686 0.144 0.686
C 0.138 0.686 0.128 0.69 -0.008 0.736
C -0.024 0.741 -0.04 0.75 -0.04 0.772
Z
M 0.193 0.772
C 0.193 0.793 0.21 0.807 0.227 0.807
C 0.237 0.807 0.236 0.806 0.377 0.758
C 0.389 0.754 0.409 0.749 0.409 0.727
C 0.409 0.718 0.403 0.686 0.377 0.686
C 0.371 0.686 0.361 0.69 0.225 0.736
C 0.209 0.741 0.193 0.75 0.193 0.772
Z
M 0.004 0.581
C 0.004 0.611 0.03 0.611 0.045 0.611
L 0.174 0.611
C 0.189 0.611 0.215 0.611 0.215 0.581
C 0.215 0.55 0.189 0.55 0.174 0.55
L 0.144 0.55
L 0.144 0.209
C 0.144 0.102 0.209 0.05 0.262 0.05
C 0.314 0.05 0.38 0.102 0.38 0.209
L 0.38 0.55
L 0.35 0.55
C 0.335 0.55 0.309 0.55 0.309 0.581
C 0.309 0.611 0.335 0.611 0.35 0.611
L 0.479 0.611
C 0.494 0.611 0.52 0.611 0.52 0.581
C 0.52 0.55 0.495 0.55 0.479 0.55
L 0.449 0.55
L 0.449 0.204
C 0.449 0.081 0.362 -0.011 0.262 -0.011
C 0.162 -0.011 0.075 0.081 0.075 0.204
L 0.075 0.55
L 0.045 0.55
C 0.03 0.55 0.004 0.55 0.004 0.581
Z
