M 0.056 -0.052
C 0.056 -0.038 0.063 -0.028 0.073 -0.024
C 0.087 -0.018 0.209 -0.028 0.225 0.023
C 0.227 0.03 0.227 0.038 0.227 0.046
L 0.227 0.202
C 0.227 0.231 0.228 0.275 0.284 0.305
L 0.284 0.306
C 0.229 0.336 0.227 0.381 0.227 0.403
L 0.227 0.565
C 0.227 0.591 0.23 0.628 0.092 0.632
C 0.086 0.632 0.056 0.631 0.056 0.663
C 0.056 0.676 0.062 0.693 0.089 0.694
L 0.101 0.694
C 0.25 0.691 0.297 0.643 0.297 0.568
L 0.297 0.409
C 0.297 0.386 0.292 0.34 0.431 0.336
L 0.432 0.336
C 0.438 0.336 0.467 0.335 0.467 0.306
C 0.467 0.291 0.458 0.279 0.445 0.276
C 0.434 0.273 0.311 0.278 0.298 0.222
C 0.297 0.215 0.297 0.209 0.297 0.202
L 0.297 0.043
C 0.297 -0.058 0.206 -0.082 0.091 -0.083
C 0.062 -0.083 0.056 -0.066 0.056 -0.052
Z
