M 0.1 0.546
C 0.1 0.567 0.119 0.573 0.13 0.578
C 0.261 0.635 0.268 0.639 0.279 0.639
C 0.296 0.639 0.313 0.625 0.313 0.604
C 0.313 0.582 0.295 0.573 0.283 0.568
C 0.145 0.508 0.144 0.506 0.134 0.506
C 0.107 0.506 0.1 0.54 0.1 0.546
Z
M 0.31 0.545
C 0.31 0.571 0.316 0.567 0.465 0.632
C 0.472 0.635 0.48 0.639 0.488 0.639
C 0.505 0.639 0.522 0.625 0.522 0.604
C 0.522 0.582 0.504 0.573 0.492 0.568
C 0.354 0.508 0.353 0.506 0.343 0.506
C 0.324 0.506 0.31 0.526 0.31 0.545
Z
M 0.057 0.216
C 0.057 0.341 0.15 0.44 0.262 0.44
C 0.374 0.44 0.467 0.341 0.467 0.216
C 0.467 0.09 0.372 -0.006 0.262 -0.006
C 0.152 -0.006 0.057 0.089 0.057 0.216
Z
M 0.126 0.223
C 0.126 0.13 0.188 0.055 0.262 0.055
C 0.336 0.055 0.398 0.13 0.398 0.223
C 0.398 0.314 0.334 0.379 0.262 0.379
C 0.191 0.379 0.126 0.314 0.126 0.223
Z
