M 0.186 0.578
C 0.186 0.598 0.203 0.612 0.219 0.612
C 0.24 0.612 0.245 0.599 0.299 0.525
C 0.304 0.518 0.31 0.509 0.31 0.499
C 0.31 0.483 0.296 0.473 0.283 0.473
C 0.268 0.473 0.264 0.48 0.199 0.55
C 0.191 0.559 0.186 0.567 0.186 0.578
Z
M 0.041 0.215
C 0.041 0.332 0.135 0.436 0.262 0.436
C 0.389 0.436 0.483 0.331 0.483 0.215
C 0.483 0.098 0.389 -0.005 0.262 -0.005
C 0.144 -0.005 0.041 0.089 0.041 0.215
Z
M 0.108 0.215
C 0.108 0.126 0.18 0.062 0.262 0.062
C 0.342 0.062 0.416 0.126 0.416 0.215
C 0.416 0.304 0.344 0.369 0.262 0.369
C 0.182 0.369 0.108 0.304 0.108 0.215
Z
