M 0.04 0.608
C 0.04 0.638 0.064 0.639 0.075 0.639
L 0.448 0.639
C 0.463 0.639 0.484 0.637 0.484 0.603
L 0.484 0.517
C 0.484 0.489 0.468 0.482 0.453 0.482
L 0.451 0.482
C 0.434 0.482 0.417 0.486 0.417 0.517
L 0.417 0.577
L 0.132 0.577
L 0.267 0.338
C 0.271 0.33 0.273 0.324 0.273 0.319
C 0.273 0.31 0.269 0.303 0.262 0.291
L 0.136 0.063
L 0.417 0.063
L 0.417 0.123
C 0.417 0.141 0.423 0.158 0.448 0.158
L 0.453 0.158
C 0.469 0.158 0.484 0.151 0.484 0.123
L 0.484 0.035
C 0.484 0.001 0.463 0 0.448 0
L 0.073 0
C 0.052 0 0.041 0.013 0.041 0.027
C 0.041 0.04 0.039 0.032 0.198 0.32
L 0.18 0.35
L 0.051 0.577
C 0.046 0.586 0.04 0.595 0.04 0.608
Z
