M 0.093 0.171
C 0.093 0.19 0.098 0.191 0.213 0.306
C 0.094 0.424 0.093 0.421 0.093 0.44
C 0.093 0.461 0.11 0.474 0.128 0.474
C 0.146 0.474 0.147 0.472 0.262 0.355
L 0.263 0.355
C 0.382 0.474 0.377 0.474 0.397 0.474
C 0.412 0.474 0.43 0.46 0.43 0.44
C 0.43 0.42 0.425 0.419 0.311 0.305
C 0.427 0.19 0.431 0.191 0.431 0.172
C 0.431 0.154 0.415 0.137 0.396 0.137
C 0.376 0.137 0.37 0.148 0.263 0.256
L 0.262 0.256
C 0.253 0.246 0.243 0.237 0.165 0.159
C 0.158 0.152 0.147 0.137 0.128 0.137
C 0.106 0.137 0.093 0.155 0.093 0.171
Z
