M 0.102 0.561
C 0.102 0.59 0.126 0.611 0.152 0.611
C 0.178 0.611 0.202 0.59 0.202 0.561
C 0.202 0.532 0.177 0.511 0.153 0.511
C 0.123 0.511 0.102 0.534 0.102 0.561
Z
M 0.306 0.561
C 0.306 0.59 0.33 0.611 0.356 0.611
C 0.382 0.611 0.406 0.59 0.406 0.561
C 0.406 0.532 0.381 0.511 0.357 0.511
C 0.327 0.511 0.306 0.534 0.306 0.561
Z
M 0.043 0.189
C 0.043 0.222 0.066 0.224 0.078 0.224
L 0.386 0.224
C 0.381 0.3 0.322 0.374 0.229 0.374
C 0.119 0.374 0.145 0.314 0.098 0.314
C 0.064 0.314 0.063 0.335 0.063 0.35
L 0.063 0.4
C 0.062 0.429 0.082 0.436 0.093 0.436
C 0.115 0.436 0.118 0.419 0.132 0.419
C 0.139 0.419 0.175 0.436 0.236 0.436
C 0.37 0.436 0.457 0.328 0.457 0.215
C 0.457 0.091 0.358 -0.005 0.238 -0.005
C 0.122 -0.005 0.043 0.07 0.043 0.189
Z
M 0.115 0.163
C 0.12 0.135 0.135 0.056 0.238 0.056
C 0.294 0.056 0.353 0.088 0.379 0.163
L 0.115 0.163
Z
