M 0.043 0.189
C 0.043 0.222 0.066 0.224 0.078 0.224
L 0.386 0.224
C 0.381 0.3 0.322 0.374 0.229 0.374
C 0.119 0.374 0.145 0.314 0.098 0.314
C 0.064 0.314 0.063 0.335 0.063 0.35
L 0.063 0.4
C 0.062 0.429 0.082 0.436 0.093 0.436
C 0.115 0.436 0.118 0.419 0.132 0.419
C 0.139 0.419 0.175 0.436 0.236 0.436
C 0.37 0.436 0.457 0.328 0.457 0.215
C 0.457 0.091 0.358 -0.005 0.238 -0.005
C 0.122 -0.005 0.043 0.07 0.043 0.189
Z
M 0.115 0.163
C 0.12 0.135 0.135 0.056 0.238 0.056
C 0.294 0.056 0.353 0.088 0.379 0.163
L 0.115 0.163
Z
