M 0.017 0.45
C 0.017 0.489 0.046 0.499 0.062 0.499
C 0.088 0.499 0.106 0.478 0.106 0.454
C 0.106 0.433 0.093 0.423 0.09 0.42
C 0.096 0.39 0.107 0.372 0.129 0.358
C 0.142 0.496 0.218 0.622 0.326 0.622
C 0.402 0.622 0.512 0.57 0.515 0.326
C 0.515 0.29 0.496 0.289 0.477 0.289
L 0.197 0.289
C 0.2 0.168 0.26 0.051 0.345 0.051
C 0.425 0.051 0.448 0.122 0.448 0.122
C 0.454 0.133 0.467 0.138 0.48 0.138
C 0.497 0.138 0.514 0.128 0.514 0.109
C 0.514 0.088 0.485 0.03 0.414 0.003
C 0.413 0.003 0.288 -0.049 0.288 -0.113
C 0.288 -0.143 0.312 -0.166 0.343 -0.166
C 0.389 -0.166 0.387 -0.124 0.416 -0.124
C 0.431 -0.124 0.448 -0.137 0.448 -0.154
C 0.448 -0.177 0.407 -0.226 0.345 -0.226
C 0.278 -0.226 0.23 -0.173 0.23 -0.112
C 0.23 -0.09 0.236 -0.048 0.289 -0.004
C 0.193 0.032 0.134 0.14 0.127 0.293
C 0.044 0.312 0.017 0.391 0.017 0.45
Z
M 0.199 0.35
L 0.445 0.35
C 0.437 0.521 0.373 0.56 0.326 0.56
C 0.261 0.56 0.208 0.46 0.199 0.35
Z
