M -0.001 0.236
C -0.001 0.25 0.006 0.271 0.044 0.271
L 0.483 0.271
C 0.495 0.271 0.527 0.269 0.527 0.236
C 0.527 0.226 0.522 0.203 0.487 0.202
L 0.04 0.202
C 0.003 0.202 -0.001 0.227 -0.001 0.236
Z
M 0.06 0.067
C 0.06 0.128 0.13 0.142 0.207 0.143
L 0.241 0.143
C 0.333 0.143 0.416 0.134 0.451 0.077
C 0.461 0.061 0.466 0.04 0.466 0.021
C 0.466 -0.074 0.372 -0.097 0.229 -0.16
L 0.396 -0.16
L 0.396 -0.148
C 0.396 -0.115 0.418 -0.113 0.43 -0.113
L 0.434 -0.113
C 0.468 -0.113 0.466 -0.143 0.466 -0.155
L 0.466 -0.188
C 0.467 -0.214 0.451 -0.222 0.429 -0.222
L 0.097 -0.222
C 0.077 -0.222 0.06 -0.216 0.06 -0.191
C 0.06 -0.165 0.054 -0.173 0.279 -0.073
C 0.304 -0.062 0.396 -0.033 0.396 0.021
C 0.396 0.069 0.334 0.079 0.254 0.081
L 0.22 0.081
C 0.177 0.081 0.169 0.079 0.148 0.076
C 0.148 0.074 0.149 0.07 0.149 0.066
C 0.149 0.039 0.128 0.022 0.104 0.022
C 0.083 0.022 0.06 0.037 0.06 0.067
Z
M 0.09 0.604
C 0.09 0.662 0.177 0.606 0.253 0.687
C 0.263 0.697 0.27 0.705 0.285 0.705
C 0.317 0.705 0.314 0.672 0.314 0.665
L 0.314 0.402
L 0.407 0.402
C 0.439 0.402 0.443 0.383 0.443 0.372
C 0.443 0.358 0.437 0.341 0.409 0.34
L 0.135 0.34
C 0.106 0.34 0.099 0.359 0.099 0.371
C 0.099 0.383 0.104 0.402 0.136 0.402
L 0.244 0.402
L 0.244 0.603
C 0.192 0.578 0.153 0.573 0.131 0.573
C 0.117 0.573 0.109 0.575 0.109 0.575
C 0.098 0.579 0.09 0.589 0.09 0.604
Z
