M 0.02 0.215
C 0.02 0.332 0.076 0.436 0.161 0.436
C 0.187 0.436 0.206 0.429 0.227 0.413
C 0.233 0.432 0.247 0.436 0.263 0.436
C 0.271 0.436 0.292 0.435 0.297 0.41
C 0.317 0.425 0.339 0.436 0.368 0.436
C 0.449 0.436 0.503 0.334 0.503 0.217
C 0.503 0.096 0.446 -0.005 0.361 -0.005
C 0.334 -0.005 0.313 0.004 0.297 0.016
L 0.297 -0.16
L 0.318 -0.16
C 0.326 -0.16 0.353 -0.161 0.353 -0.191
C 0.353 -0.206 0.347 -0.222 0.318 -0.222
L 0.205 -0.222
C 0.177 -0.222 0.17 -0.207 0.17 -0.191
C 0.17 -0.175 0.178 -0.16 0.207 -0.16
L 0.227 -0.16
L 0.227 0.021
C 0.209 0.007 0.186 -0.005 0.156 -0.005
C 0.075 -0.005 0.02 0.095 0.02 0.215
Z
M 0.09 0.216
C 0.09 0.139 0.118 0.057 0.159 0.057
C 0.186 0.057 0.227 0.089 0.227 0.177
L 0.227 0.247
C 0.227 0.286 0.217 0.374 0.165 0.374
C 0.12 0.374 0.09 0.291 0.09 0.216
Z
M 0.297 0.162
C 0.297 0.139 0.303 0.1 0.327 0.069
C 0.335 0.063 0.344 0.057 0.357 0.057
C 0.402 0.057 0.433 0.139 0.433 0.214
C 0.433 0.29 0.405 0.374 0.364 0.374
C 0.326 0.374 0.297 0.323 0.297 0.28
L 0.297 0.162
Z
