M 0.026 0.342
L 0.026 0.392
C 0.026 0.407 0.025 0.43 0.063 0.43
L 0.46 0.43
C 0.475 0.43 0.498 0.43 0.498 0.395
L 0.498 0.336
C 0.498 0.317 0.491 0.301 0.464 0.301
C 0.43 0.301 0.428 0.322 0.428 0.337
L 0.428 0.369
L 0.297 0.369
L 0.297 0.062
L 0.398 0.062
C 0.424 0.062 0.431 0.045 0.431 0.025
L 0.431 -0.102
C 0.431 -0.133 0.413 -0.138 0.402 -0.138
C 0.372 -0.138 0.374 -0.106 0.374 -0.098
L 0.374 0
L 0.128 0
C 0.101 0.001 0.094 0.018 0.094 0.031
C 0.094 0.046 0.101 0.062 0.13 0.062
L 0.227 0.062
L 0.227 0.369
L 0.096 0.369
L 0.096 0.337
C 0.096 0.323 0.094 0.301 0.062 0.301
L 0.059 0.301
C 0.024 0.301 0.026 0.333 0.026 0.342
Z
