M 0.022 0.321
C 0.022 0.338 0.035 0.347 0.048 0.347
C 0.06 0.347 0.072 0.339 0.073 0.321
L 0.077 0.321
C 0.129 0.321 0.181 0.36 0.181 0.438
L 0.181 0.508
L 0.113 0.508
C 0.102 0.508 0.09 0.51 0.09 0.527
C 0.09 0.54 0.1 0.545 0.113 0.545
L 0.275 0.545
C 0.289 0.545 0.296 0.535 0.296 0.526
C 0.296 0.521 0.294 0.508 0.275 0.508
L 0.223 0.508
L 0.223 0.324
L 0.273 0.324
C 0.282 0.324 0.295 0.323 0.296 0.306
C 0.296 0.291 0.287 0.287 0.274 0.287
L 0.202 0.287
C 0.181 0.287 0.181 0.302 0.181 0.311
L 0.181 0.332
C 0.151 0.298 0.11 0.283 0.077 0.283
C 0.044 0.283 0.022 0.298 0.022 0.321
Z
