M 0.03 0.307
C 0.03 0.481 0.135 0.619 0.268 0.619
C 0.354 0.619 0.482 0.564 0.483 0.322
C 0.483 0.291 0.46 0.289 0.446 0.289
L 0.1 0.289
C 0.108 0.158 0.188 0.056 0.29 0.056
C 0.341 0.056 0.39 0.074 0.411 0.112
C 0.416 0.121 0.419 0.137 0.446 0.137
C 0.447 0.137 0.449 0.138 0.45 0.138
C 0.469 0.138 0.482 0.127 0.482 0.11
C 0.482 0.077 0.427 -0.005 0.281 -0.005
C 0.132 -0.005 0.03 0.143 0.03 0.307
Z
M 0.102 0.35
L 0.412 0.35
C 0.405 0.518 0.325 0.557 0.267 0.557
C 0.178 0.557 0.112 0.455 0.102 0.35
Z
