M -0.044 -0.108
C -0.044 -0.082 -0.028 -0.076 -0.01 -0.076
L 0.448 -0.076
C 0.474 -0.077 0.48 -0.094 0.48 -0.108
C 0.48 -0.122 0.474 -0.139 0.448 -0.139
L -0.008 -0.139
C -0.027 -0.139 -0.044 -0.133 -0.044 -0.108
Z
M 0.023 0.03
C 0.023 0.061 0.048 0.061 0.064 0.061
L 0.091 0.061
L 0.091 0.55
L 0.064 0.55
C 0.048 0.55 0.023 0.55 0.023 0.581
C 0.023 0.611 0.049 0.611 0.063 0.611
L 0.289 0.611
C 0.4 0.611 0.461 0.529 0.461 0.456
C 0.461 0.394 0.417 0.342 0.353 0.32
C 0.434 0.301 0.482 0.236 0.482 0.167
C 0.482 0.089 0.422 0 0.309 0
L 0.063 0
C 0.049 0 0.023 0 0.023 0.03
Z
M 0.16 0.061
L 0.287 0.061
C 0.374 0.061 0.413 0.12 0.413 0.169
C 0.413 0.214 0.383 0.287 0.298 0.287
L 0.16 0.287
L 0.16 0.061
Z
M 0.16 0.348
L 0.263 0.348
C 0.36 0.348 0.392 0.414 0.392 0.455
C 0.392 0.488 0.37 0.55 0.285 0.55
L 0.16 0.55
L 0.16 0.348
Z
