M 0.032 0.109
C 0.032 0.201 0.108 0.249 0.186 0.249
C 0.226 0.249 0.257 0.237 0.283 0.22
L 0.283 0.571
C 0.283 0.604 0.303 0.61 0.311 0.61
C 0.322 0.61 0.332 0.602 0.337 0.59
C 0.345 0.57 0.332 0.554 0.358 0.483
C 0.394 0.386 0.487 0.278 0.487 0.149
C 0.487 0.123 0.473 0.11 0.459 0.11
C 0.447 0.11 0.434 0.12 0.431 0.138
C 0.419 0.208 0.449 0.178 0.34 0.381
L 0.34 0.167
C 0.34 0.135 0.339 0.14 0.339 0.133
C 0.339 0.126 0.34 0.119 0.34 0.109
C 0.34 0.019 0.269 -0.04 0.186 -0.04
C 0.103 -0.04 0.032 0.019 0.032 0.109
Z
