M 0.056 0.168
C 0.056 0.195 0.074 0.202 0.089 0.202
L 0.091 0.202
C 0.154 0.202 0.1 0.138 0.161 0.082
C 0.189 0.056 0.232 0.05 0.262 0.05
C 0.347 0.05 0.409 0.106 0.409 0.169
C 0.409 0.203 0.382 0.287 0.252 0.287
L 0.208 0.287
C 0.184 0.288 0.173 0.303 0.173 0.318
C 0.173 0.333 0.185 0.348 0.205 0.348
L 0.262 0.348
C 0.355 0.348 0.386 0.412 0.386 0.454
C 0.386 0.51 0.334 0.56 0.263 0.56
C 0.224 0.56 0.149 0.546 0.136 0.435
C 0.134 0.414 0.13 0.399 0.099 0.399
C 0.064 0.399 0.065 0.425 0.065 0.441
L 0.065 0.588
C 0.065 0.615 0.083 0.622 0.095 0.622
C 0.114 0.622 0.123 0.607 0.142 0.586
C 0.173 0.607 0.21 0.622 0.262 0.622
C 0.378 0.622 0.456 0.539 0.456 0.455
C 0.456 0.373 0.393 0.332 0.374 0.319
C 0.418 0.298 0.479 0.248 0.479 0.169
C 0.479 0.069 0.385 -0.001 0.291 -0.01
L 0.296 -0.018
C 0.337 -0.029 0.386 -0.065 0.386 -0.125
C 0.386 -0.149 0.379 -0.207 0.284 -0.227
C 0.251 -0.234 0.219 -0.236 0.182 -0.236
L 0.176 -0.236
C 0.148 -0.236 0.141 -0.218 0.141 -0.205
C 0.141 -0.189 0.149 -0.18 0.161 -0.176
C 0.178 -0.171 0.316 -0.182 0.316 -0.125
C 0.316 -0.104 0.296 -0.078 0.261 -0.075
C 0.239 -0.073 0.228 -0.066 0.228 -0.037
C 0.228 -0.022 0.229 -0.02 0.235 -0.01
C 0.082 0.002 0.056 0.117 0.056 0.168
Z
