M -0.091 0.306
C -0.091 0.419 0.001 0.521 0.129 0.521
C 0.169 0.521 0.22 0.509 0.262 0.477
L 0.263 0.477
C 0.301 0.506 0.348 0.521 0.396 0.521
C 0.523 0.521 0.616 0.419 0.616 0.306
C 0.616 0.192 0.523 0.09 0.396 0.09
C 0.356 0.09 0.305 0.102 0.263 0.134
L 0.262 0.134
C 0.224 0.105 0.177 0.091 0.129 0.091
C 0.002 0.091 -0.091 0.192 -0.091 0.306
Z
M -0.025 0.306
C -0.025 0.228 0.039 0.156 0.129 0.156
C 0.161 0.156 0.185 0.164 0.215 0.182
C 0.199 0.209 0.175 0.245 0.175 0.306
C 0.175 0.367 0.199 0.402 0.215 0.429
C 0.185 0.447 0.161 0.455 0.128 0.455
C 0.038 0.455 -0.025 0.383 -0.025 0.306
Z
M 0.244 0.306
C 0.244 0.277 0.253 0.253 0.263 0.234
C 0.273 0.254 0.281 0.278 0.281 0.306
C 0.281 0.333 0.276 0.351 0.263 0.377
C 0.256 0.364 0.244 0.342 0.244 0.306
Z
M 0.31 0.182
C 0.34 0.164 0.364 0.156 0.396 0.156
C 0.486 0.156 0.55 0.228 0.55 0.306
C 0.55 0.383 0.487 0.455 0.397 0.455
C 0.364 0.455 0.34 0.447 0.31 0.429
C 0.324 0.405 0.35 0.368 0.35 0.306
C 0.35 0.245 0.326 0.209 0.31 0.182
Z
