M 0.025 0.528
C 0.025 0.532 0.027 0.545 0.046 0.545
L 0.103 0.545
C 0.117 0.545 0.124 0.536 0.124 0.528
C 0.124 0.521 0.12 0.511 0.102 0.511
L 0.095 0.511
L 0.095 0.435
L 0.133 0.435
C 0.201 0.435 0.199 0.456 0.199 0.468
L 0.199 0.49
C 0.199 0.538 0.236 0.55 0.256 0.55
C 0.288 0.55 0.309 0.522 0.309 0.502
C 0.309 0.491 0.302 0.483 0.288 0.483
C 0.26 0.483 0.271 0.513 0.258 0.513
C 0.24 0.513 0.241 0.49 0.241 0.482
C 0.241 0.447 0.241 0.437 0.218 0.417
C 0.245 0.401 0.257 0.381 0.257 0.361
C 0.257 0.326 0.219 0.293 0.162 0.288
C 0.15 0.287 0.139 0.287 0.127 0.287
L 0.048 0.287
C 0.041 0.287 0.026 0.288 0.026 0.303
C 0.026 0.312 0.03 0.321 0.046 0.321
L 0.053 0.321
L 0.053 0.511
L 0.046 0.511
C 0.032 0.511 0.025 0.52 0.025 0.528
Z
M 0.095 0.324
L 0.13 0.324
C 0.196 0.324 0.215 0.346 0.215 0.361
C 0.215 0.376 0.197 0.398 0.13 0.398
L 0.095 0.398
L 0.095 0.324
Z
