M -0.04 0.772
C -0.04 0.793 -0.023 0.807 -0.006 0.807
C 0.004 0.807 0.003 0.806 0.144 0.758
C 0.156 0.754 0.176 0.749 0.176 0.727
C 0.176 0.718 0.17 0.686 0.144 0.686
C 0.138 0.686 0.128 0.69 -0.008 0.736
C -0.024 0.741 -0.04 0.75 -0.04 0.772
Z
M 0.193 0.772
C 0.193 0.793 0.21 0.807 0.227 0.807
C 0.237 0.807 0.236 0.806 0.377 0.758
C 0.389 0.754 0.409 0.749 0.409 0.727
C 0.409 0.718 0.403 0.686 0.377 0.686
C 0.371 0.686 0.361 0.69 0.225 0.736
C 0.209 0.741 0.193 0.75 0.193 0.772
Z
M 0.079 0.031
C 0.079 0.061 0.105 0.061 0.12 0.061
L 0.228 0.061
L 0.228 0.55
L 0.12 0.55
C 0.105 0.55 0.079 0.55 0.079 0.581
C 0.079 0.611 0.105 0.611 0.12 0.611
L 0.405 0.611
C 0.42 0.611 0.446 0.611 0.446 0.58
C 0.446 0.55 0.42 0.55 0.405 0.55
L 0.297 0.55
L 0.297 0.061
L 0.405 0.061
C 0.42 0.061 0.446 0.061 0.446 0.03
C 0.446 0 0.42 0 0.405 0
L 0.12 0
C 0.105 0 0.079 0 0.079 0.031
Z
