M -0.04 0.772
C -0.04 0.793 -0.023 0.807 -0.006 0.807
C 0.004 0.807 0.003 0.806 0.144 0.758
C 0.156 0.754 0.176 0.749 0.176 0.727
C 0.176 0.718 0.17 0.686 0.144 0.686
C 0.138 0.686 0.128 0.69 -0.008 0.736
C -0.024 0.741 -0.04 0.75 -0.04 0.772
Z
M 0.193 0.772
C 0.193 0.793 0.21 0.807 0.227 0.807
C 0.237 0.807 0.236 0.806 0.377 0.758
C 0.389 0.754 0.409 0.749 0.409 0.727
C 0.409 0.718 0.403 0.686 0.377 0.686
C 0.371 0.686 0.361 0.69 0.225 0.736
C 0.209 0.741 0.193 0.75 0.193 0.772
Z
M 0.027 0.03
C 0.027 0.043 0.033 0.053 0.044 0.059
C 0.05 0.061 0.073 0.061 0.087 0.061
L 0.208 0.585
C 0.217 0.623 0.233 0.623 0.262 0.623
C 0.293 0.623 0.307 0.622 0.316 0.584
L 0.437 0.061
C 0.452 0.061 0.474 0.061 0.48 0.058
C 0.492 0.053 0.497 0.043 0.497 0.03
C 0.497 0 0.471 0 0.454 0
L 0.352 0
C 0.334 0 0.31 0 0.31 0.03
C 0.31 0.061 0.33 0.061 0.366 0.061
L 0.343 0.165
L 0.181 0.165
L 0.158 0.061
C 0.194 0.061 0.214 0.061 0.214 0.03
C 0.214 0 0.19 0 0.172 0
L 0.07 0
C 0.053 0 0.027 0 0.027 0.03
Z
M 0.196 0.226
L 0.328 0.226
L 0.262 0.54
Z
