M 0.108 0.512
C 0.108 0.555 0.171 0.524 0.166 0.57
C 0.158 0.566 0.151 0.564 0.144 0.564
C 0.121 0.564 0.108 0.584 0.108 0.601
C 0.108 0.622 0.125 0.639 0.147 0.639
C 0.182 0.639 0.222 0.609 0.222 0.562
C 0.222 0.509 0.17 0.485 0.138 0.485
C 0.119 0.485 0.108 0.497 0.108 0.512
Z
M 0.238 0.578
C 0.238 0.596 0.253 0.612 0.271 0.612
C 0.293 0.612 0.298 0.599 0.351 0.525
C 0.356 0.518 0.362 0.509 0.362 0.499
C 0.362 0.483 0.347 0.473 0.335 0.473
C 0.32 0.473 0.316 0.48 0.251 0.55
C 0.245 0.557 0.238 0.565 0.238 0.578
Z
M 0.043 0.409
C 0.043 0.428 0.062 0.441 0.077 0.441
C 0.093 0.441 0.103 0.431 0.11 0.416
C 0.161 0.304 0.15 0.225 0.155 0.191
C 0.163 0.132 0.206 0.062 0.283 0.062
C 0.348 0.062 0.413 0.121 0.413 0.218
C 0.413 0.33 0.355 0.383 0.355 0.408
C 0.355 0.427 0.372 0.441 0.389 0.441
C 0.411 0.441 0.421 0.42 0.428 0.408
C 0.468 0.34 0.48 0.272 0.48 0.217
C 0.48 0.098 0.397 -0.005 0.284 -0.005
C 0.18 -0.005 0.095 0.083 0.087 0.2
C 0.084 0.242 0.09 0.296 0.051 0.384
C 0.047 0.392 0.043 0.4 0.043 0.409
Z
