M 0.016 0.031
C 0.016 0.043 0.021 0.062 0.053 0.062
L 0.077 0.062
L 0.077 0.549
L 0.053 0.549
C 0.021 0.549 0.016 0.569 0.016 0.58
C 0.016 0.61 0.041 0.611 0.054 0.611
L 0.112 0.611
C 0.126 0.611 0.147 0.608 0.147 0.575
C 0.182 0.606 0.224 0.629 0.282 0.629
C 0.388 0.629 0.486 0.541 0.486 0.401
L 0.486 0.136
C 0.486 0.043 0.428 -0.011 0.361 -0.011
C 0.291 -0.011 0.238 0.043 0.238 0.099
C 0.238 0.137 0.268 0.146 0.283 0.146
C 0.307 0.146 0.327 0.128 0.327 0.101
C 0.327 0.09 0.323 0.083 0.317 0.073
C 0.332 0.057 0.347 0.05 0.36 0.05
C 0.382 0.05 0.416 0.071 0.416 0.136
L 0.416 0.398
C 0.416 0.509 0.343 0.559 0.282 0.559
C 0.22 0.559 0.147 0.509 0.147 0.398
L 0.147 0.062
L 0.192 0.062
C 0.204 0.062 0.228 0.06 0.228 0.031
C 0.228 0.006 0.211 0 0.192 0
L 0.052 0
C 0.043 0 0.016 0.001 0.016 0.031
Z
