M 0.012 0.03
C 0.012 0.061 0.037 0.061 0.053 0.061
L 0.097 0.061
L 0.097 0.55
L 0.052 0.55
C 0.038 0.55 0.012 0.55 0.012 0.58
C 0.012 0.611 0.037 0.611 0.053 0.611
L 0.126 0.611
C 0.16 0.611 0.166 0.601 0.166 0.57
L 0.166 0.384
C 0.185 0.403 0.23 0.437 0.297 0.437
C 0.376 0.437 0.427 0.394 0.427 0.293
L 0.427 0.061
L 0.471 0.061
C 0.487 0.061 0.512 0.061 0.512 0.03
C 0.512 0 0.486 0 0.472 0
L 0.319 0
C 0.305 0 0.278 0 0.278 0.03
C 0.278 0.061 0.303 0.061 0.319 0.061
L 0.358 0.061
L 0.358 0.288
C 0.358 0.348 0.344 0.376 0.291 0.376
C 0.24 0.376 0.166 0.338 0.166 0.238
L 0.166 0.061
L 0.21 0.061
C 0.226 0.061 0.251 0.061 0.251 0.03
C 0.251 0 0.225 0 0.211 0
L 0.052 0
C 0.038 0 0.012 0 0.012 0.03
Z
M 0.1 0.698
C 0.1 0.714 0.111 0.721 0.122 0.728
C 0.247 0.811 0.25 0.815 0.262 0.815
L 0.263 0.815
C 0.273 0.815 0.274 0.814 0.402 0.729
C 0.41 0.724 0.425 0.715 0.425 0.697
C 0.425 0.685 0.41 0.659 0.39 0.659
L 0.388 0.659
C 0.367 0.659 0.277 0.739 0.262 0.739
C 0.255 0.739 0.249 0.733 0.231 0.72
C 0.16 0.669 0.149 0.659 0.135 0.659
C 0.115 0.659 0.1 0.684 0.1 0.698
Z
