M 0.015 0.031
C 0.015 0.059 0.028 0.062 0.033 0.062
L 0.054 0.062
L 0.054 0.549
L 0.034 0.549
C 0.028 0.549 0.015 0.551 0.015 0.58
C 0.015 0.595 0.019 0.611 0.033 0.611
L 0.119 0.611
C 0.123 0.611 0.136 0.61 0.136 0.58
C 0.136 0.551 0.126 0.549 0.118 0.549
L 0.088 0.549
L 0.088 0.062
L 0.209 0.062
L 0.209 0.137
C 0.209 0.17 0.22 0.172 0.226 0.172
L 0.228 0.172
C 0.241 0.172 0.244 0.155 0.244 0.135
L 0.244 0.037
C 0.244 0.02 0.244 0 0.226 0
L 0.033 0
C 0.023 0 0.015 0.006 0.015 0.031
Z
M 0.298 0.1
C 0.298 0.127 0.308 0.146 0.32 0.146
C 0.333 0.146 0.342 0.125 0.342 0.101
C 0.342 0.093 0.34 0.085 0.338 0.076
C 0.343 0.068 0.355 0.051 0.381 0.051
C 0.4 0.051 0.432 0.068 0.432 0.138
L 0.432 0.549
L 0.388 0.549
C 0.38 0.549 0.37 0.555 0.37 0.58
C 0.37 0.598 0.376 0.61 0.386 0.611
L 0.486 0.611
C 0.496 0.611 0.502 0.599 0.502 0.58
C 0.502 0.551 0.489 0.549 0.484 0.549
L 0.466 0.549
L 0.466 0.136
C 0.467 0.05 0.43 -0.011 0.382 -0.011
C 0.334 -0.011 0.298 0.033 0.298 0.1
Z
