M 0.017 0.4
C 0.017 0.429 0.042 0.431 0.053 0.431
C 0.055 0.431 0.056 0.43 0.057 0.43
L 0.096 0.43
L 0.096 0.58
C 0.096 0.594 0.099 0.615 0.132 0.615
C 0.165 0.615 0.166 0.592 0.166 0.576
L 0.166 0.43
L 0.286 0.43
C 0.286 0.587 0.355 0.617 0.402 0.617
C 0.46 0.617 0.503 0.588 0.503 0.545
C 0.503 0.518 0.482 0.5 0.458 0.5
C 0.432 0.5 0.414 0.52 0.414 0.545
C 0.414 0.548 0.415 0.55 0.415 0.553
C 0.407 0.554 0.398 0.555 0.39 0.553
C 0.362 0.544 0.356 0.494 0.356 0.422
L 0.356 -0.039
C 0.356 -0.199 0.286 -0.227 0.24 -0.227
C 0.185 -0.227 0.139 -0.197 0.139 -0.152
C 0.139 -0.124 0.16 -0.107 0.183 -0.107
C 0.208 -0.107 0.228 -0.125 0.228 -0.151
C 0.228 -0.155 0.227 -0.16 0.226 -0.164
C 0.232 -0.165 0.237 -0.165 0.241 -0.165
C 0.266 -0.165 0.286 -0.148 0.286 -0.036
L 0.286 0.001
C 0.266 -0.003 0.244 -0.005 0.221 -0.005
C 0.141 -0.005 0.099 0.044 0.096 0.114
L 0.096 0.369
L 0.057 0.369
C 0.044 0.369 0.017 0.37 0.017 0.4
Z
M 0.166 0.132
C 0.166 0.102 0.167 0.056 0.228 0.056
C 0.277 0.056 0.286 0.07 0.286 0.085
L 0.286 0.369
L 0.166 0.369
L 0.166 0.132
Z
