M 0.01 0.355
C 0.01 0.393 0.047 0.442 0.115 0.442
C 0.174 0.442 0.227 0.406 0.262 0.335
C 0.295 0.412 0.361 0.442 0.41 0.442
C 0.47 0.442 0.514 0.401 0.514 0.355
C 0.514 0.331 0.497 0.324 0.478 0.324
C 0.441 0.324 0.45 0.347 0.437 0.369
C 0.428 0.375 0.421 0.38 0.408 0.38
C 0.352 0.38 0.326 0.31 0.308 0.272
C 0.305 0.265 0.302 0.262 0.302 0.257
C 0.302 0.234 0.362 0.153 0.362 0.097
C 0.362 0.041 0.322 -0.011 0.262 -0.011
C 0.202 -0.011 0.163 0.041 0.163 0.097
C 0.163 0.154 0.222 0.233 0.222 0.257
C 0.222 0.257 0.185 0.38 0.117 0.38
C 0.061 0.38 0.098 0.324 0.046 0.324
C 0.026 0.324 0.01 0.33 0.01 0.355
Z
M 0.232 0.094
C 0.232 0.07 0.244 0.051 0.262 0.051
C 0.28 0.051 0.293 0.07 0.293 0.094
C 0.293 0.119 0.283 0.128 0.262 0.175
C 0.232 0.113 0.232 0.112 0.232 0.094
Z
