M 0.112 0.527
C 0.112 0.543 0.124 0.55 0.135 0.557
C 0.26 0.64 0.262 0.644 0.274 0.644
L 0.276 0.644
C 0.286 0.644 0.287 0.642 0.415 0.557
C 0.421 0.553 0.437 0.545 0.437 0.526
C 0.437 0.514 0.422 0.488 0.402 0.488
L 0.4 0.488
C 0.379 0.488 0.29 0.568 0.275 0.568
C 0.268 0.568 0.261 0.562 0.243 0.549
C 0.172 0.498 0.161 0.488 0.147 0.488
C 0.127 0.488 0.112 0.513 0.112 0.527
Z
M 0.078 0.03
C 0.078 0.061 0.103 0.061 0.119 0.061
L 0.24 0.061
L 0.24 0.37
L 0.127 0.37
C 0.112 0.37 0.086 0.37 0.086 0.401
C 0.086 0.431 0.112 0.431 0.127 0.431
L 0.269 0.431
C 0.303 0.431 0.309 0.421 0.309 0.39
L 0.309 0.061
L 0.414 0.061
C 0.429 0.061 0.455 0.061 0.455 0.03
C 0.455 0 0.429 0 0.414 0
L 0.119 0
C 0.104 0 0.078 0 0.078 0.03
Z
