M 0.001 0.031
C 0.001 0.049 0.013 0.062 0.034 0.062
L 0.049 0.062
C 0.062 0.088 0.14 0.232 0.147 0.246
C 0.148 0.248 0.148 0.25 0.148 0.252
C 0.148 0.26 0.135 0.277 0.067 0.369
L 0.049 0.369
C 0.04 0.369 0.015 0.371 0.015 0.401
C 0.015 0.416 0.024 0.43 0.049 0.43
L 0.124 0.43
C 0.147 0.43 0.158 0.419 0.158 0.4
C 0.158 0.385 0.15 0.375 0.137 0.37
L 0.233 0.239
L 0.233 0.369
L 0.213 0.369
C 0.203 0.369 0.177 0.37 0.177 0.4
C 0.177 0.412 0.183 0.43 0.212 0.43
L 0.311 0.43
C 0.343 0.43 0.347 0.411 0.347 0.4
C 0.347 0.389 0.343 0.369 0.311 0.369
L 0.29 0.369
L 0.29 0.263
L 0.291 0.24
L 0.386 0.37
C 0.37 0.377 0.365 0.388 0.365 0.399
C 0.365 0.407 0.368 0.43 0.399 0.43
L 0.475 0.43
C 0.498 0.43 0.508 0.416 0.508 0.401
C 0.508 0.387 0.502 0.369 0.471 0.369
L 0.456 0.369
C 0.383 0.27 0.375 0.259 0.375 0.253
C 0.375 0.243 0.448 0.117 0.474 0.062
L 0.486 0.062
C 0.523 0.062 0.522 0.037 0.522 0.025
L 0.522 -0.102
C 0.522 -0.133 0.505 -0.138 0.494 -0.138
C 0.464 -0.138 0.466 -0.106 0.466 -0.098
L 0.466 0
L 0.412 0
C 0.399 0 0.375 0.002 0.375 0.032
C 0.375 0.047 0.384 0.062 0.409 0.062
L 0.41 0.062
L 0.334 0.204
L 0.298 0.154
L 0.292 0.144
L 0.29 0.131
L 0.29 0.062
L 0.31 0.062
C 0.342 0.062 0.347 0.042 0.347 0.031
C 0.347 0.02 0.342 0 0.312 0
L 0.213 0
C 0.186 0 0.177 0.015 0.177 0.031
C 0.177 0.046 0.184 0.062 0.213 0.062
L 0.233 0.062
L 0.233 0.13
L 0.232 0.143
C 0.219 0.165 0.203 0.183 0.189 0.204
L 0.114 0.062
L 0.115 0.062
C 0.138 0.062 0.148 0.046 0.148 0.031
C 0.148 0.021 0.145 0 0.114 0
L 0.035 0
C 0.005 0.001 0.001 0.021 0.001 0.031
Z
