M 0.047 0.033
C 0.047 0.055 0.054 0.061 0.061 0.071
L 0.386 0.549
L 0.129 0.549
L 0.129 0.49
C 0.13 0.47 0.122 0.455 0.093 0.455
L 0.092 0.455
C 0.066 0.455 0.059 0.472 0.059 0.491
L 0.059 0.576
C 0.06 0.607 0.078 0.611 0.096 0.611
L 0.438 0.611
C 0.457 0.611 0.477 0.607 0.477 0.577
C 0.477 0.557 0.467 0.548 0.46 0.537
L 0.138 0.062
L 0.447 0.062
C 0.475 0.062 0.481 0.044 0.481 0.028
L 0.481 -0.076
C 0.481 -0.089 0.481 -0.113 0.447 -0.113
C 0.433 -0.113 0.411 -0.112 0.411 -0.078
L 0.411 0
L 0.087 0
C 0.069 0 0.048 0.001 0.047 0.033
Z
