M 0 0.031
C 0 0.045 0.007 0.062 0.033 0.062
L 0.035 0.062
L 0.035 0.549
L 0.033 0.549
C 0.008 0.549 0 0.566 0 0.58
C 0 0.596 0.009 0.611 0.036 0.611
L 0.106 0.611
C 0.128 0.611 0.139 0.595 0.139 0.58
C 0.139 0.571 0.135 0.549 0.105 0.549
L 0.105 0.348
L 0.294 0.348
C 0.23 0.564 0.224 0.579 0.224 0.59
C 0.224 0.61 0.241 0.611 0.252 0.611
L 0.407 0.611
C 0.43 0.611 0.438 0.604 0.438 0.59
C 0.438 0.577 0.367 0.343 0.367 0.343
C 0.435 0.319 0.446 0.274 0.454 0.237
C 0.484 0.097 0.488 0.08 0.491 0.062
C 0.516 0.057 0.517 0.037 0.517 0.031
C 0.517 0.021 0.513 0.001 0.483 0
L 0.471 0
C 0.425 0 0.438 0.028 0.431 0.056
C 0.372 0.283 0.382 0.264 0.36 0.28
L 0.36 0.062
C 0.378 0.057 0.386 0.044 0.386 0.031
C 0.386 0.023 0.382 0 0.351 0
L 0.313 0
C 0.295 0 0.277 0.006 0.277 0.031
C 0.277 0.055 0.297 0.061 0.303 0.062
L 0.303 0.28
C 0.283 0.267 0.281 0.251 0.279 0.243
C 0.256 0.155 0.228 0.048 0.228 0.042
C 0.228 0.027 0.23 0 0.193 0
L 0.182 0
C 0.15 0 0.145 0.019 0.145 0.031
C 0.145 0.047 0.154 0.059 0.171 0.062
L 0.208 0.234
L 0.215 0.265
L 0.224 0.287
L 0.105 0.287
L 0.105 0.062
L 0.106 0.062
C 0.129 0.062 0.139 0.046 0.139 0.031
C 0.139 0.018 0.133 0 0.107 0
L 0.036 0
C 0.009 0 0 0.015 0 0.031
Z
M 0.291 0.549
C 0.298 0.518 0.32 0.456 0.331 0.393
C 0.337 0.432 0.358 0.498 0.372 0.549
L 0.291 0.549
Z
