M 0.226 0.604
C 0.226 0.624 0.243 0.639 0.26 0.639
L 0.262 0.639
C 0.271 0.639 0.273 0.637 0.411 0.577
C 0.422 0.572 0.439 0.564 0.439 0.546
C 0.439 0.531 0.427 0.506 0.406 0.506
L 0.405 0.506
C 0.397 0.506 0.395 0.508 0.257 0.568
C 0.245 0.574 0.226 0.582 0.226 0.604
Z
M -0.007 0.604
C -0.007 0.624 0.01 0.639 0.027 0.639
L 0.029 0.639
C 0.038 0.639 0.04 0.637 0.178 0.577
C 0.189 0.572 0.206 0.564 0.206 0.546
C 0.206 0.531 0.194 0.506 0.173 0.506
L 0.172 0.506
C 0.164 0.506 0.162 0.508 0.024 0.568
C 0.012 0.574 -0.007 0.582 -0.007 0.604
Z
