M 0.166 0.727
C 0.166 0.749 0.186 0.754 0.198 0.758
C 0.339 0.806 0.338 0.807 0.348 0.807
C 0.365 0.807 0.382 0.793 0.382 0.772
C 0.382 0.75 0.366 0.741 0.35 0.736
C 0.214 0.69 0.204 0.686 0.198 0.686
C 0.172 0.686 0.166 0.718 0.166 0.727
Z
M 0.079 0.031
C 0.079 0.061 0.105 0.061 0.12 0.061
L 0.228 0.061
L 0.228 0.55
L 0.12 0.55
C 0.105 0.55 0.079 0.55 0.079 0.581
C 0.079 0.611 0.105 0.611 0.12 0.611
L 0.405 0.611
C 0.42 0.611 0.446 0.611 0.446 0.58
C 0.446 0.55 0.42 0.55 0.405 0.55
L 0.297 0.55
L 0.297 0.061
L 0.405 0.061
C 0.42 0.061 0.446 0.061 0.446 0.03
C 0.446 0 0.42 0 0.405 0
L 0.12 0
C 0.105 0 0.079 0 0.079 0.031
Z
