M 0.02 0.215
C 0.02 0.333 0.078 0.436 0.162 0.436
C 0.19 0.436 0.21 0.426 0.227 0.414
L 0.227 0.55
L 0.206 0.55
C 0.18 0.55 0.17 0.565 0.17 0.58
C 0.17 0.595 0.177 0.611 0.207 0.611
L 0.264 0.611
C 0.3 0.611 0.297 0.579 0.297 0.572
L 0.297 0.41
C 0.317 0.425 0.339 0.436 0.368 0.436
C 0.449 0.436 0.503 0.335 0.503 0.217
C 0.503 0.09 0.442 -0.005 0.361 -0.005
C 0.332 -0.005 0.312 0.005 0.295 0.018
C 0.288 0.005 0.277 0 0.262 0
C 0.246 0 0.235 0.004 0.228 0.022
C 0.209 0.005 0.184 -0.005 0.155 -0.005
C 0.074 -0.005 0.02 0.096 0.02 0.215
Z
M 0.09 0.216
C 0.09 0.139 0.118 0.057 0.159 0.057
C 0.204 0.057 0.227 0.124 0.227 0.169
L 0.227 0.285
C 0.227 0.315 0.206 0.374 0.165 0.374
C 0.124 0.374 0.09 0.298 0.09 0.216
Z
M 0.297 0.162
C 0.296 0.138 0.303 0.099 0.327 0.069
C 0.335 0.063 0.344 0.057 0.357 0.057
C 0.402 0.057 0.433 0.139 0.433 0.214
C 0.433 0.29 0.405 0.374 0.364 0.374
C 0.326 0.374 0.297 0.323 0.297 0.28
L 0.297 0.162
Z
