M 0.023 0.399
C 0.023 0.414 0.03 0.43 0.059 0.43
L 0.191 0.43
C 0.205 0.43 0.228 0.428 0.228 0.399
C 0.228 0.372 0.207 0.369 0.19 0.369
L 0.162 0.369
L 0.24 0.11
L 0.25 0.07
L 0.251 0.07
C 0.257 0.099 0.33 0.342 0.336 0.356
C 0.35 0.39 0.384 0.436 0.438 0.436
C 0.474 0.436 0.508 0.412 0.508 0.377
C 0.508 0.35 0.488 0.333 0.464 0.333
C 0.446 0.333 0.426 0.342 0.42 0.368
C 0.407 0.354 0.407 0.35 0.398 0.321
L 0.312 0.037
C 0.305 0.015 0.301 -0.008 0.263 -0.008
L 0.24 -0.008
C 0.206 -0.008 0.198 0.008 0.19 0.033
L 0.089 0.369
L 0.06 0.369
C 0.042 0.369 0.023 0.373 0.023 0.399
Z
M 0.187 0.604
C 0.187 0.624 0.204 0.639 0.221 0.639
L 0.223 0.639
C 0.232 0.639 0.234 0.637 0.372 0.577
C 0.383 0.572 0.4 0.564 0.4 0.546
C 0.4 0.531 0.388 0.506 0.367 0.506
L 0.366 0.506
C 0.358 0.506 0.356 0.508 0.218 0.568
C 0.206 0.574 0.187 0.582 0.187 0.604
Z
M -0.003 0.604
C -0.003 0.624 0.014 0.639 0.031 0.639
L 0.033 0.639
C 0.042 0.639 0.044 0.637 0.182 0.577
C 0.193 0.572 0.21 0.564 0.21 0.546
C 0.21 0.531 0.198 0.506 0.177 0.506
L 0.176 0.506
C 0.168 0.506 0.166 0.508 0.028 0.568
C 0.016 0.574 -0.003 0.582 -0.003 0.604
Z
