M 0.318 0.546
C 0.318 0.567 0.337 0.573 0.348 0.578
C 0.481 0.636 0.487 0.639 0.494 0.639
L 0.496 0.639
C 0.513 0.639 0.531 0.625 0.531 0.604
C 0.531 0.582 0.513 0.573 0.501 0.568
C 0.357 0.505 0.362 0.506 0.352 0.506
C 0.33 0.506 0.318 0.532 0.318 0.546
Z
M 0.085 0.546
C 0.085 0.567 0.104 0.573 0.115 0.578
C 0.248 0.636 0.254 0.639 0.261 0.639
L 0.263 0.639
C 0.28 0.639 0.298 0.625 0.298 0.604
C 0.298 0.582 0.28 0.573 0.268 0.568
C 0.124 0.505 0.129 0.506 0.119 0.506
C 0.097 0.506 0.085 0.532 0.085 0.546
Z
