M 0 0.527
C 0 0.535 0.005 0.545 0.022 0.545
L 0.034 0.545
C 0.081 0.545 0.089 0.534 0.096 0.526
C 0.117 0.539 0.148 0.549 0.179 0.549
C 0.24 0.549 0.282 0.511 0.282 0.468
C 0.282 0.425 0.238 0.385 0.117 0.379
L 0.102 0.379
C 0.102 0.336 0.136 0.319 0.176 0.319
C 0.193 0.319 0.201 0.319 0.213 0.321
C 0.211 0.342 0.225 0.353 0.239 0.353
C 0.253 0.353 0.266 0.343 0.266 0.324
C 0.266 0.302 0.246 0.282 0.182 0.282
C 0.147 0.282 0.122 0.285 0.095 0.306
C 0.06 0.333 0.06 0.363 0.06 0.382
L 0.06 0.505
C 0.049 0.508 0.04 0.508 0.032 0.508
L 0.021 0.508
C 0.01 0.508 0 0.512 0 0.527
Z
M 0.102 0.415
C 0.156 0.416 0.24 0.428 0.24 0.468
C 0.24 0.494 0.211 0.511 0.173 0.511
C 0.148 0.511 0.102 0.502 0.102 0.468
L 0.102 0.415
Z
