M 0.06 -0.145
C 0.06 -0.125 0.125 -0.047 0.191 -0.047
C 0.259 -0.047 0.293 -0.109 0.338 -0.109
C 0.383 -0.109 0.409 -0.047 0.436 -0.047
C 0.446 -0.047 0.467 -0.059 0.467 -0.079
C 0.467 -0.099 0.403 -0.176 0.337 -0.176
C 0.272 -0.176 0.231 -0.114 0.19 -0.114
C 0.145 -0.114 0.119 -0.176 0.092 -0.176
C 0.075 -0.176 0.06 -0.16 0.06 -0.145
Z
M 0.026 0.03
C 0.026 0.061 0.051 0.061 0.067 0.061
L 0.097 0.061
L 0.097 0.55
L 0.067 0.55
C 0.052 0.55 0.026 0.55 0.026 0.581
C 0.026 0.611 0.052 0.611 0.067 0.611
L 0.44 0.611
C 0.474 0.611 0.48 0.601 0.48 0.57
L 0.48 0.497
C 0.48 0.477 0.48 0.456 0.445 0.456
C 0.411 0.456 0.411 0.478 0.411 0.497
L 0.411 0.55
L 0.166 0.55
L 0.166 0.347
L 0.297 0.347
C 0.297 0.388 0.297 0.404 0.332 0.404
C 0.366 0.404 0.366 0.382 0.366 0.363
L 0.366 0.27
C 0.366 0.251 0.366 0.229 0.332 0.229
C 0.297 0.229 0.297 0.245 0.297 0.286
L 0.166 0.286
L 0.166 0.061
L 0.433 0.061
L 0.433 0.13
C 0.433 0.15 0.433 0.171 0.468 0.171
C 0.502 0.171 0.502 0.149 0.502 0.13
L 0.502 0.041
C 0.502 0.009 0.495 0 0.462 0
L 0.067 0
C 0.052 0 0.026 0 0.026 0.03
Z
