M 0.032 0.039
L 0.032 0.072
C 0.032 0.103 0.05 0.108 0.061 0.108
C 0.088 0.107 0.089 0.087 0.089 0.068
L 0.089 0.062
L 0.152 0.062
C 0.13 0.185 0.04 0.278 0.04 0.406
C 0.04 0.526 0.139 0.622 0.262 0.622
C 0.389 0.622 0.484 0.521 0.484 0.407
C 0.484 0.277 0.394 0.187 0.372 0.062
L 0.436 0.062
L 0.436 0.074
C 0.437 0.104 0.456 0.108 0.464 0.108
C 0.473 0.108 0.492 0.105 0.492 0.073
L 0.492 0.037
C 0.492 0.001 0.473 0 0.452 0
L 0.346 0
C 0.33 0 0.308 0.002 0.308 0.034
C 0.308 0.165 0.414 0.286 0.414 0.405
C 0.414 0.497 0.34 0.56 0.262 0.56
C 0.185 0.56 0.11 0.498 0.11 0.405
C 0.11 0.285 0.217 0.162 0.217 0.035
C 0.217 0.018 0.211 0 0.18 0
L 0.066 0
C 0.03 0.001 0.032 0.027 0.032 0.039
Z
