M 0.23 0.512
C 0.23 0.554 0.289 0.526 0.289 0.565
L 0.289 0.57
C 0.281 0.566 0.274 0.564 0.267 0.564
C 0.244 0.564 0.23 0.584 0.23 0.601
C 0.23 0.624 0.248 0.639 0.27 0.639
C 0.305 0.639 0.344 0.609 0.344 0.562
C 0.344 0.508 0.292 0.485 0.261 0.485
C 0.237 0.485 0.23 0.504 0.23 0.512
Z
M 0.043 0.216
C 0.043 0.336 0.112 0.436 0.204 0.436
C 0.295 0.436 0.345 0.346 0.37 0.257
C 0.386 0.289 0.429 0.416 0.431 0.42
C 0.439 0.435 0.452 0.436 0.462 0.436
C 0.484 0.436 0.494 0.424 0.494 0.408
C 0.494 0.386 0.425 0.206 0.399 0.16
C 0.41 0.13 0.425 0.075 0.46 0.061
C 0.465 0.076 0.48 0.083 0.494 0.083
C 0.511 0.083 0.526 0.073 0.526 0.053
C 0.526 0.025 0.503 -0.005 0.464 -0.005
C 0.404 -0.005 0.37 0.054 0.355 0.087
C 0.298 0.01 0.242 -0.005 0.204 -0.005
C 0.113 -0.005 0.043 0.092 0.043 0.216
Z
M 0.11 0.216
C 0.11 0.133 0.15 0.061 0.206 0.061
C 0.268 0.061 0.325 0.153 0.325 0.167
C 0.325 0.174 0.322 0.183 0.317 0.201
C 0.29 0.296 0.263 0.37 0.205 0.37
C 0.15 0.37 0.11 0.295 0.11 0.216
Z
M 0.234 -0.089
C 0.234 -0.076 0.235 -0.054 0.268 -0.054
C 0.3 -0.054 0.302 -0.077 0.302 -0.092
L 0.302 -0.143
C 0.302 -0.18 0.277 -0.184 0.268 -0.184
C 0.257 -0.184 0.234 -0.18 0.234 -0.142
L 0.234 -0.089
Z
