M -0.045 -0.108
C -0.045 -0.082 -0.029 -0.076 -0.011 -0.076
L 0.447 -0.076
C 0.473 -0.077 0.479 -0.094 0.479 -0.108
C 0.479 -0.122 0.473 -0.139 0.447 -0.139
L -0.009 -0.139
C -0.028 -0.139 -0.045 -0.133 -0.045 -0.108
Z
M 0.019 0.03
C 0.019 0.061 0.044 0.061 0.06 0.061
L 0.082 0.061
L 0.082 0.55
L 0.06 0.55
C 0.045 0.55 0.019 0.55 0.019 0.58
C 0.019 0.611 0.044 0.611 0.06 0.611
L 0.266 0.611
C 0.399 0.611 0.485 0.461 0.485 0.301
C 0.485 0.14 0.397 0 0.266 0
L 0.06 0
C 0.045 0 0.019 0 0.019 0.03
Z
M 0.151 0.061
L 0.247 0.061
C 0.358 0.061 0.416 0.184 0.416 0.301
C 0.416 0.417 0.36 0.55 0.247 0.55
L 0.151 0.55
L 0.151 0.061
Z
