M 0.212 0.722
C 0.212 0.751 0.238 0.772 0.262 0.772
C 0.288 0.772 0.312 0.751 0.312 0.722
C 0.312 0.693 0.288 0.672 0.264 0.672
C 0.234 0.672 0.212 0.695 0.212 0.722
Z
M 0.027 0.03
C 0.027 0.061 0.051 0.061 0.067 0.061
L 0.089 0.061
L 0.222 0.325
L 0.102 0.55
L 0.079 0.55
C 0.064 0.55 0.038 0.55 0.038 0.581
C 0.038 0.611 0.064 0.611 0.079 0.611
L 0.183 0.611
C 0.198 0.611 0.223 0.611 0.223 0.581
C 0.223 0.55 0.2 0.55 0.18 0.55
L 0.257 0.404
L 0.328 0.55
C 0.305 0.55 0.282 0.55 0.282 0.581
C 0.282 0.611 0.307 0.611 0.322 0.611
L 0.426 0.611
C 0.441 0.611 0.467 0.611 0.467 0.58
C 0.467 0.55 0.441 0.55 0.426 0.55
L 0.404 0.55
L 0.291 0.326
L 0.432 0.061
L 0.455 0.061
C 0.47 0.061 0.496 0.061 0.496 0.03
C 0.496 0 0.47 0 0.455 0
L 0.351 0
C 0.336 0 0.311 0 0.311 0.03
C 0.311 0.061 0.333 0.061 0.356 0.061
L 0.257 0.255
L 0.165 0.061
C 0.188 0.061 0.212 0.061 0.212 0.03
C 0.212 0 0.186 0 0.171 0
L 0.067 0
C 0.052 0 0.027 0 0.027 0.03
Z
