M 0.018 0.581
C 0.018 0.611 0.044 0.611 0.059 0.611
L 0.161 0.611
C 0.176 0.611 0.202 0.611 0.202 0.581
C 0.202 0.55 0.181 0.55 0.146 0.55
L 0.243 0.161
C 0.252 0.124 0.256 0.107 0.261 0.072
L 0.262 0.072
C 0.269 0.115 0.288 0.191 0.301 0.244
L 0.378 0.55
C 0.343 0.55 0.322 0.55 0.322 0.581
C 0.322 0.611 0.348 0.611 0.363 0.611
L 0.465 0.611
C 0.48 0.611 0.506 0.611 0.506 0.581
C 0.506 0.55 0.485 0.55 0.449 0.55
L 0.317 0.029
C 0.308 -0.008 0.289 -0.008 0.262 -0.008
C 0.233 -0.008 0.217 -0.008 0.207 0.03
L 0.075 0.55
C 0.039 0.55 0.018 0.55 0.018 0.581
Z
