M 0.145 0.709
C 0.145 0.769 0.192 0.827 0.261 0.827
C 0.32 0.827 0.378 0.78 0.378 0.709
C 0.378 0.638 0.321 0.59 0.262 0.59
C 0.203 0.59 0.145 0.638 0.145 0.709
Z
M 0.204 0.709
C 0.204 0.679 0.228 0.652 0.262 0.652
C 0.299 0.652 0.319 0.683 0.319 0.709
C 0.319 0.734 0.3 0.766 0.262 0.766
C 0.228 0.766 0.204 0.738 0.204 0.709
Z
M 0.004 0.581
C 0.004 0.611 0.03 0.611 0.045 0.611
L 0.174 0.611
C 0.189 0.611 0.215 0.611 0.215 0.581
C 0.215 0.55 0.189 0.55 0.174 0.55
L 0.144 0.55
L 0.144 0.209
C 0.144 0.102 0.209 0.05 0.262 0.05
C 0.314 0.05 0.38 0.102 0.38 0.209
L 0.38 0.55
L 0.35 0.55
C 0.335 0.55 0.309 0.55 0.309 0.581
C 0.309 0.611 0.335 0.611 0.35 0.611
L 0.479 0.611
C 0.494 0.611 0.52 0.611 0.52 0.581
C 0.52 0.55 0.495 0.55 0.479 0.55
L 0.449 0.55
L 0.449 0.204
C 0.449 0.081 0.362 -0.011 0.262 -0.011
C 0.162 -0.011 0.075 0.081 0.075 0.204
L 0.075 0.55
L 0.045 0.55
C 0.03 0.55 0.004 0.55 0.004 0.581
Z
