M 0.024 0.215
C 0.024 0.334 0.082 0.436 0.167 0.436
C 0.192 0.436 0.212 0.427 0.228 0.417
L 0.228 0.55
L 0.198 0.55
C 0.188 0.55 0.162 0.552 0.162 0.582
C 0.162 0.597 0.172 0.611 0.198 0.611
L 0.263 0.611
C 0.299 0.611 0.298 0.584 0.298 0.573
L 0.298 0.43
L 0.453 0.43
C 0.467 0.43 0.492 0.43 0.492 0.397
C 0.492 0.397 0.497 0.391 0.359 0.19
C 0.444 0.165 0.501 0.083 0.501 -0.015
C 0.501 -0.128 0.445 -0.227 0.363 -0.227
C 0.289 -0.227 0.236 -0.164 0.236 -0.103
C 0.236 -0.074 0.257 -0.056 0.281 -0.056
C 0.304 -0.056 0.325 -0.073 0.325 -0.1
C 0.325 -0.117 0.316 -0.124 0.316 -0.132
C 0.316 -0.141 0.337 -0.166 0.36 -0.166
C 0.402 -0.166 0.431 -0.085 0.431 -0.015
C 0.431 0.043 0.401 0.111 0.319 0.128
C 0.273 0.049 0.295 0.047 0.282 0.028
C 0.278 0.022 0.268 0.016 0.257 0.016
C 0.25 0.016 0.242 0.018 0.234 0.024
L 0.233 0.024
C 0.212 0.004 0.186 -0.005 0.16 -0.005
C 0.078 -0.005 0.024 0.096 0.024 0.215
Z
M 0.094 0.216
C 0.094 0.14 0.122 0.057 0.164 0.057
C 0.198 0.057 0.225 0.098 0.227 0.155
C 0.227 0.164 0.228 0.174 0.228 0.183
L 0.228 0.285
C 0.228 0.362 0.185 0.374 0.172 0.374
C 0.127 0.374 0.094 0.295 0.094 0.216
Z
M 0.298 0.201
L 0.417 0.374
L 0.298 0.374
L 0.298 0.201
Z
