M 0.099 0.697
C 0.099 0.709 0.106 0.717 0.12 0.727
C 0.252 0.824 0.249 0.824 0.262 0.824
L 0.263 0.824
C 0.273 0.824 0.275 0.823 0.407 0.726
C 0.414 0.721 0.425 0.713 0.425 0.698
C 0.425 0.683 0.408 0.659 0.389 0.659
C 0.374 0.659 0.351 0.679 0.262 0.751
C 0.153 0.665 0.15 0.659 0.135 0.659
C 0.116 0.659 0.099 0.683 0.099 0.697
Z
M 0.026 0.03
C 0.026 0.061 0.051 0.061 0.067 0.061
L 0.097 0.061
L 0.097 0.55
L 0.067 0.55
C 0.052 0.55 0.026 0.55 0.026 0.581
C 0.026 0.611 0.052 0.611 0.067 0.611
L 0.44 0.611
C 0.474 0.611 0.48 0.601 0.48 0.57
L 0.48 0.497
C 0.48 0.477 0.48 0.456 0.445 0.456
C 0.411 0.456 0.411 0.478 0.411 0.497
L 0.411 0.55
L 0.166 0.55
L 0.166 0.347
L 0.297 0.347
C 0.297 0.388 0.297 0.404 0.332 0.404
C 0.366 0.404 0.366 0.382 0.366 0.363
L 0.366 0.27
C 0.366 0.251 0.366 0.229 0.332 0.229
C 0.297 0.229 0.297 0.245 0.297 0.286
L 0.166 0.286
L 0.166 0.061
L 0.433 0.061
L 0.433 0.13
C 0.433 0.15 0.433 0.171 0.468 0.171
C 0.502 0.171 0.502 0.149 0.502 0.13
L 0.502 0.041
C 0.502 0.009 0.495 0 0.462 0
L 0.067 0
C 0.052 0 0.026 0 0.026 0.03
Z
