M 0.027 0.03
C 0.027 0.061 0.053 0.061 0.068 0.061
L 0.108 0.061
L 0.232 0.222
L 0.114 0.37
L 0.074 0.37
C 0.06 0.37 0.033 0.37 0.033 0.4
C 0.033 0.431 0.059 0.431 0.074 0.431
L 0.191 0.431
C 0.206 0.431 0.231 0.431 0.231 0.401
C 0.231 0.37 0.209 0.37 0.183 0.37
L 0.259 0.269
L 0.333 0.37
C 0.306 0.37 0.284 0.37 0.284 0.401
C 0.284 0.431 0.309 0.431 0.324 0.431
L 0.441 0.431
C 0.456 0.431 0.482 0.431 0.482 0.4
C 0.482 0.37 0.455 0.37 0.441 0.37
L 0.401 0.37
L 0.287 0.222
L 0.415 0.061
L 0.455 0.061
C 0.47 0.061 0.496 0.061 0.496 0.03
C 0.496 0 0.469 0 0.455 0
L 0.338 0
C 0.323 0 0.298 0 0.298 0.03
C 0.298 0.061 0.32 0.061 0.348 0.061
L 0.259 0.184
L 0.173 0.061
C 0.204 0.061 0.225 0.061 0.225 0.03
C 0.225 0 0.2 0 0.185 0
L 0.068 0
C 0.054 0 0.027 0 0.027 0.03
Z
