M 0.025 0.031
C 0.025 0.06 0.051 0.062 0.06 0.062
L 0.088 0.062
L 0.088 0.577
L 0.06 0.577
C 0.051 0.577 0.025 0.578 0.025 0.607
C 0.025 0.632 0.042 0.639 0.06 0.639
L 0.172 0.639
C 0.191 0.639 0.207 0.632 0.207 0.608
C 0.207 0.578 0.183 0.577 0.173 0.577
L 0.145 0.577
L 0.145 0.295
L 0.36 0.577
L 0.354 0.577
C 0.34 0.577 0.317 0.579 0.318 0.608
C 0.318 0.622 0.324 0.639 0.351 0.639
L 0.451 0.639
C 0.465 0.639 0.485 0.635 0.485 0.608
C 0.485 0.579 0.464 0.577 0.449 0.577
L 0.442 0.577
C 0.427 0.577 0.426 0.573 0.417 0.562
L 0.275 0.376
L 0.442 0.062
L 0.46 0.062
C 0.479 0.062 0.495 0.055 0.495 0.03
C 0.495 0.017 0.489 0.001 0.461 0
L 0.371 0
C 0.347 0 0.337 0.015 0.337 0.03
C 0.337 0.061 0.361 0.062 0.374 0.062
L 0.378 0.062
L 0.237 0.326
C 0.151 0.214 0.144 0.208 0.144 0.195
C 0.144 0.193 0.145 0.19 0.145 0.186
L 0.145 0.062
L 0.172 0.062
C 0.183 0.062 0.207 0.062 0.207 0.031
C 0.207 0.007 0.191 0 0.172 0
L 0.06 0
C 0.042 0 0.025 0.006 0.025 0.031
Z
