M 0.009 0.188
C 0.009 0.217 0.038 0.22 0.049 0.22
L 0.094 0.22
L 0.082 0.309
L 0.046 0.309
C 0.015 0.309 0.009 0.328 0.009 0.339
C 0.009 0.351 0.015 0.37 0.049 0.37
L 0.073 0.37
L 0.048 0.549
L 0.046 0.549
C 0.021 0.549 0.011 0.564 0.011 0.579
C 0.011 0.589 0.015 0.611 0.047 0.611
L 0.137 0.611
C 0.161 0.611 0.172 0.595 0.172 0.58
C 0.172 0.551 0.146 0.549 0.136 0.549
L 0.106 0.549
L 0.13 0.37
L 0.393 0.37
L 0.418 0.549
L 0.391 0.549
C 0.375 0.549 0.352 0.551 0.352 0.581
C 0.352 0.61 0.376 0.611 0.394 0.611
L 0.477 0.611
C 0.505 0.611 0.512 0.595 0.512 0.58
C 0.512 0.556 0.495 0.549 0.475 0.549
L 0.45 0.37
L 0.474 0.37
C 0.508 0.37 0.514 0.351 0.514 0.339
C 0.514 0.315 0.496 0.309 0.474 0.309
L 0.442 0.309
L 0.429 0.22
L 0.474 0.22
C 0.486 0.22 0.514 0.217 0.514 0.188
C 0.514 0.172 0.502 0.163 0.497 0.161
C 0.488 0.157 0.478 0.158 0.469 0.158
L 0.421 0.158
C 0.401 0.016 0.408 -0.007 0.364 -0.008
C 0.317 -0.008 0.322 0.012 0.289 0.158
L 0.235 0.158
C 0.202 0.013 0.208 -0.008 0.16 -0.008
L 0.158 -0.008
C 0.117 -0.008 0.122 0.021 0.103 0.158
L 0.046 0.158
C 0.024 0.158 0.009 0.17 0.009 0.188
Z
M 0.139 0.309
L 0.15 0.22
L 0.193 0.22
L 0.213 0.309
L 0.139 0.309
Z
M 0.158 0.158
L 0.163 0.117
L 0.165 0.09
L 0.167 0.07
C 0.169 0.1 0.175 0.129 0.18 0.158
L 0.158 0.158
Z
M 0.248 0.22
L 0.275 0.22
C 0.27 0.246 0.264 0.271 0.262 0.297
L 0.257 0.267
Z
M 0.311 0.309
L 0.331 0.22
L 0.373 0.22
L 0.385 0.309
L 0.311 0.309
Z
M 0.344 0.158
L 0.353 0.102
L 0.357 0.07
L 0.366 0.158
L 0.344 0.158
Z
