M 0.029 0.606
C 0.03 0.635 0.058 0.641 0.087 0.641
C 0.204 0.641 0.266 0.51 0.282 0.472
C 0.308 0.41 0.402 0.102 0.465 0.063
C 0.472 0.058 0.495 0.053 0.495 0.028
C 0.495 0.009 0.479 -0.005 0.462 -0.005
C 0.372 -0.005 0.288 0.261 0.256 0.344
L 0.244 0.317
L 0.099 0.023
C 0.09 0.005 0.082 0 0.064 0
C 0.033 0 0.03 0.019 0.03 0.028
C 0.03 0.038 0.036 0.047 0.038 0.052
L 0.219 0.42
C 0.222 0.426 0.224 0.43 0.224 0.434
C 0.224 0.441 0.173 0.574 0.087 0.574
C 0.077 0.574 0.07 0.572 0.063 0.572
C 0.044 0.572 0.029 0.587 0.029 0.606
Z
