M 0.15 0.042
L 0.15 0.205
C 0.15 0.234 0.153 0.274 0.207 0.305
L 0.207 0.306
C 0.149 0.338 0.15 0.384 0.15 0.409
L 0.15 0.565
C 0.15 0.636 0.185 0.694 0.363 0.694
L 0.366 0.694
C 0.394 0.694 0.401 0.677 0.401 0.663
C 0.401 0.634 0.376 0.632 0.366 0.632
L 0.362 0.632
C 0.217 0.63 0.22 0.591 0.22 0.567
L 0.22 0.405
C 0.22 0.383 0.224 0.368 0.254 0.354
C 0.33 0.32 0.401 0.358 0.401 0.306
C 0.401 0.277 0.377 0.274 0.366 0.274
L 0.361 0.274
C 0.241 0.273 0.22 0.242 0.22 0.207
L 0.22 0.041
C 0.22 0.017 0.223 -0.024 0.362 -0.027
L 0.365 -0.027
C 0.379 -0.027 0.401 -0.029 0.401 -0.057
C 0.401 -0.072 0.394 -0.088 0.366 -0.088
L 0.361 -0.088
C 0.202 -0.085 0.15 -0.036 0.15 0.042
Z
