M 0.045 0.052
C 0.045 0.094 0.086 0.122 0.139 0.122
C 0.155 0.122 0.171 0.12 0.187 0.117
C 0.19 0.131 0.192 0.146 0.192 0.164
L 0.192 0.275
L 0.144 0.275
C 0.13 0.275 0.108 0.277 0.108 0.306
C 0.108 0.335 0.132 0.336 0.145 0.336
L 0.192 0.336
L 0.192 0.448
C 0.192 0.574 0.281 0.619 0.341 0.619
C 0.433 0.619 0.478 0.528 0.478 0.461
C 0.478 0.423 0.449 0.414 0.434 0.414
C 0.407 0.414 0.389 0.436 0.389 0.458
C 0.389 0.482 0.402 0.482 0.402 0.495
C 0.402 0.507 0.384 0.557 0.34 0.557
C 0.309 0.557 0.262 0.526 0.262 0.45
L 0.262 0.336
L 0.335 0.336
C 0.364 0.336 0.369 0.317 0.369 0.305
C 0.369 0.291 0.363 0.275 0.335 0.275
L 0.262 0.275
L 0.262 0.162
C 0.262 0.137 0.259 0.117 0.252 0.097
C 0.29 0.083 0.348 0.059 0.383 0.059
C 0.42 0.059 0.428 0.097 0.43 0.108
C 0.432 0.123 0.427 0.15 0.466 0.15
C 0.493 0.15 0.501 0.134 0.501 0.118
C 0.501 0.071 0.464 -0.005 0.382 -0.005
C 0.325 -0.005 0.249 0.029 0.217 0.04
C 0.174 -0.004 0.125 -0.005 0.115 -0.005
C 0.076 -0.005 0.045 0.018 0.045 0.052
Z
