M 0.01 0.031
C 0.01 0.06 0.035 0.062 0.045 0.062
L 0.081 0.062
L 0.081 0.369
L 0.047 0.369
C 0.031 0.369 0.01 0.373 0.01 0.4
C 0.01 0.415 0.017 0.43 0.046 0.43
L 0.17 0.43
C 0.202 0.43 0.207 0.412 0.207 0.4
C 0.207 0.371 0.182 0.369 0.172 0.369
L 0.138 0.369
L 0.138 0.267
L 0.3 0.267
L 0.3 0.369
L 0.266 0.369
C 0.256 0.369 0.23 0.37 0.23 0.401
C 0.23 0.416 0.24 0.431 0.265 0.431
C 0.268 0.431 0.27 0.43 0.273 0.43
L 0.469 0.43
C 0.507 0.43 0.505 0.404 0.505 0.389
L 0.505 0.338
C 0.505 0.324 0.503 0.301 0.472 0.301
L 0.471 0.301
C 0.434 0.301 0.435 0.327 0.435 0.34
L 0.435 0.369
L 0.356 0.369
L 0.356 0.062
L 0.39 0.062
C 0.408 0.062 0.427 0.057 0.427 0.031
C 0.427 0.019 0.422 0 0.391 0
L 0.267 0
C 0.235 0 0.23 0.019 0.23 0.031
C 0.23 0.057 0.249 0.062 0.268 0.062
L 0.3 0.062
L 0.3 0.207
L 0.138 0.207
L 0.138 0.062
L 0.172 0.062
C 0.181 0.062 0.207 0.06 0.207 0.031
C 0.207 0.003 0.186 0 0.17 0
L 0.046 0
C 0.035 0 0.01 0.002 0.01 0.031
Z
