M 0.21 -0.107
C 0.21 -0.078 0.236 -0.057 0.26 -0.057
C 0.286 -0.057 0.31 -0.078 0.31 -0.107
C 0.31 -0.136 0.286 -0.157 0.262 -0.157
C 0.232 -0.157 0.21 -0.134 0.21 -0.107
Z
M 0.032 0.03
C 0.032 0.061 0.056 0.061 0.072 0.061
L 0.109 0.061
L 0.109 0.55
L 0.072 0.55
C 0.057 0.55 0.032 0.55 0.032 0.58
C 0.032 0.611 0.056 0.611 0.072 0.611
L 0.234 0.611
C 0.249 0.611 0.275 0.611 0.275 0.58
C 0.275 0.55 0.248 0.55 0.234 0.55
L 0.178 0.55
L 0.178 0.061
L 0.419 0.061
L 0.419 0.13
C 0.419 0.151 0.419 0.171 0.454 0.171
C 0.488 0.171 0.488 0.15 0.488 0.13
L 0.488 0.041
C 0.488 0.009 0.481 0 0.448 0
L 0.072 0
C 0.057 0 0.032 0 0.032 0.03
Z
