M 0.045 0.031
C 0.045 0.059 0.068 0.062 0.082 0.062
L 0.139 0.062
L 0.139 0.369
L 0.082 0.369
C 0.068 0.369 0.045 0.371 0.045 0.399
C 0.045 0.414 0.052 0.43 0.08 0.43
L 0.43 0.43
C 0.445 0.43 0.468 0.43 0.468 0.395
L 0.468 0.336
C 0.468 0.308 0.454 0.301 0.432 0.301
C 0.396 0.301 0.398 0.329 0.398 0.342
L 0.398 0.369
L 0.209 0.369
L 0.209 0.062
L 0.31 0.062
C 0.336 0.062 0.342 0.045 0.342 0.025
L 0.342 -0.102
C 0.342 -0.133 0.325 -0.138 0.314 -0.138
C 0.284 -0.138 0.286 -0.106 0.286 -0.098
L 0.286 0
L 0.078 0
C 0.051 0.001 0.045 0.017 0.045 0.031
Z
