M 0.035 0.215
C 0.035 0.347 0.137 0.436 0.241 0.436
C 0.288 0.436 0.324 0.42 0.358 0.391
L 0.358 0.55
L 0.31 0.55
C 0.297 0.55 0.273 0.552 0.273 0.581
C 0.273 0.592 0.277 0.611 0.309 0.611
L 0.39 0.611
C 0.406 0.611 0.428 0.611 0.428 0.574
L 0.428 -0.041
C 0.428 -0.108 0.436 -0.156 0.463 -0.164
C 0.471 -0.166 0.481 -0.165 0.489 -0.164
C 0.488 -0.16 0.487 -0.155 0.487 -0.151
C 0.487 -0.124 0.508 -0.107 0.532 -0.107
C 0.552 -0.107 0.576 -0.121 0.576 -0.152
C 0.576 -0.197 0.53 -0.227 0.475 -0.227
C 0.428 -0.227 0.357 -0.2 0.357 -0.038
C 0.357 -0.034 0.358 -0.029 0.358 -0.024
L 0.358 0.05
C 0.33 0.022 0.291 -0.005 0.231 -0.005
C 0.127 -0.005 0.035 0.088 0.035 0.215
Z
M 0.105 0.214
C 0.105 0.126 0.165 0.056 0.236 0.056
C 0.312 0.056 0.358 0.139 0.358 0.19
L 0.358 0.269
C 0.358 0.308 0.316 0.374 0.245 0.374
C 0.176 0.374 0.105 0.311 0.105 0.214
Z
