M 0.057 0.216
C 0.057 0.341 0.15 0.44 0.262 0.44
C 0.374 0.44 0.467 0.341 0.467 0.216
C 0.467 0.09 0.372 -0.006 0.262 -0.006
C 0.152 -0.006 0.057 0.089 0.057 0.216
Z
M 0.126 0.223
C 0.126 0.13 0.188 0.055 0.262 0.055
C 0.336 0.055 0.398 0.13 0.398 0.223
C 0.398 0.314 0.334 0.379 0.262 0.379
C 0.191 0.379 0.126 0.314 0.126 0.223
Z
M 0.085 0.608
C 0.085 0.627 0.099 0.639 0.116 0.639
C 0.146 0.639 0.147 0.609 0.148 0.604
C 0.158 0.565 0.238 0.563 0.261 0.563
C 0.299 0.563 0.359 0.569 0.373 0.598
C 0.377 0.607 0.374 0.639 0.407 0.639
C 0.425 0.639 0.438 0.627 0.438 0.608
C 0.438 0.564 0.401 0.498 0.262 0.498
C 0.122 0.498 0.085 0.564 0.085 0.608
Z
