M 0.018 0.031
C 0.018 0.049 0.029 0.062 0.056 0.062
L 0.081 0.062
L 0.081 0.549
L 0.054 0.549
C 0.039 0.549 0.018 0.553 0.018 0.58
C 0.018 0.591 0.022 0.611 0.053 0.611
L 0.47 0.611
C 0.501 0.611 0.505 0.591 0.505 0.58
C 0.505 0.55 0.48 0.549 0.47 0.549
L 0.442 0.549
L 0.442 0.062
L 0.468 0.062
C 0.481 0.062 0.505 0.059 0.505 0.031
C 0.505 0.006 0.487 0 0.468 0
L 0.346 0
C 0.314 0 0.309 0.02 0.309 0.031
C 0.309 0.049 0.32 0.062 0.347 0.062
L 0.372 0.062
L 0.372 0.549
L 0.151 0.549
L 0.151 0.062
L 0.177 0.062
C 0.19 0.062 0.214 0.059 0.214 0.031
C 0.214 0.006 0.196 0 0.177 0
L 0.054 0
C 0.022 0 0.018 0.02 0.018 0.031
Z
