M 0.052 0.03
L 0.052 0.162
C 0.052 0.182 0.052 0.203 0.087 0.203
C 0.119 0.203 0.12 0.185 0.121 0.168
C 0.122 0.15 0.126 0.108 0.168 0.081
C 0.208 0.054 0.257 0.05 0.285 0.05
C 0.364 0.05 0.407 0.109 0.407 0.161
C 0.407 0.248 0.324 0.268 0.296 0.274
C 0.282 0.277 0.185 0.3 0.181 0.301
C 0.098 0.325 0.052 0.391 0.052 0.458
C 0.052 0.543 0.127 0.622 0.238 0.622
C 0.283 0.622 0.337 0.61 0.378 0.575
C 0.386 0.605 0.391 0.622 0.415 0.622
C 0.445 0.622 0.445 0.597 0.445 0.581
L 0.445 0.449
C 0.445 0.429 0.445 0.408 0.41 0.408
C 0.39 0.408 0.379 0.414 0.376 0.436
C 0.37 0.467 0.355 0.561 0.237 0.561
C 0.166 0.561 0.117 0.513 0.117 0.462
C 0.117 0.415 0.155 0.38 0.197 0.368
L 0.278 0.35
C 0.356 0.332 0.383 0.325 0.424 0.285
C 0.436 0.272 0.472 0.23 0.472 0.166
C 0.472 0.077 0.4 -0.011 0.284 -0.011
C 0.22 -0.011 0.159 0.005 0.119 0.035
C 0.11 0.003 0.104 -0.011 0.082 -0.011
C 0.052 -0.011 0.052 0.014 0.052 0.03
Z
