M 0.018 0.579
C 0.018 0.594 0.025 0.611 0.053 0.611
L 0.167 0.611
C 0.179 0.611 0.204 0.61 0.204 0.58
C 0.204 0.57 0.199 0.55 0.169 0.549
L 0.158 0.549
L 0.241 0.37
L 0.283 0.37
L 0.366 0.549
L 0.354 0.549
C 0.329 0.549 0.319 0.564 0.319 0.579
C 0.319 0.589 0.323 0.611 0.354 0.611
L 0.469 0.611
C 0.497 0.611 0.505 0.596 0.505 0.58
C 0.505 0.555 0.488 0.549 0.468 0.549
L 0.443 0.549
L 0.358 0.37
L 0.464 0.37
C 0.499 0.37 0.503 0.349 0.503 0.339
C 0.503 0.31 0.476 0.309 0.466 0.309
L 0.328 0.309
C 0.318 0.283 0.3 0.264 0.297 0.232
L 0.297 0.22
L 0.459 0.22
C 0.466 0.22 0.474 0.22 0.481 0.218
C 0.494 0.214 0.503 0.202 0.503 0.189
C 0.503 0.181 0.499 0.159 0.468 0.158
L 0.297 0.158
L 0.297 0.062
L 0.324 0.062
C 0.344 0.062 0.362 0.056 0.362 0.031
C 0.362 0.02 0.357 0 0.325 0
L 0.198 0
C 0.169 0 0.162 0.016 0.162 0.031
C 0.162 0.056 0.178 0.062 0.199 0.062
L 0.227 0.062
L 0.227 0.158
L 0.055 0.158
C 0.023 0.159 0.02 0.181 0.02 0.188
C 0.02 0.201 0.029 0.214 0.042 0.218
C 0.049 0.22 0.056 0.22 0.064 0.22
L 0.227 0.22
L 0.227 0.232
C 0.225 0.254 0.222 0.251 0.196 0.309
L 0.06 0.309
C 0.048 0.309 0.02 0.31 0.02 0.339
C 0.02 0.352 0.026 0.37 0.061 0.37
L 0.166 0.37
L 0.08 0.549
L 0.055 0.549
C 0.039 0.549 0.018 0.553 0.018 0.579
Z
