M 0.085 0.521
C 0.085 0.543 0.11 0.552 0.135 0.564
C 0.242 0.617 0.251 0.623 0.262 0.623
C 0.273 0.623 0.295 0.61 0.411 0.553
C 0.421 0.548 0.438 0.54 0.438 0.521
C 0.438 0.507 0.426 0.493 0.411 0.493
C 0.391 0.493 0.277 0.561 0.262 0.561
C 0.256 0.561 0.251 0.557 0.133 0.499
C 0.127 0.496 0.12 0.493 0.113 0.493
C 0.099 0.493 0.085 0.504 0.085 0.521
Z
M 0.056 0.216
C 0.056 0.345 0.153 0.439 0.262 0.439
C 0.379 0.439 0.467 0.334 0.467 0.215
C 0.467 0.087 0.369 -0.005 0.261 -0.005
C 0.146 -0.005 0.056 0.095 0.056 0.216
Z
M 0.126 0.223
C 0.126 0.128 0.189 0.056 0.262 0.056
C 0.334 0.056 0.397 0.128 0.397 0.223
C 0.397 0.313 0.333 0.377 0.262 0.377
C 0.193 0.377 0.126 0.316 0.126 0.223
Z
M 0.217 -0.108
C 0.217 -0.082 0.238 -0.064 0.261 -0.064
C 0.284 -0.064 0.305 -0.083 0.305 -0.109
C 0.305 -0.135 0.285 -0.152 0.262 -0.152
C 0.236 -0.152 0.217 -0.13 0.217 -0.108
Z
