M 0.046 0.305
L 0.046 0.345
C 0.046 0.415 0.049 0.535 0.085 0.578
C 0.117 0.616 0.17 0.619 0.217 0.622
C 0.218 0.649 0.237 0.668 0.262 0.668
C 0.275 0.668 0.304 0.661 0.307 0.622
C 0.457 0.614 0.478 0.578 0.478 0.306
L 0.478 0.263
C 0.478 0.016 0.434 -0.004 0.307 -0.011
C 0.306 -0.036 0.289 -0.057 0.262 -0.057
C 0.248 -0.057 0.218 -0.049 0.217 -0.011
C 0.068 -0.003 0.046 0.03 0.046 0.305
Z
M 0.116 0.312
C 0.116 0.106 0.126 0.061 0.222 0.052
C 0.226 0.139 0.223 0.17 0.261 0.17
L 0.262 0.169
L 0.263 0.17
C 0.299 0.17 0.298 0.146 0.302 0.052
C 0.397 0.061 0.408 0.105 0.408 0.312
C 0.408 0.513 0.4 0.551 0.302 0.56
C 0.298 0.469 0.299 0.441 0.263 0.441
L 0.261 0.441
C 0.226 0.441 0.226 0.466 0.222 0.56
C 0.13 0.552 0.116 0.519 0.116 0.32
L 0.116 0.312
Z
