M 0.146 -0.165
C 0.146 -0.105 0.194 -0.047 0.262 -0.047
C 0.322 -0.047 0.379 -0.095 0.379 -0.165
C 0.379 -0.226 0.332 -0.284 0.263 -0.284
C 0.195 -0.284 0.146 -0.228 0.146 -0.165
Z
M 0.205 -0.165
C 0.205 -0.195 0.229 -0.222 0.263 -0.222
C 0.296 -0.222 0.32 -0.194 0.32 -0.165
C 0.32 -0.135 0.297 -0.108 0.263 -0.108
C 0.229 -0.108 0.205 -0.137 0.205 -0.165
Z
M 0.027 0.03
C 0.027 0.043 0.033 0.053 0.044 0.059
C 0.05 0.061 0.073 0.061 0.087 0.061
L 0.208 0.585
C 0.217 0.623 0.233 0.623 0.262 0.623
C 0.293 0.623 0.307 0.622 0.316 0.584
L 0.437 0.061
C 0.452 0.061 0.474 0.061 0.48 0.058
C 0.492 0.053 0.497 0.043 0.497 0.03
C 0.497 0 0.471 0 0.454 0
L 0.352 0
C 0.334 0 0.31 0 0.31 0.03
C 0.31 0.061 0.33 0.061 0.366 0.061
L 0.343 0.165
L 0.181 0.165
L 0.158 0.061
C 0.194 0.061 0.214 0.061 0.214 0.03
C 0.214 0 0.19 0 0.172 0
L 0.07 0
C 0.053 0 0.027 0 0.027 0.03
Z
M 0.196 0.226
L 0.328 0.226
L 0.262 0.54
Z
