M 0.046 0.193
C 0.046 0.294 0.123 0.35 0.179 0.38
C 0.164 0.391 0.139 0.41 0.139 0.454
C 0.139 0.485 0.148 0.509 0.163 0.532
C 0.083 0.535 0.062 0.581 0.062 0.613
C 0.062 0.642 0.083 0.65 0.095 0.65
C 0.111 0.65 0.125 0.638 0.128 0.622
C 0.131 0.607 0.132 0.599 0.175 0.599
C 0.263 0.599 0.406 0.65 0.429 0.65
C 0.449 0.65 0.462 0.633 0.462 0.616
C 0.462 0.584 0.434 0.582 0.338 0.558
C 0.293 0.547 0.2 0.525 0.2 0.454
C 0.2 0.438 0.21 0.426 0.25 0.426
C 0.299 0.426 0.339 0.441 0.352 0.441
C 0.372 0.441 0.385 0.425 0.385 0.408
C 0.385 0.38 0.353 0.373 0.348 0.372
C 0.249 0.344 0.113 0.302 0.113 0.195
C 0.113 0.133 0.165 0.067 0.271 0.067
L 0.287 0.067
C 0.376 0.067 0.478 0.057 0.478 -0.033
C 0.478 -0.093 0.43 -0.133 0.302 -0.133
C 0.266 -0.133 0.263 -0.108 0.263 -0.1
C 0.263 -0.087 0.271 -0.074 0.286 -0.069
C 0.3 -0.065 0.41 -0.074 0.41 -0.035
C 0.41 -0.014 0.38 0 0.283 0
L 0.268 0
C 0.127 0 0.046 0.096 0.046 0.193
Z
