M -0.043 0.066
C -0.043 0.091 -0.025 0.111 0.001 0.111
C 0.024 0.111 0.046 0.094 0.046 0.067
C 0.046 0.063 0.045 0.058 0.044 0.053
C 0.054 0.052 0.062 0.05 0.071 0.06
C 0.083 0.074 0.097 0.105 0.097 0.16
L 0.097 0.549
L 0.08 0.549
C 0.052 0.549 0.043 0.564 0.043 0.58
C 0.043 0.593 0.049 0.611 0.078 0.611
L 0.137 0.611
C 0.194 0.611 0.184 0.601 0.203 0.441
C 0.215 0.336 0.227 0.231 0.23 0.09
L 0.23 0.45
C 0.23 0.55 0.27 0.616 0.329 0.616
C 0.375 0.616 0.427 0.594 0.427 0.545
C 0.427 0.534 0.424 0.527 0.42 0.519
C 0.478 0.518 0.492 0.453 0.492 0.421
C 0.492 0.37 0.462 0.325 0.425 0.325
C 0.387 0.325 0.359 0.368 0.359 0.421
C 0.359 0.468 0.38 0.494 0.385 0.5
C 0.357 0.501 0.339 0.518 0.339 0.544
C 0.339 0.548 0.339 0.552 0.34 0.557
C 0.329 0.559 0.322 0.561 0.313 0.551
C 0.3 0.537 0.287 0.504 0.287 0.445
L 0.287 0.037
C 0.287 0.001 0.268 0 0.25 0
L 0.238 0
C 0.192 0 0.199 0.023 0.18 0.18
C 0.172 0.246 0.157 0.379 0.154 0.512
L 0.154 0.173
C 0.154 0.027 0.095 -0.005 0.056 -0.005
C 0 -0.005 -0.043 0.023 -0.043 0.066
Z
M 0.325 0.244
C 0.325 0.273 0.35 0.276 0.361 0.276
C 0.363 0.276 0.366 0.275 0.366 0.275
L 0.487 0.275
C 0.503 0.275 0.525 0.273 0.525 0.245
C 0.525 0.23 0.518 0.214 0.49 0.214
L 0.361 0.214
C 0.329 0.214 0.325 0.233 0.325 0.244
Z
M 0.415 0.419
C 0.415 0.399 0.42 0.389 0.425 0.389
C 0.43 0.389 0.436 0.399 0.436 0.419
C 0.436 0.44 0.431 0.455 0.425 0.455
C 0.418 0.455 0.415 0.431 0.415 0.419
Z
