M 0.027 0.031
C 0.027 0.06 0.052 0.062 0.061 0.062
L 0.092 0.062
L 0.092 0.577
L 0.064 0.577
C 0.05 0.577 0.027 0.578 0.027 0.608
C 0.027 0.624 0.034 0.639 0.062 0.639
L 0.141 0.639
C 0.18 0.639 0.185 0.614 0.192 0.595
L 0.377 0.07
L 0.377 0.577
L 0.346 0.577
C 0.337 0.577 0.311 0.578 0.311 0.607
C 0.311 0.638 0.337 0.639 0.347 0.639
L 0.462 0.639
C 0.48 0.639 0.496 0.633 0.496 0.608
C 0.496 0.579 0.472 0.577 0.463 0.577
L 0.431 0.577
L 0.431 0.041
C 0.431 0.041 0.432 0 0.397 0
L 0.383 0
C 0.343 0 0.338 0.028 0.331 0.046
L 0.157 0.539
L 0.147 0.569
L 0.147 0.062
L 0.177 0.062
C 0.187 0.062 0.212 0.06 0.212 0.031
C 0.212 0 0.187 0 0.177 0
L 0.062 0
C 0.044 0 0.027 0.006 0.027 0.031
Z
