M 0.003 0.031
C 0.003 0.043 0.008 0.062 0.04 0.062
L 0.062 0.062
L 0.062 0.369
L 0.04 0.369
C 0.022 0.369 0.003 0.374 0.003 0.4
C 0.003 0.413 0.01 0.43 0.038 0.43
L 0.131 0.43
C 0.16 0.43 0.167 0.415 0.167 0.4
C 0.167 0.385 0.159 0.369 0.131 0.369
L 0.118 0.369
L 0.118 0.062
L 0.234 0.062
L 0.234 0.369
L 0.22 0.369
C 0.194 0.369 0.185 0.383 0.185 0.398
C 0.185 0.409 0.19 0.43 0.221 0.43
L 0.304 0.43
C 0.329 0.43 0.339 0.416 0.339 0.401
C 0.339 0.39 0.334 0.369 0.303 0.369
L 0.29 0.369
L 0.29 0.062
L 0.405 0.062
L 0.405 0.369
L 0.393 0.369
C 0.365 0.369 0.357 0.384 0.357 0.399
C 0.357 0.418 0.367 0.43 0.393 0.43
L 0.486 0.43
C 0.515 0.43 0.521 0.412 0.521 0.4
C 0.521 0.388 0.516 0.369 0.484 0.369
L 0.462 0.369
L 0.462 0.062
L 0.483 0.062
C 0.493 0.062 0.521 0.061 0.521 0.031
C 0.521 0.02 0.516 0 0.485 0
L 0.039 0
C 0.011 0 0.003 0.015 0.003 0.031
Z
