M -0.004 0.03
C -0.004 0.061 0.017 0.061 0.053 0.061
L 0.053 0.37
C 0.017 0.37 -0.004 0.37 -0.004 0.401
C -0.004 0.431 0.022 0.431 0.037 0.431
L 0.069 0.431
C 0.087 0.431 0.107 0.431 0.109 0.401
C 0.133 0.423 0.169 0.437 0.201 0.437
C 0.234 0.437 0.262 0.419 0.277 0.385
C 0.305 0.424 0.352 0.437 0.382 0.437
C 0.471 0.437 0.471 0.323 0.471 0.303
L 0.471 0.061
C 0.507 0.061 0.528 0.061 0.528 0.03
C 0.528 0 0.502 0 0.487 0
L 0.407 0
C 0.393 0 0.366 0 0.366 0.03
C 0.366 0.061 0.391 0.061 0.415 0.061
L 0.415 0.294
C 0.415 0.359 0.401 0.376 0.378 0.376
C 0.337 0.376 0.29 0.329 0.29 0.24
L 0.29 0.061
C 0.326 0.061 0.347 0.061 0.347 0.03
C 0.347 0 0.321 0 0.306 0
L 0.226 0
C 0.212 0 0.185 0 0.185 0.03
C 0.185 0.061 0.21 0.061 0.234 0.061
L 0.234 0.294
C 0.234 0.359 0.22 0.376 0.197 0.376
C 0.156 0.376 0.109 0.329 0.109 0.24
L 0.109 0.061
C 0.145 0.061 0.166 0.061 0.166 0.03
C 0.166 0 0.14 0 0.125 0
L 0.037 0
C 0.023 0 -0.004 0 -0.004 0.03
Z
M 0.213 -0.122
C 0.213 -0.093 0.237 -0.072 0.263 -0.072
C 0.289 -0.072 0.313 -0.093 0.313 -0.122
C 0.313 -0.151 0.288 -0.172 0.264 -0.172
C 0.234 -0.172 0.213 -0.149 0.213 -0.122
Z
