M 0.018 0.03
C 0.018 0.059 0.044 0.062 0.053 0.062
L 0.081 0.062
L 0.081 0.549
L 0.056 0.549
C 0.036 0.549 0.018 0.555 0.018 0.579
C 0.018 0.594 0.025 0.611 0.053 0.611
L 0.164 0.611
C 0.196 0.611 0.2 0.591 0.2 0.58
C 0.2 0.552 0.179 0.549 0.163 0.549
L 0.138 0.549
L 0.138 0.132
C 0.145 0.17 0.201 0.263 0.362 0.512
C 0.371 0.526 0.375 0.53 0.386 0.537
L 0.386 0.549
L 0.36 0.549
C 0.34 0.549 0.323 0.555 0.323 0.579
C 0.323 0.594 0.33 0.611 0.358 0.611
L 0.469 0.611
C 0.501 0.611 0.505 0.591 0.505 0.58
C 0.505 0.552 0.485 0.549 0.468 0.549
L 0.442 0.549
L 0.442 0.062
L 0.468 0.062
C 0.495 0.062 0.505 0.049 0.505 0.031
C 0.505 0.019 0.5 0 0.47 0
L 0.359 0
C 0.327 0 0.323 0.019 0.323 0.03
C 0.323 0.061 0.348 0.062 0.36 0.062
L 0.386 0.062
L 0.386 0.455
L 0.385 0.479
C 0.378 0.441 0.31 0.329 0.161 0.098
C 0.152 0.084 0.149 0.081 0.138 0.074
L 0.138 0.062
L 0.163 0.062
C 0.183 0.062 0.2 0.055 0.2 0.031
C 0.2 0.012 0.19 0 0.164 0
L 0.053 0
C 0.022 0 0.018 0.02 0.018 0.03
Z
