M 0.068 0.214
C 0.068 0.234 0.081 0.24 0.093 0.247
L 0.201 0.306
L 0.092 0.365
C 0.079 0.372 0.068 0.378 0.068 0.397
C 0.068 0.412 0.081 0.43 0.101 0.43
C 0.108 0.43 0.11 0.43 0.124 0.421
L 0.232 0.358
C 0.23 0.384 0.229 0.45 0.229 0.479
C 0.229 0.488 0.229 0.521 0.262 0.521
C 0.295 0.521 0.295 0.488 0.295 0.479
C 0.295 0.45 0.294 0.384 0.292 0.358
L 0.416 0.43
C 0.456 0.43 0.456 0.401 0.456 0.397
C 0.456 0.378 0.443 0.371 0.431 0.364
L 0.323 0.305
C 0.349 0.291 0.417 0.258 0.442 0.241
C 0.444 0.24 0.456 0.231 0.456 0.214
C 0.456 0.199 0.443 0.181 0.423 0.181
C 0.415 0.181 0.413 0.181 0.386 0.197
C 0.316 0.239 0.353 0.219 0.292 0.253
C 0.294 0.227 0.295 0.161 0.295 0.132
C 0.295 0.123 0.295 0.09 0.262 0.09
C 0.229 0.09 0.229 0.123 0.229 0.132
C 0.229 0.161 0.23 0.227 0.232 0.253
L 0.108 0.181
C 0.068 0.181 0.068 0.21 0.068 0.214
Z
