M 0.099 0.527
C 0.099 0.543 0.111 0.55 0.122 0.557
C 0.247 0.64 0.25 0.644 0.262 0.644
L 0.263 0.644
C 0.273 0.644 0.274 0.642 0.402 0.557
C 0.408 0.553 0.425 0.545 0.425 0.526
C 0.425 0.514 0.409 0.488 0.389 0.488
L 0.387 0.488
C 0.366 0.488 0.277 0.568 0.262 0.568
C 0.255 0.568 0.249 0.562 0.231 0.549
C 0.16 0.498 0.148 0.488 0.134 0.488
C 0.114 0.488 0.099 0.513 0.099 0.527
Z
M 0.057 0.216
C 0.057 0.341 0.15 0.44 0.262 0.44
C 0.374 0.44 0.467 0.341 0.467 0.216
C 0.467 0.09 0.372 -0.006 0.262 -0.006
C 0.152 -0.006 0.057 0.089 0.057 0.216
Z
M 0.126 0.223
C 0.126 0.13 0.188 0.055 0.262 0.055
C 0.336 0.055 0.398 0.13 0.398 0.223
C 0.398 0.314 0.334 0.379 0.262 0.379
C 0.191 0.379 0.126 0.314 0.126 0.223
Z
