M -0.015 0.49
C -0.015 0.504 -0.009 0.521 0.019 0.521
L 0.089 0.521
L 0.089 0.549
L 0.063 0.549
C 0.043 0.549 0.026 0.555 0.026 0.579
C 0.026 0.604 0.043 0.611 0.062 0.611
L 0.173 0.611
C 0.204 0.611 0.208 0.591 0.208 0.58
C 0.208 0.555 0.191 0.549 0.171 0.549
L 0.145 0.549
L 0.145 0.521
L 0.189 0.521
C 0.201 0.521 0.225 0.519 0.225 0.49
C 0.225 0.461 0.201 0.46 0.188 0.46
L 0.145 0.46
L 0.145 0.312
L 0.146 0.285
L 0.357 0.549
L 0.353 0.549
C 0.341 0.549 0.316 0.551 0.316 0.58
C 0.316 0.593 0.323 0.611 0.35 0.611
L 0.451 0.611
C 0.479 0.611 0.486 0.594 0.486 0.579
C 0.486 0.551 0.463 0.549 0.449 0.549
L 0.444 0.549
C 0.427 0.549 0.426 0.544 0.416 0.531
C 0.305 0.392 0.29 0.375 0.277 0.357
L 0.443 0.062
L 0.458 0.062
C 0.475 0.062 0.495 0.057 0.495 0.031
C 0.495 0.003 0.474 0 0.458 0
L 0.373 0
C 0.345 0 0.339 0.017 0.339 0.031
C 0.339 0.061 0.362 0.062 0.378 0.062
L 0.239 0.31
C 0.23 0.3 0.222 0.29 0.157 0.208
C 0.145 0.193 0.145 0.192 0.145 0.176
L 0.145 0.062
L 0.171 0.062
C 0.191 0.062 0.208 0.055 0.208 0.031
C 0.208 0.012 0.198 0 0.172 0
L 0.061 0
C 0.03 0 0.026 0.02 0.026 0.03
C 0.026 0.059 0.051 0.062 0.06 0.062
L 0.089 0.062
L 0.089 0.46
L 0.02 0.46
C -0.008 0.46 -0.015 0.476 -0.015 0.49
Z
