M 0.166 0.134
L 0.166 0.398
C 0.166 0.413 0.167 0.436 0.199 0.436
C 0.226 0.436 0.233 0.419 0.233 0.404
L 0.233 0.139
C 0.233 0.074 0.253 0.062 0.266 0.062
C 0.289 0.062 0.292 0.101 0.293 0.104
C 0.297 0.115 0.308 0.123 0.323 0.123
C 0.324 0.123 0.324 0.122 0.325 0.122
C 0.352 0.122 0.358 0.106 0.358 0.092
C 0.358 0.045 0.321 -0.005 0.266 -0.005
C 0.226 -0.005 0.166 0.026 0.166 0.134
Z
M 0.185 0.499
C 0.185 0.512 0.194 0.522 0.243 0.591
C 0.253 0.605 0.263 0.612 0.276 0.612
C 0.293 0.612 0.309 0.598 0.309 0.578
C 0.309 0.561 0.304 0.559 0.242 0.492
C 0.233 0.482 0.224 0.473 0.212 0.473
L 0.211 0.473
C 0.197 0.473 0.185 0.484 0.185 0.499
Z
M 0.061 0.562
C 0.061 0.609 0.101 0.639 0.136 0.639
C 0.158 0.639 0.175 0.624 0.175 0.601
C 0.175 0.579 0.158 0.564 0.138 0.564
C 0.13 0.564 0.125 0.566 0.117 0.57
C 0.117 0.568 0.116 0.566 0.116 0.564
C 0.116 0.526 0.175 0.554 0.175 0.512
C 0.175 0.504 0.169 0.485 0.145 0.485
C 0.115 0.485 0.061 0.507 0.061 0.562
Z
