M 0.125 0.751
C 0.125 0.765 0.13 0.775 0.191 0.807
C 0.199 0.811 0.237 0.833 0.265 0.833
C 0.284 0.833 0.307 0.824 0.311 0.785
C 0.365 0.805 0.389 0.833 0.408 0.833
C 0.425 0.833 0.439 0.817 0.439 0.801
C 0.439 0.782 0.424 0.775 0.394 0.757
C 0.341 0.726 0.317 0.719 0.298 0.719
C 0.282 0.719 0.256 0.724 0.252 0.766
C 0.198 0.746 0.174 0.719 0.155 0.719
C 0.138 0.719 0.125 0.735 0.125 0.751
Z
M 0.003 0.58
C 0.003 0.609 0.028 0.611 0.04 0.611
L 0.178 0.611
C 0.194 0.611 0.215 0.608 0.215 0.58
C 0.215 0.552 0.188 0.549 0.179 0.549
L 0.144 0.549
L 0.144 0.215
C 0.144 0.093 0.215 0.051 0.262 0.051
C 0.306 0.051 0.379 0.092 0.379 0.211
L 0.379 0.549
L 0.347 0.549
C 0.337 0.549 0.309 0.55 0.309 0.58
C 0.309 0.595 0.319 0.611 0.341 0.611
L 0.415 0.611
C 0.426 0.611 0.43 0.609 0.435 0.609
C 0.439 0.609 0.443 0.61 0.451 0.616
C 0.443 0.621 0.425 0.634 0.425 0.661
C 0.425 0.687 0.444 0.71 0.475 0.71
C 0.505 0.71 0.525 0.684 0.525 0.644
C 0.525 0.592 0.487 0.557 0.449 0.546
L 0.449 0.222
C 0.449 0.176 0.446 0.136 0.422 0.091
C 0.398 0.046 0.344 -0.011 0.262 -0.011
C 0.16 -0.011 0.079 0.079 0.074 0.195
L 0.074 0.549
L 0.038 0.549
C 0.03 0.549 0.003 0.55 0.003 0.58
Z
