M 0.117 0.776
C 0.117 0.791 0.131 0.804 0.147 0.804
C 0.162 0.804 0.182 0.78 0.261 0.711
L 0.263 0.711
C 0.273 0.721 0.333 0.776 0.345 0.785
C 0.355 0.795 0.365 0.804 0.377 0.804
C 0.385 0.804 0.407 0.799 0.407 0.771
C 0.407 0.762 0.401 0.756 0.287 0.649
C 0.281 0.643 0.273 0.636 0.261 0.636
C 0.251 0.636 0.241 0.643 0.235 0.649
C 0.117 0.762 0.117 0.759 0.117 0.776
Z
M 0.027 0.03
C 0.027 0.043 0.033 0.053 0.044 0.059
C 0.05 0.061 0.073 0.061 0.087 0.061
L 0.208 0.585
C 0.217 0.623 0.233 0.623 0.262 0.623
C 0.293 0.623 0.307 0.622 0.316 0.584
L 0.437 0.061
C 0.452 0.061 0.474 0.061 0.48 0.058
C 0.492 0.053 0.497 0.043 0.497 0.03
C 0.497 0 0.471 0 0.454 0
L 0.352 0
C 0.334 0 0.31 0 0.31 0.03
C 0.31 0.061 0.33 0.061 0.366 0.061
L 0.343 0.165
L 0.181 0.165
L 0.158 0.061
C 0.194 0.061 0.214 0.061 0.214 0.03
C 0.214 0 0.19 0 0.172 0
L 0.07 0
C 0.053 0 0.027 0 0.027 0.03
Z
M 0.196 0.226
L 0.328 0.226
L 0.262 0.54
Z
