M 0 0.4
C 0 0.411 0.004 0.43 0.036 0.43
L 0.056 0.43
C 0.108 0.43 0.14 0.424 0.16 0.398
C 0.172 0.406 0.217 0.436 0.304 0.436
C 0.412 0.436 0.47 0.366 0.47 0.302
C 0.47 0.243 0.423 0.162 0.17 0.153
C 0.17 0.135 0.17 0.105 0.204 0.079
C 0.231 0.058 0.262 0.053 0.294 0.053
L 0.296 0.053
C 0.317 0.053 0.336 0.054 0.355 0.057
L 0.355 0.064
C 0.355 0.098 0.38 0.11 0.399 0.11
C 0.422 0.11 0.443 0.092 0.443 0.065
C 0.443 0.006 0.383 -0.008 0.303 -0.008
L 0.298 -0.008
C 0.247 -0.008 0.201 -0.001 0.158 0.032
C 0.102 0.075 0.1 0.126 0.1 0.15
L 0.1 0.363
C 0.085 0.367 0.067 0.369 0.049 0.369
L 0.034 0.369
C 0.006 0.37 0 0.387 0 0.4
Z
M 0.17 0.213
C 0.302 0.215 0.399 0.249 0.399 0.302
C 0.399 0.342 0.355 0.374 0.297 0.374
C 0.255 0.374 0.18 0.362 0.171 0.317
C 0.17 0.312 0.17 0.307 0.17 0.302
L 0.17 0.213
Z
