M 0.018 0.579
C 0.018 0.594 0.025 0.611 0.053 0.611
L 0.169 0.611
C 0.178 0.611 0.204 0.61 0.204 0.58
C 0.204 0.57 0.199 0.55 0.169 0.549
L 0.158 0.549
L 0.246 0.358
L 0.259 0.325
L 0.262 0.314
C 0.267 0.338 0.289 0.388 0.366 0.549
L 0.354 0.549
C 0.328 0.549 0.319 0.564 0.319 0.579
C 0.319 0.589 0.323 0.611 0.354 0.611
L 0.469 0.611
C 0.497 0.611 0.505 0.596 0.505 0.58
C 0.505 0.554 0.486 0.549 0.468 0.549
L 0.443 0.549
L 0.304 0.258
L 0.298 0.244
L 0.297 0.233
L 0.297 0.062
L 0.324 0.062
C 0.352 0.062 0.362 0.049 0.362 0.031
C 0.362 0.02 0.358 0 0.326 0
L 0.198 0
C 0.169 0 0.162 0.015 0.162 0.031
C 0.162 0.06 0.187 0.062 0.196 0.062
L 0.227 0.062
L 0.227 0.233
L 0.226 0.244
L 0.08 0.549
L 0.055 0.549
C 0.039 0.549 0.018 0.553 0.018 0.579
Z
M 0.218 -0.109
C 0.218 -0.083 0.239 -0.065 0.262 -0.065
C 0.289 -0.065 0.306 -0.087 0.306 -0.109
C 0.306 -0.135 0.284 -0.153 0.262 -0.153
C 0.236 -0.153 0.218 -0.132 0.218 -0.109
Z
