M 0.058 -0.183
L 0.058 0.323
C 0.057 0.375 0.088 0.43 0.167 0.43
L 0.411 0.43
C 0.415 0.43 0.419 0.431 0.423 0.431
C 0.459 0.431 0.466 0.41 0.466 0.397
C 0.466 0.383 0.457 0.372 0.446 0.367
C 0.437 0.363 0.427 0.363 0.417 0.363
L 0.174 0.363
C 0.15 0.363 0.125 0.363 0.125 0.321
L 0.125 0.22
L 0.296 0.22
C 0.304 0.22 0.313 0.219 0.32 0.217
C 0.333 0.212 0.343 0.2 0.343 0.186
C 0.343 0.177 0.339 0.153 0.306 0.152
L 0.125 0.152
L 0.125 -0.181
C 0.125 -0.218 0.1 -0.222 0.092 -0.222
C 0.082 -0.222 0.059 -0.217 0.058 -0.183
Z
