M 0.032 0.038
L 0.032 0.073
C 0.031 0.089 0.038 0.107 0.064 0.107
C 0.077 0.107 0.099 0.106 0.099 0.073
L 0.099 0.06
L 0.424 0.06
L 0.424 0.073
C 0.425 0.104 0.443 0.107 0.458 0.107
L 0.46 0.107
C 0.494 0.107 0.491 0.077 0.491 0.068
L 0.491 0.039
C 0.491 0.015 0.488 0 0.452 0
L 0.069 0
C 0.031 0 0.032 0.021 0.032 0.038
Z
M 0.036 0.569
L 0.036 0.601
C 0.036 0.617 0.035 0.639 0.073 0.639
L 0.45 0.639
C 0.488 0.639 0.487 0.615 0.487 0.6
L 0.487 0.576
C 0.487 0.559 0.485 0.537 0.454 0.537
L 0.453 0.537
C 0.422 0.537 0.419 0.558 0.419 0.573
C 0.419 0.575 0.42 0.577 0.42 0.579
L 0.103 0.579
L 0.103 0.573
C 0.103 0.556 0.102 0.537 0.07 0.537
L 0.068 0.537
C 0.042 0.538 0.036 0.555 0.036 0.569
Z
M 0.108 0.303
L 0.108 0.362
C 0.107 0.389 0.123 0.397 0.14 0.397
L 0.143 0.397
C 0.164 0.397 0.176 0.385 0.175 0.362
L 0.347 0.362
C 0.346 0.39 0.363 0.397 0.38 0.397
L 0.383 0.397
C 0.408 0.397 0.414 0.381 0.414 0.362
L 0.414 0.308
C 0.414 0.306 0.415 0.305 0.415 0.303
C 0.415 0.289 0.412 0.267 0.382 0.267
L 0.379 0.267
C 0.354 0.267 0.347 0.283 0.347 0.302
L 0.175 0.302
C 0.176 0.274 0.161 0.267 0.143 0.267
L 0.141 0.267
C 0.11 0.267 0.108 0.29 0.108 0.303
Z
