M 0.167 0.648
C 0.167 0.683 0.2 0.727 0.264 0.727
C 0.347 0.727 0.371 0.68 0.371 0.648
C 0.371 0.581 0.29 0.588 0.29 0.535
L 0.29 0.53
C 0.29 0.503 0.273 0.496 0.261 0.496
C 0.237 0.496 0.233 0.517 0.233 0.534
C 0.233 0.618 0.313 0.63 0.313 0.648
C 0.313 0.657 0.298 0.67 0.264 0.67
C 0.206 0.67 0.239 0.628 0.202 0.618
L 0.196 0.618
C 0.182 0.618 0.167 0.627 0.167 0.648
Z
M 0.057 0.216
C 0.057 0.341 0.15 0.44 0.262 0.44
C 0.374 0.44 0.467 0.341 0.467 0.216
C 0.467 0.09 0.372 -0.006 0.262 -0.006
C 0.152 -0.006 0.057 0.089 0.057 0.216
Z
M 0.126 0.223
C 0.126 0.13 0.188 0.055 0.262 0.055
C 0.336 0.055 0.398 0.13 0.398 0.223
C 0.398 0.314 0.334 0.379 0.262 0.379
C 0.191 0.379 0.126 0.314 0.126 0.223
Z
