M 0.265 0.645
C 0.265 0.677 0.289 0.708 0.327 0.708
C 0.373 0.708 0.405 0.668 0.405 0.624
C 0.405 0.542 0.331 0.491 0.305 0.491
C 0.289 0.491 0.274 0.507 0.274 0.523
C 0.274 0.552 0.305 0.543 0.331 0.583
C 0.278 0.583 0.265 0.623 0.265 0.645
Z
M 0.032 0.03
C 0.032 0.061 0.056 0.061 0.072 0.061
L 0.109 0.061
L 0.109 0.55
L 0.072 0.55
C 0.057 0.55 0.032 0.55 0.032 0.58
C 0.032 0.611 0.056 0.611 0.072 0.611
L 0.234 0.611
C 0.249 0.611 0.275 0.611 0.275 0.58
C 0.275 0.55 0.248 0.55 0.234 0.55
L 0.178 0.55
L 0.178 0.061
L 0.419 0.061
L 0.419 0.13
C 0.419 0.151 0.419 0.171 0.454 0.171
C 0.488 0.171 0.488 0.15 0.488 0.13
L 0.488 0.041
C 0.488 0.009 0.481 0 0.448 0
L 0.072 0
C 0.057 0 0.032 0 0.032 0.03
Z
