M 0.056 0.214
C 0.056 0.343 0.097 0.439 0.262 0.439
C 0.304 0.439 0.386 0.429 0.386 0.391
C 0.386 0.377 0.371 0.359 0.352 0.359
C 0.333 0.359 0.322 0.377 0.261 0.377
C 0.148 0.377 0.126 0.302 0.126 0.223
C 0.126 0.122 0.158 0.069 0.237 0.058
C 0.233 0.077 0.229 0.106 0.229 0.155
C 0.229 0.24 0.248 0.312 0.351 0.312
C 0.442 0.312 0.467 0.271 0.467 0.21
C 0.467 0.052 0.388 0.014 0.333 0.002
C 0.377 -0.05 0.433 -0.041 0.449 -0.045
C 0.462 -0.048 0.471 -0.058 0.471 -0.074
C 0.471 -0.086 0.465 -0.105 0.438 -0.105
C 0.399 -0.105 0.303 -0.096 0.258 -0.005
C 0.121 -0.003 0.056 0.061 0.056 0.214
Z
M 0.294 0.155
C 0.294 0.111 0.297 0.088 0.304 0.06
C 0.336 0.067 0.4 0.09 0.4 0.208
C 0.4 0.23 0.394 0.251 0.351 0.251
C 0.298 0.251 0.294 0.2 0.294 0.155
Z
