M 0.061 0.386
C 0.061 0.476 0.116 0.611 0.271 0.611
L 0.451 0.611
C 0.489 0.611 0.493 0.585 0.493 0.576
C 0.493 0.543 0.462 0.541 0.449 0.541
L 0.401 0.541
L 0.401 -0.153
L 0.445 -0.153
C 0.446 -0.153 0.448 -0.152 0.45 -0.152
C 0.463 -0.152 0.493 -0.154 0.493 -0.187
C 0.493 -0.201 0.486 -0.222 0.448 -0.222
L 0.283 -0.222
C 0.243 -0.222 0.239 -0.198 0.239 -0.188
C 0.239 -0.155 0.269 -0.152 0.282 -0.152
C 0.284 -0.152 0.286 -0.153 0.287 -0.153
L 0.331 -0.153
L 0.331 0.161
C 0.19 0.174 0.061 0.247 0.061 0.386
Z
