M 0.185 0.562
C 0.185 0.609 0.225 0.639 0.26 0.639
C 0.282 0.639 0.299 0.624 0.299 0.601
C 0.299 0.579 0.282 0.564 0.262 0.564
C 0.254 0.564 0.249 0.566 0.241 0.57
C 0.241 0.568 0.24 0.566 0.24 0.564
C 0.24 0.526 0.299 0.554 0.299 0.512
C 0.299 0.504 0.293 0.485 0.269 0.485
C 0.239 0.485 0.185 0.507 0.185 0.562
Z
M 0.041 0.215
C 0.041 0.332 0.135 0.436 0.262 0.436
C 0.389 0.436 0.483 0.331 0.483 0.215
C 0.483 0.098 0.389 -0.005 0.262 -0.005
C 0.144 -0.005 0.041 0.089 0.041 0.215
Z
M 0.108 0.215
C 0.108 0.126 0.18 0.062 0.262 0.062
C 0.342 0.062 0.416 0.126 0.416 0.215
C 0.416 0.304 0.344 0.369 0.262 0.369
C 0.182 0.369 0.108 0.304 0.108 0.215
Z
