M 0.016 0.03
C 0.016 0.045 0.023 0.062 0.051 0.062
L 0.11 0.062
L 0.11 0.369
L 0.053 0.369
C 0.039 0.369 0.016 0.371 0.016 0.399
C 0.016 0.413 0.022 0.429 0.049 0.43
L 0.11 0.43
L 0.11 0.501
C 0.11 0.547 0.132 0.616 0.287 0.616
C 0.438 0.616 0.466 0.549 0.466 0.505
C 0.466 0.443 0.434 0.381 0.357 0.377
C 0.339 0.376 0.332 0.377 0.314 0.365
C 0.304 0.35 0.3 0.34 0.3 0.322
C 0.3 0.257 0.356 0.263 0.391 0.253
C 0.441 0.239 0.489 0.194 0.489 0.125
C 0.489 0.047 0.437 -0.005 0.354 -0.005
C 0.331 -0.005 0.316 -0.001 0.296 0.01
C 0.293 0.005 0.285 -0.005 0.269 -0.005
C 0.258 -0.005 0.239 -0.002 0.239 0.03
L 0.239 0.131
C 0.238 0.164 0.259 0.167 0.274 0.167
L 0.276 0.167
C 0.319 0.167 0.303 0.126 0.322 0.08
C 0.33 0.062 0.34 0.056 0.355 0.056
C 0.387 0.056 0.427 0.07 0.427 0.125
C 0.427 0.146 0.42 0.158 0.407 0.175
C 0.368 0.206 0.346 0.193 0.309 0.209
C 0.273 0.224 0.238 0.265 0.238 0.321
C 0.238 0.385 0.275 0.433 0.344 0.438
C 0.356 0.438 0.395 0.438 0.395 0.501
C 0.395 0.53 0.376 0.555 0.285 0.555
L 0.283 0.555
C 0.268 0.555 0.195 0.553 0.182 0.516
C 0.18 0.51 0.18 0.504 0.18 0.498
L 0.18 0.037
C 0.181 0.002 0.159 0 0.143 0
L 0.052 0
C 0.02 0 0.016 0.019 0.016 0.03
Z
