M -0.014 -0.191
C -0.014 -0.162 0.01 -0.16 0.023 -0.16
L 0.076 -0.16
L 0.076 0.442
C 0.073 0.578 0.212 0.617 0.315 0.617
L 0.33 0.617
C 0.379 0.617 0.461 0.615 0.481 0.558
C 0.484 0.551 0.485 0.543 0.485 0.535
C 0.485 0.503 0.46 0.49 0.441 0.49
C 0.418 0.49 0.396 0.507 0.396 0.534
C 0.396 0.539 0.397 0.542 0.398 0.547
C 0.372 0.554 0.341 0.555 0.309 0.555
C 0.197 0.555 0.151 0.503 0.146 0.461
L 0.146 0.385
C 0.18 0.413 0.223 0.436 0.28 0.436
C 0.391 0.436 0.485 0.34 0.485 0.216
C 0.485 0.085 0.38 -0.005 0.27 -0.005
C 0.22 -0.005 0.181 0.014 0.146 0.05
L 0.146 -0.16
L 0.198 -0.16
C 0.212 -0.16 0.235 -0.162 0.235 -0.191
C 0.235 -0.201 0.231 -0.222 0.199 -0.222
L 0.022 -0.222
C -0.007 -0.222 -0.014 -0.206 -0.014 -0.191
Z
M 0.146 0.19
C 0.146 0.144 0.184 0.056 0.266 0.056
C 0.343 0.056 0.415 0.123 0.415 0.216
C 0.415 0.295 0.36 0.374 0.275 0.374
C 0.203 0.374 0.146 0.317 0.146 0.267
L 0.146 0.19
Z
