M 0.208 0.604
C 0.208 0.624 0.225 0.639 0.242 0.639
L 0.244 0.639
C 0.253 0.639 0.255 0.637 0.393 0.577
C 0.404 0.572 0.421 0.564 0.421 0.546
C 0.421 0.531 0.409 0.506 0.388 0.506
L 0.387 0.506
C 0.379 0.506 0.377 0.508 0.239 0.568
C 0.227 0.574 0.208 0.582 0.208 0.604
Z
M -0.025 0.604
C -0.025 0.624 -0.008 0.639 0.009 0.639
L 0.011 0.639
C 0.02 0.639 0.022 0.637 0.16 0.577
C 0.171 0.572 0.188 0.564 0.188 0.546
C 0.188 0.531 0.176 0.506 0.155 0.506
L 0.154 0.506
C 0.146 0.506 0.144 0.508 0.006 0.568
C -0.006 0.574 -0.025 0.582 -0.025 0.604
Z
M 0.012 0.4
C 0.012 0.431 0.037 0.431 0.053 0.431
L 0.126 0.431
C 0.16 0.431 0.166 0.421 0.166 0.39
L 0.166 0.12
C 0.166 0.088 0.166 0.055 0.245 0.055
C 0.277 0.055 0.358 0.067 0.358 0.157
L 0.358 0.37
L 0.313 0.37
C 0.299 0.37 0.273 0.37 0.273 0.4
C 0.273 0.431 0.298 0.431 0.314 0.431
L 0.387 0.431
C 0.421 0.431 0.427 0.421 0.427 0.39
L 0.427 0.061
L 0.472 0.061
C 0.486 0.061 0.512 0.061 0.512 0.031
C 0.512 0 0.487 0 0.471 0
L 0.398 0
C 0.38 0 0.359 0 0.358 0.032
C 0.321 0.004 0.28 -0.006 0.239 -0.006
C 0.166 -0.006 0.097 0.018 0.097 0.114
L 0.097 0.37
L 0.052 0.37
C 0.038 0.37 0.012 0.37 0.012 0.4
Z
