M 0.03 0.031
C 0.03 0.059 0.056 0.062 0.066 0.062
L 0.107 0.062
L 0.107 0.549
L 0.066 0.549
C 0.055 0.549 0.03 0.551 0.03 0.58
C 0.03 0.605 0.047 0.611 0.066 0.611
L 0.218 0.611
C 0.228 0.611 0.254 0.61 0.254 0.58
C 0.254 0.551 0.23 0.549 0.219 0.549
L 0.177 0.549
L 0.177 0.507
L 0.296 0.507
C 0.404 0.507 0.476 0.423 0.476 0.333
C 0.476 0.264 0.428 0.159 0.286 0.159
L 0.177 0.159
L 0.177 0.062
L 0.217 0.062
C 0.229 0.062 0.254 0.061 0.254 0.031
C 0.254 0.006 0.237 0 0.218 0
L 0.066 0
C 0.056 0 0.03 0.001 0.03 0.031
Z
M 0.177 0.22
L 0.264 0.22
C 0.373 0.22 0.406 0.29 0.406 0.333
C 0.406 0.378 0.372 0.445 0.28 0.445
L 0.177 0.445
L 0.177 0.22
Z
