M 0.105 0.751
C 0.105 0.765 0.11 0.775 0.171 0.807
C 0.179 0.811 0.217 0.833 0.245 0.833
C 0.261 0.833 0.286 0.827 0.291 0.785
C 0.345 0.805 0.369 0.833 0.388 0.833
C 0.405 0.833 0.419 0.817 0.419 0.801
C 0.419 0.782 0.404 0.775 0.374 0.757
C 0.321 0.726 0.297 0.719 0.278 0.719
C 0.262 0.719 0.236 0.724 0.232 0.766
C 0.178 0.746 0.154 0.719 0.135 0.719
C 0.118 0.719 0.105 0.735 0.105 0.751
Z
M 0.079 0.031
C 0.079 0.061 0.105 0.061 0.12 0.061
L 0.228 0.061
L 0.228 0.55
L 0.12 0.55
C 0.105 0.55 0.079 0.55 0.079 0.581
C 0.079 0.611 0.105 0.611 0.12 0.611
L 0.405 0.611
C 0.42 0.611 0.446 0.611 0.446 0.58
C 0.446 0.55 0.42 0.55 0.405 0.55
L 0.297 0.55
L 0.297 0.061
L 0.405 0.061
C 0.42 0.061 0.446 0.061 0.446 0.03
C 0.446 0 0.42 0 0.405 0
L 0.12 0
C 0.105 0 0.079 0 0.079 0.031
Z
