M 0.115 0.57
C 0.115 0.592 0.177 0.652 0.226 0.652
C 0.277 0.652 0.295 0.604 0.32 0.604
C 0.347 0.604 0.373 0.651 0.399 0.651
C 0.417 0.651 0.429 0.633 0.429 0.62
C 0.429 0.598 0.367 0.538 0.318 0.538
C 0.267 0.538 0.248 0.586 0.223 0.586
C 0.194 0.586 0.171 0.538 0.146 0.538
C 0.129 0.538 0.115 0.555 0.115 0.57
Z
M 0.056 0.215
C 0.056 0.335 0.145 0.439 0.262 0.439
C 0.3 0.439 0.331 0.428 0.356 0.414
C 0.375 0.422 0.379 0.416 0.393 0.434
C 0.377 0.44 0.362 0.456 0.362 0.48
C 0.362 0.506 0.382 0.529 0.411 0.53
C 0.448 0.53 0.462 0.497 0.462 0.463
C 0.462 0.422 0.443 0.385 0.412 0.368
C 0.446 0.326 0.467 0.277 0.467 0.216
C 0.467 0.088 0.37 -0.005 0.261 -0.005
C 0.153 -0.005 0.056 0.087 0.056 0.215
Z
M 0.126 0.223
C 0.126 0.129 0.189 0.056 0.262 0.056
C 0.334 0.056 0.397 0.128 0.397 0.223
C 0.397 0.313 0.333 0.377 0.262 0.377
C 0.186 0.377 0.126 0.308 0.126 0.223
Z
