M 0.212 0.722
C 0.212 0.751 0.238 0.772 0.262 0.772
C 0.288 0.772 0.312 0.751 0.312 0.722
C 0.312 0.693 0.288 0.672 0.264 0.672
C 0.234 0.672 0.212 0.695 0.212 0.722
Z
M 0.022 0.03
C 0.022 0.061 0.046 0.061 0.062 0.061
L 0.087 0.061
L 0.087 0.55
L 0.062 0.55
C 0.047 0.55 0.022 0.55 0.022 0.58
C 0.022 0.611 0.046 0.611 0.062 0.611
L 0.181 0.611
C 0.197 0.611 0.221 0.611 0.221 0.58
C 0.221 0.55 0.196 0.55 0.181 0.55
L 0.156 0.55
L 0.156 0.348
L 0.368 0.348
L 0.368 0.55
L 0.343 0.55
C 0.327 0.55 0.303 0.55 0.303 0.581
C 0.303 0.611 0.328 0.611 0.343 0.611
L 0.462 0.611
C 0.478 0.611 0.502 0.611 0.502 0.58
C 0.502 0.55 0.477 0.55 0.462 0.55
L 0.437 0.55
L 0.437 0.061
L 0.462 0.061
C 0.478 0.061 0.502 0.061 0.502 0.03
C 0.502 0 0.477 0 0.462 0
L 0.343 0
C 0.327 0 0.303 0 0.303 0.031
C 0.303 0.061 0.328 0.061 0.343 0.061
L 0.368 0.061
L 0.368 0.287
L 0.156 0.287
L 0.156 0.061
L 0.181 0.061
C 0.197 0.061 0.221 0.061 0.221 0.03
C 0.221 0 0.196 0 0.181 0
L 0.062 0
C 0.047 0 0.022 0 0.022 0.03
Z
