M 0.308 0.727
C 0.308 0.754 0.325 0.753 0.469 0.802
C 0.476 0.804 0.483 0.807 0.491 0.807
C 0.508 0.807 0.525 0.792 0.525 0.772
C 0.525 0.75 0.509 0.741 0.493 0.736
C 0.357 0.69 0.346 0.686 0.34 0.686
C 0.314 0.686 0.308 0.717 0.308 0.727
Z
M 0.09 0.727
C 0.09 0.749 0.11 0.754 0.122 0.758
C 0.263 0.806 0.262 0.807 0.272 0.807
C 0.289 0.807 0.306 0.793 0.306 0.772
C 0.306 0.75 0.29 0.741 0.274 0.736
C 0.138 0.69 0.128 0.686 0.122 0.686
C 0.096 0.686 0.09 0.718 0.09 0.727
Z
M 0.004 0.581
C 0.004 0.611 0.03 0.611 0.045 0.611
L 0.174 0.611
C 0.189 0.611 0.215 0.611 0.215 0.581
C 0.215 0.55 0.189 0.55 0.174 0.55
L 0.144 0.55
L 0.144 0.209
C 0.144 0.102 0.209 0.05 0.262 0.05
C 0.314 0.05 0.38 0.102 0.38 0.209
L 0.38 0.55
L 0.35 0.55
C 0.335 0.55 0.309 0.55 0.309 0.581
C 0.309 0.611 0.335 0.611 0.35 0.611
L 0.479 0.611
C 0.494 0.611 0.52 0.611 0.52 0.581
C 0.52 0.55 0.495 0.55 0.479 0.55
L 0.449 0.55
L 0.449 0.204
C 0.449 0.081 0.362 -0.011 0.262 -0.011
C 0.162 -0.011 0.075 0.081 0.075 0.204
L 0.075 0.55
L 0.045 0.55
C 0.03 0.55 0.004 0.55 0.004 0.581
Z
