M 0.028 0.137
C 0.028 0.183 0.044 0.218 0.063 0.242
C 0.065 0.243 0.123 0.307 0.131 0.315
C 0.11 0.378 0.103 0.434 0.103 0.477
C 0.103 0.577 0.157 0.622 0.207 0.622
C 0.278 0.622 0.299 0.546 0.299 0.485
C 0.299 0.462 0.299 0.403 0.198 0.298
C 0.218 0.244 0.259 0.181 0.272 0.16
C 0.299 0.213 0.332 0.299 0.359 0.37
C 0.342 0.37 0.318 0.37 0.318 0.401
C 0.318 0.431 0.343 0.431 0.358 0.431
L 0.45 0.431
C 0.466 0.431 0.49 0.431 0.49 0.4
C 0.49 0.37 0.465 0.37 0.45 0.37
L 0.419 0.37
L 0.359 0.214
C 0.349 0.189 0.329 0.143 0.308 0.108
C 0.317 0.096 0.355 0.05 0.392 0.05
C 0.408 0.05 0.427 0.063 0.431 0.107
C 0.431 0.112 0.433 0.138 0.459 0.138
C 0.461 0.138 0.487 0.138 0.487 0.105
C 0.487 0.057 0.458 -0.011 0.392 -0.011
C 0.334 -0.011 0.291 0.04 0.275 0.059
C 0.244 0.021 0.203 -0.011 0.151 -0.011
C 0.075 -0.011 0.028 0.061 0.028 0.137
Z
M 0.097 0.14
C 0.097 0.113 0.107 0.05 0.152 0.05
C 0.166 0.05 0.202 0.055 0.239 0.108
C 0.222 0.132 0.217 0.141 0.195 0.18
C 0.181 0.203 0.162 0.236 0.155 0.252
C 0.108 0.2 0.097 0.188 0.097 0.14
Z
M 0.159 0.477
C 0.159 0.469 0.16 0.416 0.175 0.364
C 0.225 0.42 0.243 0.456 0.243 0.485
C 0.243 0.494 0.241 0.561 0.207 0.561
C 0.185 0.561 0.159 0.535 0.159 0.477
Z
