M 0.015 0.031
C 0.015 0.044 0.022 0.062 0.051 0.062
L 0.067 0.062
L 0.127 0.399
C 0.133 0.433 0.152 0.435 0.169 0.435
L 0.174 0.435
C 0.217 0.435 0.217 0.413 0.245 0.312
C 0.258 0.263 0.258 0.256 0.26 0.242
C 0.261 0.273 0.279 0.335 0.297 0.395
C 0.306 0.424 0.316 0.435 0.345 0.435
L 0.355 0.435
C 0.396 0.435 0.395 0.404 0.4 0.382
L 0.451 0.096
C 0.453 0.084 0.455 0.074 0.457 0.062
L 0.473 0.062
C 0.504 0.062 0.509 0.042 0.509 0.031
C 0.509 0.001 0.482 0 0.472 0
L 0.344 0
C 0.317 0 0.308 0.014 0.308 0.03
C 0.308 0.059 0.331 0.062 0.345 0.062
L 0.4 0.062
L 0.348 0.36
C 0.341 0.329 0.322 0.269 0.304 0.208
C 0.293 0.172 0.269 0.172 0.259 0.172
C 0.219 0.172 0.217 0.197 0.187 0.303
C 0.178 0.337 0.177 0.343 0.174 0.36
L 0.168 0.318
L 0.124 0.062
L 0.178 0.062
C 0.193 0.062 0.215 0.06 0.215 0.031
C 0.215 0.015 0.207 0 0.18 0
L 0.053 0
C 0.039 0 0.015 0.002 0.015 0.031
Z
