M 0.07 0.393
C 0.07 0.421 0.084 0.428 0.1 0.428
C 0.124 0.428 0.177 0.411 0.227 0.369
L 0.227 0.653
C 0.227 0.678 0.241 0.694 0.262 0.694
L 0.263 0.694
C 0.281 0.694 0.293 0.68 0.296 0.668
C 0.298 0.661 0.297 0.655 0.297 0.648
L 0.297 0.369
C 0.331 0.399 0.391 0.428 0.424 0.428
C 0.448 0.428 0.455 0.411 0.455 0.396
C 0.455 0.357 0.433 0.363 0.4 0.351
C 0.313 0.319 0.292 0.242 0.285 0.232
C 0.28 0.225 0.273 0.22 0.262 0.22
C 0.24 0.22 0.236 0.24 0.229 0.255
C 0.187 0.348 0.095 0.36 0.089 0.362
C 0.073 0.369 0.07 0.382 0.07 0.393
Z
