M 0.02 0.489
L 0.02 0.574
C 0.02 0.611 0.042 0.611 0.057 0.611
L 0.243 0.611
C 0.275 0.611 0.279 0.591 0.279 0.58
C 0.279 0.566 0.271 0.549 0.243 0.549
L 0.229 0.549
L 0.229 0.303
L 0.381 0.549
C 0.357 0.549 0.347 0.564 0.347 0.579
C 0.347 0.589 0.351 0.611 0.382 0.611
L 0.455 0.611
C 0.471 0.611 0.494 0.608 0.494 0.58
C 0.494 0.552 0.47 0.549 0.455 0.549
L 0.448 0.549
C 0.404 0.473 0.333 0.369 0.332 0.358
C 0.332 0.354 0.333 0.351 0.335 0.347
L 0.446 0.093
L 0.459 0.062
L 0.464 0.062
C 0.475 0.062 0.501 0.06 0.501 0.03
C 0.501 0.018 0.496 0 0.464 0
L 0.399 0
C 0.373 0.001 0.365 0.016 0.365 0.03
C 0.365 0.043 0.372 0.062 0.398 0.062
L 0.294 0.299
L 0.238 0.21
L 0.23 0.195
L 0.229 0.178
L 0.229 0.062
L 0.243 0.062
C 0.275 0.062 0.279 0.039 0.279 0.03
C 0.279 0.019 0.273 0 0.243 0
L 0.157 0
C 0.128 0.001 0.122 0.018 0.122 0.031
C 0.122 0.041 0.126 0.062 0.158 0.062
L 0.172 0.062
L 0.172 0.549
L 0.09 0.549
L 0.09 0.491
C 0.09 0.472 0.084 0.455 0.057 0.455
L 0.052 0.455
C 0.037 0.455 0.02 0.461 0.02 0.489
Z
