M 0.123 0.561
C 0.123 0.59 0.146 0.611 0.172 0.611
C 0.198 0.611 0.222 0.59 0.222 0.561
C 0.222 0.532 0.199 0.511 0.173 0.511
C 0.143 0.511 0.123 0.534 0.123 0.561
Z
M 0.327 0.561
C 0.327 0.59 0.349 0.611 0.376 0.611
C 0.402 0.611 0.426 0.59 0.426 0.561
C 0.426 0.532 0.403 0.511 0.377 0.511
C 0.347 0.511 0.327 0.536 0.327 0.561
Z
M 0.078 0.03
C 0.078 0.061 0.103 0.061 0.119 0.061
L 0.24 0.061
L 0.24 0.37
L 0.127 0.37
C 0.112 0.37 0.086 0.37 0.086 0.401
C 0.086 0.431 0.112 0.431 0.127 0.431
L 0.269 0.431
C 0.303 0.431 0.309 0.421 0.309 0.39
L 0.309 0.061
L 0.414 0.061
C 0.429 0.061 0.455 0.061 0.455 0.03
C 0.455 0 0.429 0 0.414 0
L 0.119 0
C 0.104 0 0.078 0 0.078 0.03
Z
