M -0.207 0.306
C -0.207 0.424 -0.125 0.521 -0.021 0.521
C 0.076 0.521 0.167 0.432 0.167 0.306
C 0.167 0.181 0.077 0.091 -0.021 0.091
C -0.118 0.091 -0.207 0.181 -0.207 0.306
Z
M -0.141 0.305
C -0.141 0.227 -0.09 0.156 -0.02 0.156
C 0.046 0.156 0.098 0.224 0.098 0.306
C 0.098 0.384 0.048 0.455 -0.021 0.455
C -0.079 0.455 -0.141 0.396 -0.141 0.305
Z
M 0.228 -0.03
L 0.228 0.636
C 0.228 0.65 0.227 0.677 0.262 0.677
C 0.28 0.677 0.298 0.673 0.298 0.641
L 0.298 -0.026
C 0.298 -0.04 0.3 -0.066 0.263 -0.066
C 0.235 -0.066 0.228 -0.051 0.228 -0.03
Z
M 0.359 0.306
C 0.359 0.431 0.448 0.521 0.547 0.521
C 0.654 0.521 0.733 0.421 0.733 0.306
C 0.733 0.183 0.647 0.091 0.547 0.091
C 0.449 0.091 0.359 0.181 0.359 0.306
Z
M 0.428 0.305
C 0.428 0.217 0.487 0.156 0.548 0.156
C 0.614 0.156 0.668 0.224 0.668 0.306
C 0.668 0.385 0.617 0.455 0.547 0.455
C 0.49 0.455 0.428 0.397 0.428 0.305
Z
