M -0.063 0.616
C -0.063 0.636 -0.052 0.648 -0.032 0.648
C -0.003 0.648 -0.002 0.623 -0.001 0.616
C 0.002 0.57 0.058 0.552 0.194 0.552
C 0.268 0.552 0.393 0.549 0.399 0.614
C 0.399 0.618 0.399 0.648 0.431 0.648
C 0.449 0.648 0.461 0.636 0.461 0.617
C 0.461 0.494 0.289 0.489 0.199 0.489
C 0.094 0.489 0.041 0.5 0.008 0.516
C -0.05 0.543 -0.063 0.589 -0.063 0.616
Z
M 0.166 0.134
L 0.166 0.398
C 0.166 0.409 0.165 0.436 0.199 0.436
C 0.227 0.436 0.233 0.419 0.233 0.404
L 0.233 0.139
C 0.233 0.076 0.252 0.062 0.265 0.062
C 0.275 0.062 0.286 0.069 0.29 0.087
C 0.292 0.094 0.291 0.122 0.323 0.122
L 0.325 0.122
C 0.352 0.122 0.358 0.106 0.358 0.092
C 0.358 0.045 0.321 -0.005 0.266 -0.005
C 0.212 -0.005 0.166 0.041 0.166 0.134
Z
