M 0.105 0.776
C 0.105 0.791 0.119 0.804 0.134 0.804
C 0.149 0.804 0.158 0.793 0.226 0.732
L 0.25 0.711
C 0.258 0.719 0.267 0.726 0.333 0.785
C 0.345 0.795 0.353 0.804 0.366 0.804
C 0.381 0.804 0.395 0.791 0.395 0.775
C 0.395 0.762 0.385 0.753 0.38 0.748
C 0.262 0.635 0.265 0.636 0.25 0.636
C 0.235 0.636 0.238 0.635 0.12 0.748
C 0.113 0.755 0.105 0.763 0.105 0.776
Z
M 0.026 0.03
C 0.026 0.061 0.051 0.061 0.067 0.061
L 0.097 0.061
L 0.097 0.55
L 0.067 0.55
C 0.052 0.55 0.026 0.55 0.026 0.581
C 0.026 0.611 0.052 0.611 0.067 0.611
L 0.44 0.611
C 0.474 0.611 0.48 0.601 0.48 0.57
L 0.48 0.497
C 0.48 0.477 0.48 0.456 0.445 0.456
C 0.411 0.456 0.411 0.478 0.411 0.497
L 0.411 0.55
L 0.166 0.55
L 0.166 0.347
L 0.297 0.347
C 0.297 0.388 0.297 0.404 0.332 0.404
C 0.366 0.404 0.366 0.382 0.366 0.363
L 0.366 0.27
C 0.366 0.251 0.366 0.229 0.332 0.229
C 0.297 0.229 0.297 0.245 0.297 0.286
L 0.166 0.286
L 0.166 0.061
L 0.433 0.061
L 0.433 0.13
C 0.433 0.15 0.433 0.171 0.468 0.171
C 0.502 0.171 0.502 0.149 0.502 0.13
L 0.502 0.041
C 0.502 0.009 0.495 0 0.462 0
L 0.067 0
C 0.052 0 0.026 0 0.026 0.03
Z
