M 0.195 0.829
C 0.195 0.859 0.219 0.907 0.274 0.907
C 0.338 0.907 0.37 0.868 0.37 0.828
C 0.37 0.77 0.312 0.77 0.301 0.728
C 0.298 0.715 0.306 0.676 0.271 0.676
C 0.258 0.676 0.249 0.685 0.245 0.697
C 0.243 0.704 0.243 0.711 0.243 0.718
C 0.243 0.794 0.312 0.809 0.312 0.829
C 0.312 0.842 0.294 0.851 0.278 0.851
C 0.237 0.851 0.267 0.811 0.232 0.799
C 0.229 0.798 0.227 0.798 0.224 0.798
C 0.209 0.798 0.195 0.811 0.195 0.829
Z
M 0.027 0.03
C 0.027 0.043 0.033 0.053 0.044 0.059
C 0.05 0.061 0.073 0.061 0.087 0.061
L 0.208 0.585
C 0.217 0.623 0.233 0.623 0.262 0.623
C 0.293 0.623 0.307 0.622 0.316 0.584
L 0.437 0.061
C 0.452 0.061 0.474 0.061 0.48 0.058
C 0.492 0.053 0.497 0.043 0.497 0.03
C 0.497 0 0.471 0 0.454 0
L 0.352 0
C 0.334 0 0.31 0 0.31 0.03
C 0.31 0.061 0.33 0.061 0.366 0.061
L 0.343 0.165
L 0.181 0.165
L 0.158 0.061
C 0.194 0.061 0.214 0.061 0.214 0.03
C 0.214 0 0.19 0 0.172 0
L 0.07 0
C 0.053 0 0.027 0 0.027 0.03
Z
M 0.196 0.226
L 0.328 0.226
L 0.262 0.54
Z
