M 0.175 0.648
C 0.175 0.683 0.208 0.727 0.272 0.727
C 0.355 0.727 0.379 0.68 0.379 0.648
C 0.379 0.581 0.298 0.588 0.298 0.535
L 0.298 0.53
C 0.298 0.503 0.282 0.496 0.27 0.496
C 0.246 0.496 0.241 0.517 0.241 0.534
C 0.241 0.618 0.321 0.63 0.321 0.648
C 0.321 0.657 0.307 0.67 0.273 0.67
C 0.215 0.67 0.247 0.628 0.21 0.618
L 0.204 0.618
C 0.19 0.618 0.175 0.627 0.175 0.648
Z
M 0.055 0.217
C 0.055 0.34 0.151 0.44 0.27 0.44
C 0.4 0.44 0.464 0.342 0.464 0.228
C 0.464 0.191 0.445 0.191 0.424 0.191
L 0.126 0.191
C 0.142 0.105 0.217 0.055 0.292 0.055
C 0.32 0.055 0.374 0.064 0.396 0.115
C 0.403 0.134 0.411 0.137 0.429 0.137
C 0.435 0.137 0.464 0.137 0.464 0.109
C 0.464 0.084 0.417 -0.006 0.285 -0.006
C 0.156 -0.006 0.055 0.095 0.055 0.217
Z
M 0.127 0.251
L 0.393 0.251
C 0.384 0.354 0.322 0.379 0.27 0.379
C 0.2 0.379 0.141 0.324 0.127 0.251
Z
