M 0.037 0.217
C 0.037 0.322 0.093 0.396 0.125 0.427
C 0.132 0.434 0.14 0.441 0.154 0.441
C 0.174 0.441 0.187 0.423 0.187 0.407
C 0.187 0.392 0.177 0.385 0.169 0.377
C 0.128 0.338 0.099 0.281 0.099 0.217
C 0.099 0.128 0.164 0.074 0.228 0.06
L 0.228 0.11
C 0.228 0.119 0.228 0.123 0.227 0.184
L 0.227 0.245
C 0.23 0.345 0.251 0.442 0.355 0.442
C 0.44 0.442 0.487 0.327 0.487 0.218
C 0.487 0.092 0.393 0.012 0.295 -0.003
L 0.295 -0.182
C 0.295 -0.183 0.296 -0.187 0.296 -0.192
C 0.296 -0.225 0.275 -0.233 0.262 -0.233
C 0.251 -0.233 0.228 -0.228 0.228 -0.193
L 0.228 -0.003
C 0.116 0.014 0.037 0.106 0.037 0.217
Z
M 0.292 0.24
C 0.292 0.199 0.295 0.157 0.295 0.102
L 0.295 0.06
C 0.357 0.075 0.423 0.124 0.423 0.221
C 0.423 0.342 0.383 0.379 0.356 0.379
C 0.305 0.379 0.292 0.319 0.292 0.24
Z
