M -0.037 0.499
C -0.037 0.512 -0.029 0.519 0.023 0.591
C 0.033 0.605 0.041 0.611 0.054 0.611
C 0.071 0.611 0.088 0.598 0.088 0.578
C 0.088 0.56 0.076 0.553 0.02 0.492
C 0.008 0.48 0.002 0.473 -0.01 0.473
C -0.024 0.473 -0.037 0.483 -0.037 0.499
Z
M -0.037 0.499
C -0.037 0.512 -0.029 0.519 0.023 0.591
C 0.033 0.605 0.041 0.611 0.054 0.611
C 0.071 0.611 0.088 0.598 0.088 0.578
C 0.088 0.56 0.076 0.553 0.02 0.492
C 0.008 0.48 0.002 0.473 -0.01 0.473
C -0.024 0.473 -0.037 0.483 -0.037 0.499
Z
M 0.108 0.272
L 0.108 0.348
C 0.108 0.629 0.144 0.65 0.313 0.65
C 0.491 0.65 0.52 0.63 0.52 0.332
L 0.52 0.271
C 0.514 0.041 0.507 -0.011 0.327 -0.011
L 0.303 -0.011
C 0.129 -0.011 0.112 0.032 0.108 0.272
Z
M 0.178 0.323
C 0.178 0.107 0.181 0.05 0.309 0.05
C 0.442 0.05 0.446 0.094 0.45 0.285
L 0.45 0.343
C 0.45 0.562 0.433 0.589 0.318 0.589
C 0.187 0.589 0.178 0.556 0.178 0.33
L 0.178 0.323
Z
