M 0.006 0.608
C 0.006 0.619 0.011 0.639 0.043 0.639
L 0.126 0.639
C 0.166 0.639 0.166 0.62 0.166 0.6
L 0.166 0.43
L 0.351 0.43
C 0.379 0.43 0.387 0.416 0.387 0.4
C 0.387 0.389 0.383 0.369 0.351 0.369
L 0.166 0.369
L 0.166 0.267
L 0.281 0.267
C 0.414 0.267 0.463 0.187 0.463 0.134
C 0.463 0.068 0.399 0 0.285 0
L 0.054 0
C 0.04 0 0.02 0.004 0.02 0.031
C 0.02 0.06 0.043 0.062 0.058 0.062
L 0.109 0.062
L 0.109 0.369
L 0.054 0.369
C 0.04 0.369 0.018 0.371 0.018 0.4
C 0.018 0.428 0.041 0.431 0.055 0.431
C 0.058 0.431 0.06 0.43 0.062 0.43
L 0.109 0.43
L 0.109 0.577
L 0.042 0.577
C 0.014 0.577 0.006 0.592 0.006 0.608
Z
M 0.166 0.062
L 0.265 0.062
C 0.36 0.062 0.393 0.106 0.393 0.134
C 0.393 0.161 0.363 0.207 0.265 0.207
L 0.166 0.207
L 0.166 0.062
Z
