M 0.029 0.036
L 0.029 0.043
C 0.029 0.058 0.031 0.062 0.047 0.08
L 0.316 0.369
L 0.114 0.369
L 0.114 0.337
C 0.114 0.323 0.111 0.301 0.079 0.301
L 0.076 0.301
C 0.042 0.301 0.044 0.331 0.044 0.342
L 0.044 0.39
C 0.044 0.411 0.045 0.43 0.08 0.43
L 0.386 0.43
C 0.398 0.43 0.42 0.428 0.42 0.396
C 0.42 0.377 0.414 0.371 0.407 0.364
L 0.137 0.074
L 0.281 0.074
C 0.426 0.074 0.472 -0.024 0.472 -0.088
C 0.472 -0.152 0.42 -0.208 0.342 -0.208
C 0.315 -0.208 0.223 -0.198 0.223 -0.157
C 0.223 -0.141 0.235 -0.125 0.252 -0.125
C 0.264 -0.125 0.302 -0.147 0.339 -0.147
C 0.346 -0.147 0.352 -0.147 0.359 -0.145
C 0.384 -0.138 0.402 -0.114 0.402 -0.087
C 0.402 -0.052 0.372 0 0.286 0
L 0.066 0
C 0.051 0 0.028 0.002 0.029 0.036
Z
