M 0.047 0.307
C 0.047 0.367 0.095 0.432 0.227 0.432
L 0.227 0.55
L 0.166 0.55
C 0.139 0.551 0.133 0.567 0.133 0.58
C 0.133 0.61 0.158 0.611 0.169 0.611
L 0.261 0.611
C 0.278 0.611 0.297 0.608 0.297 0.576
L 0.297 0.256
C 0.381 0.294 0.399 0.338 0.424 0.338
C 0.44 0.338 0.455 0.322 0.455 0.306
C 0.455 0.28 0.371 0.215 0.297 0.19
L 0.297 0.062
L 0.354 0.062
C 0.368 0.062 0.391 0.06 0.391 0.031
C 0.391 0.016 0.384 0 0.356 0
L 0.169 0
C 0.15 0 0.133 0.006 0.133 0.031
C 0.133 0.059 0.156 0.062 0.17 0.062
L 0.227 0.062
L 0.227 0.175
C 0.219 0.175 0.211 0.174 0.203 0.174
C 0.113 0.174 0.047 0.227 0.047 0.307
Z
M 0.109 0.307
C 0.109 0.26 0.15 0.235 0.204 0.235
C 0.212 0.235 0.217 0.236 0.227 0.237
L 0.227 0.37
C 0.175 0.37 0.109 0.358 0.109 0.307
Z
