M 0.046 0.066
C 0.046 0.088 0.063 0.098 0.074 0.098
C 0.101 0.098 0.146 0.05 0.266 0.05
C 0.341 0.05 0.408 0.086 0.408 0.126
C 0.408 0.143 0.382 0.202 0.261 0.202
L 0.255 0.202
C 0.238 0.202 0.215 0.206 0.215 0.233
C 0.215 0.244 0.222 0.256 0.234 0.261
C 0.257 0.27 0.358 0.253 0.387 0.304
C 0.39 0.31 0.392 0.315 0.392 0.321
C 0.392 0.351 0.341 0.38 0.258 0.38
C 0.19 0.38 0.165 0.374 0.145 0.365
C 0.149 0.356 0.15 0.352 0.15 0.343
C 0.15 0.316 0.129 0.299 0.106 0.299
C 0.091 0.299 0.062 0.308 0.062 0.346
C 0.062 0.356 0.064 0.389 0.097 0.413
C 0.133 0.439 0.188 0.441 0.245 0.442
L 0.255 0.442
L 0.303 0.44
C 0.379 0.432 0.463 0.393 0.463 0.322
C 0.463 0.299 0.453 0.257 0.401 0.229
C 0.451 0.202 0.478 0.166 0.478 0.125
C 0.478 0.052 0.392 -0.011 0.266 -0.011
C 0.21 -0.011 0.147 -0.001 0.079 0.031
C 0.066 0.037 0.046 0.045 0.046 0.066
Z
