M 0.037 0.451
C 0.037 0.466 0.044 0.482 0.072 0.482
L 0.076 0.482
C 0.133 0.482 0.144 0.431 0.146 0.39
C 0.149 0.338 0.143 0.247 0.227 0.22
L 0.227 0.549
L 0.191 0.549
C 0.178 0.549 0.151 0.55 0.151 0.58
C 0.151 0.595 0.159 0.611 0.188 0.611
L 0.335 0.611
C 0.356 0.611 0.373 0.604 0.373 0.58
C 0.373 0.551 0.347 0.549 0.337 0.549
L 0.297 0.549
L 0.297 0.22
C 0.409 0.257 0.356 0.394 0.394 0.453
C 0.405 0.47 0.421 0.482 0.448 0.482
L 0.451 0.482
C 0.479 0.482 0.486 0.465 0.486 0.451
C 0.486 0.423 0.461 0.422 0.456 0.417
C 0.433 0.397 0.467 0.296 0.402 0.215
C 0.374 0.18 0.336 0.163 0.297 0.156
L 0.297 0.062
L 0.336 0.062
C 0.347 0.062 0.373 0.061 0.373 0.031
C 0.373 0.007 0.356 0 0.335 0
L 0.188 0
C 0.156 0 0.151 0.021 0.151 0.031
C 0.151 0.059 0.177 0.062 0.187 0.062
L 0.227 0.062
L 0.227 0.156
C 0.186 0.163 0.082 0.194 0.077 0.357
C 0.075 0.427 0.069 0.415 0.054 0.423
C 0.044 0.428 0.037 0.437 0.037 0.451
Z
