M 0.122 0.57
C 0.122 0.592 0.184 0.652 0.233 0.652
C 0.284 0.652 0.302 0.604 0.327 0.604
C 0.354 0.604 0.38 0.651 0.406 0.651
C 0.424 0.651 0.436 0.633 0.436 0.62
C 0.436 0.598 0.374 0.538 0.325 0.538
C 0.274 0.538 0.255 0.586 0.23 0.586
C 0.201 0.586 0.178 0.538 0.153 0.538
C 0.136 0.538 0.122 0.555 0.122 0.57
Z
M 0.011 0.399
C 0.011 0.428 0.035 0.43 0.049 0.43
L 0.122 0.43
C 0.124 0.43 0.127 0.431 0.131 0.431
C 0.168 0.431 0.166 0.405 0.166 0.39
L 0.166 0.12
C 0.166 0.09 0.165 0.056 0.245 0.056
C 0.314 0.056 0.352 0.098 0.357 0.135
C 0.358 0.144 0.358 0.153 0.358 0.162
L 0.358 0.369
L 0.314 0.369
C 0.297 0.369 0.273 0.37 0.273 0.4
C 0.273 0.41 0.278 0.43 0.309 0.43
L 0.392 0.43
C 0.406 0.43 0.41 0.428 0.416 0.425
L 0.427 0.431
L 0.435 0.437
C 0.428 0.442 0.41 0.454 0.41 0.48
C 0.41 0.506 0.43 0.53 0.46 0.53
C 0.49 0.53 0.51 0.504 0.51 0.464
C 0.51 0.385 0.428 0.365 0.428 0.365
L 0.428 0.062
L 0.475 0.062
C 0.486 0.062 0.513 0.06 0.513 0.031
C 0.513 0.006 0.496 0 0.476 0
L 0.394 0
C 0.385 0 0.359 0 0.358 0.032
C 0.322 0.008 0.29 -0.005 0.24 -0.005
C 0.101 -0.005 0.096 0.079 0.096 0.117
L 0.096 0.369
L 0.05 0.369
C 0.036 0.369 0.011 0.369 0.011 0.399
Z
