M 0.025 0.032
C 0.025 0.061 0.05 0.062 0.059 0.062
L 0.088 0.062
L 0.216 0.329
C 0.221 0.34 0.22 0.342 0.216 0.351
L 0.1 0.577
L 0.071 0.577
C 0.062 0.577 0.036 0.578 0.036 0.607
C 0.036 0.632 0.052 0.639 0.07 0.639
L 0.187 0.639
C 0.198 0.639 0.222 0.638 0.222 0.608
C 0.222 0.583 0.205 0.577 0.187 0.577
L 0.178 0.577
L 0.256 0.423
L 0.328 0.577
L 0.316 0.577
C 0.291 0.577 0.282 0.592 0.282 0.606
C 0.282 0.632 0.298 0.639 0.318 0.639
L 0.433 0.639
C 0.45 0.639 0.468 0.634 0.468 0.608
C 0.468 0.578 0.442 0.577 0.433 0.577
L 0.405 0.577
L 0.291 0.34
L 0.433 0.062
L 0.462 0.062
C 0.471 0.062 0.497 0.061 0.497 0.032
C 0.497 0.007 0.481 0 0.463 0
L 0.346 0
C 0.336 0 0.311 0 0.311 0.03
C 0.311 0.043 0.315 0.062 0.345 0.062
L 0.356 0.062
L 0.256 0.266
L 0.164 0.062
L 0.177 0.062
C 0.202 0.062 0.211 0.047 0.211 0.032
C 0.211 0.006 0.195 0 0.175 0
L 0.059 0
C 0.041 0 0.025 0.007 0.025 0.032
Z
