M 0.047 0.029
C 0.047 0.037 0.051 0.057 0.083 0.057
L 0.092 0.057
L 0.092 0.374
C 0.082 0.374 0.071 0.373 0.062 0.378
C 0.053 0.383 0.047 0.392 0.047 0.402
C 0.047 0.41 0.051 0.43 0.083 0.43
L 0.159 0.43
C 0.19 0.43 0.193 0.41 0.193 0.402
C 0.193 0.394 0.189 0.374 0.157 0.374
L 0.149 0.374
L 0.149 0.205
L 0.354 0.379
L 0.354 0.38
C 0.344 0.39 0.343 0.398 0.343 0.402
C 0.343 0.409 0.346 0.429 0.376 0.43
L 0.451 0.43
C 0.476 0.429 0.479 0.409 0.479 0.402
C 0.479 0.388 0.468 0.376 0.453 0.374
C 0.433 0.372 0.44 0.377 0.415 0.356
C 0.313 0.269 0.3 0.258 0.287 0.248
L 0.447 0.057
L 0.453 0.057
C 0.484 0.057 0.489 0.04 0.489 0.029
C 0.489 0.021 0.485 0 0.454 0
L 0.396 0
C 0.365 0 0.361 0.02 0.361 0.028
C 0.361 0.04 0.368 0.048 0.376 0.053
L 0.244 0.211
C 0.235 0.204 0.227 0.197 0.16 0.14
C 0.149 0.131 0.149 0.127 0.149 0.118
L 0.149 0.057
C 0.159 0.057 0.17 0.058 0.179 0.053
C 0.188 0.048 0.193 0.038 0.193 0.028
C 0.193 0.019 0.189 0 0.157 0
L 0.082 0
C 0.051 0.001 0.047 0.021 0.047 0.029
Z
