M 0.012 0.4
C 0.012 0.431 0.037 0.431 0.053 0.431
L 0.126 0.431
C 0.16 0.431 0.166 0.421 0.166 0.39
L 0.166 0.12
C 0.166 0.088 0.166 0.055 0.245 0.055
C 0.277 0.055 0.358 0.067 0.358 0.157
L 0.358 0.37
L 0.313 0.37
C 0.299 0.37 0.273 0.37 0.273 0.4
C 0.273 0.431 0.298 0.431 0.314 0.431
L 0.387 0.431
C 0.421 0.431 0.427 0.421 0.427 0.39
L 0.427 0.061
L 0.472 0.061
C 0.486 0.061 0.512 0.061 0.512 0.031
C 0.512 0 0.487 0 0.471 0
L 0.398 0
C 0.38 0 0.359 0 0.358 0.032
C 0.321 0.004 0.28 -0.006 0.239 -0.006
C 0.166 -0.006 0.097 0.018 0.097 0.114
L 0.097 0.37
L 0.052 0.37
C 0.038 0.37 0.012 0.37 0.012 0.4
Z
M 0.145 0.604
C 0.145 0.624 0.162 0.639 0.179 0.639
L 0.181 0.639
C 0.19 0.639 0.192 0.637 0.33 0.577
C 0.341 0.572 0.358 0.564 0.358 0.546
C 0.358 0.531 0.346 0.506 0.325 0.506
L 0.324 0.506
C 0.316 0.506 0.314 0.508 0.176 0.568
C 0.164 0.574 0.145 0.582 0.145 0.604
Z
