M 0.049 -0.081
C 0.049 -0.043 0.079 -0.033 0.094 -0.033
C 0.116 -0.033 0.138 -0.051 0.138 -0.078
C 0.138 -0.09 0.134 -0.098 0.126 -0.108
C 0.151 -0.149 0.205 -0.166 0.259 -0.166
C 0.35 -0.166 0.412 -0.089 0.412 -0.015
C 0.412 0.066 0.311 0.112 0.238 0.124
C 0.194 0.131 0.147 0.121 0.147 0.157
C 0.147 0.175 0.14 0.165 0.379 0.374
L 0.119 0.374
L 0.119 0.357
C 0.119 0.347 0.119 0.321 0.085 0.321
L 0.082 0.321
C 0.047 0.321 0.049 0.353 0.049 0.362
L 0.049 0.394
C 0.049 0.418 0.056 0.43 0.086 0.43
L 0.439 0.43
C 0.452 0.43 0.472 0.424 0.472 0.397
C 0.472 0.383 0.468 0.377 0.451 0.362
L 0.255 0.189
C 0.381 0.168 0.482 0.09 0.482 -0.014
C 0.482 -0.122 0.391 -0.228 0.259 -0.228
C 0.144 -0.228 0.049 -0.169 0.049 -0.081
Z
