M 0.037 0.475
C 0.037 0.5 0.054 0.506 0.072 0.506
L 0.074 0.506
C 0.156 0.506 0.146 0.411 0.147 0.37
C 0.151 0.254 0.203 0.234 0.227 0.225
L 0.227 0.577
L 0.187 0.577
C 0.175 0.577 0.151 0.578 0.151 0.607
C 0.151 0.637 0.176 0.639 0.186 0.639
L 0.338 0.639
C 0.352 0.639 0.373 0.636 0.373 0.608
C 0.373 0.579 0.349 0.577 0.338 0.577
L 0.297 0.577
L 0.297 0.225
C 0.445 0.281 0.31 0.506 0.452 0.506
C 0.463 0.506 0.487 0.505 0.487 0.475
C 0.487 0.446 0.462 0.447 0.456 0.441
C 0.433 0.42 0.47 0.295 0.392 0.211
C 0.369 0.186 0.336 0.168 0.297 0.161
L 0.297 0.062
L 0.337 0.062
C 0.349 0.062 0.373 0.06 0.373 0.031
C 0.373 0.006 0.357 0 0.338 0
L 0.187 0
C 0.175 0 0.151 0 0.151 0.031
C 0.151 0.059 0.175 0.062 0.186 0.062
L 0.227 0.062
L 0.227 0.161
C 0.185 0.168 0.081 0.201 0.077 0.373
C 0.075 0.452 0.069 0.439 0.053 0.447
C 0.044 0.452 0.037 0.461 0.037 0.475
Z
