M 0.015 0.399
C 0.015 0.414 0.022 0.43 0.051 0.43
L 0.206 0.43
C 0.215 0.43 0.242 0.43 0.242 0.4
C 0.242 0.371 0.217 0.369 0.207 0.369
L 0.167 0.369
L 0.231 0.189
L 0.249 0.13
L 0.26 0.086
L 0.262 0.07
L 0.264 0.084
L 0.275 0.128
L 0.294 0.187
L 0.357 0.369
L 0.318 0.369
C 0.307 0.369 0.283 0.37 0.283 0.399
C 0.283 0.429 0.307 0.43 0.318 0.43
L 0.473 0.43
C 0.501 0.43 0.509 0.416 0.509 0.4
C 0.509 0.371 0.485 0.369 0.474 0.369
L 0.432 0.369
L 0.297 0
L 0.386 0
C 0.414 0 0.421 -0.016 0.421 -0.031
C 0.421 -0.046 0.415 -0.062 0.386 -0.062
L 0.297 -0.062
L 0.297 -0.16
L 0.348 -0.16
C 0.366 -0.16 0.387 -0.165 0.387 -0.191
C 0.387 -0.204 0.381 -0.222 0.351 -0.222
L 0.174 -0.222
C 0.145 -0.222 0.138 -0.206 0.138 -0.191
C 0.138 -0.162 0.162 -0.16 0.175 -0.16
L 0.228 -0.16
L 0.228 -0.062
L 0.137 -0.062
C 0.113 -0.062 0.103 -0.047 0.103 -0.032
C 0.103 -0.022 0.107 0 0.139 0
L 0.228 0
L 0.092 0.369
L 0.052 0.369
C 0.042 0.369 0.015 0.369 0.015 0.399
Z
