M 0.018 0.031
C 0.018 0.049 0.029 0.062 0.056 0.062
L 0.081 0.062
L 0.081 0.549
L 0.056 0.549
C 0.036 0.549 0.018 0.555 0.018 0.579
C 0.018 0.607 0.04 0.611 0.055 0.611
L 0.178 0.611
C 0.21 0.611 0.214 0.591 0.214 0.58
C 0.214 0.55 0.188 0.549 0.179 0.549
L 0.151 0.549
L 0.151 0.348
L 0.372 0.348
L 0.372 0.549
L 0.347 0.549
C 0.32 0.549 0.309 0.562 0.309 0.58
C 0.309 0.591 0.314 0.611 0.346 0.611
L 0.469 0.611
C 0.501 0.611 0.505 0.591 0.505 0.58
C 0.505 0.549 0.48 0.549 0.468 0.549
L 0.442 0.549
L 0.442 0.062
L 0.474 0.062
C 0.487 0.062 0.511 0.06 0.511 0.033
C 0.511 0.023 0.514 0.03 0.416 -0.142
C 0.411 -0.151 0.403 -0.166 0.385 -0.166
C 0.368 -0.166 0.358 -0.152 0.358 -0.138
C 0.358 -0.128 0.357 -0.13 0.431 0
L 0.344 0
C 0.314 0 0.309 0.019 0.309 0.03
C 0.309 0.061 0.335 0.062 0.347 0.062
L 0.372 0.062
L 0.372 0.287
L 0.151 0.287
L 0.151 0.062
L 0.176 0.062
C 0.196 0.062 0.214 0.055 0.214 0.031
C 0.214 0.006 0.196 0 0.177 0
L 0.054 0
C 0.022 0 0.018 0.02 0.018 0.031
Z
