M 0.01 0.031
C 0.01 0.06 0.033 0.062 0.048 0.062
L 0.053 0.062
L 0.053 0.549
L 0.047 0.549
C 0.031 0.549 0.01 0.553 0.01 0.58
C 0.01 0.596 0.018 0.611 0.046 0.611
L 0.117 0.611
C 0.143 0.611 0.152 0.596 0.152 0.581
C 0.152 0.565 0.145 0.549 0.116 0.549
L 0.11 0.549
L 0.11 0.062
L 0.234 0.062
L 0.234 0.549
L 0.228 0.549
C 0.214 0.549 0.191 0.551 0.191 0.579
C 0.191 0.589 0.195 0.611 0.227 0.611
L 0.298 0.611
C 0.324 0.611 0.334 0.596 0.334 0.581
C 0.334 0.565 0.326 0.549 0.297 0.549
L 0.291 0.549
L 0.291 0.062
L 0.415 0.062
L 0.415 0.549
L 0.409 0.549
C 0.382 0.549 0.372 0.563 0.372 0.578
C 0.372 0.591 0.378 0.611 0.408 0.611
L 0.479 0.611
C 0.505 0.611 0.515 0.596 0.515 0.581
C 0.515 0.565 0.507 0.549 0.478 0.549
L 0.472 0.549
L 0.472 0.062
L 0.485 0.062
C 0.518 0.062 0.519 0.037 0.519 0.024
L 0.519 -0.13
C 0.519 -0.162 0.502 -0.166 0.49 -0.166
C 0.484 -0.166 0.462 -0.163 0.462 -0.131
L 0.462 0
L 0.046 0
C 0.035 0 0.01 0.001 0.01 0.031
Z
