M 0.018 0.579
C 0.018 0.604 0.036 0.611 0.055 0.611
L 0.178 0.611
C 0.21 0.611 0.214 0.591 0.214 0.58
C 0.214 0.55 0.188 0.549 0.179 0.549
L 0.151 0.549
L 0.151 0.407
C 0.151 0.387 0.153 0.303 0.223 0.303
L 0.372 0.303
L 0.372 0.549
L 0.347 0.549
C 0.32 0.549 0.309 0.562 0.309 0.58
C 0.309 0.591 0.314 0.611 0.346 0.611
L 0.469 0.611
C 0.501 0.611 0.505 0.591 0.505 0.58
C 0.505 0.549 0.48 0.549 0.468 0.549
L 0.442 0.549
L 0.442 0.062
L 0.468 0.062
C 0.495 0.062 0.505 0.049 0.505 0.031
C 0.505 0.02 0.5 0 0.468 0
L 0.36 0
L 0.36 -0.133
C 0.359 -0.163 0.338 -0.166 0.331 -0.166
C 0.316 -0.166 0.307 -0.156 0.304 -0.143
C 0.303 -0.138 0.303 -0.133 0.303 -0.128
L 0.303 0.024
C 0.303 0.062 0.322 0.062 0.343 0.062
L 0.372 0.062
L 0.372 0.242
L 0.227 0.242
C 0.2 0.242 0.155 0.242 0.116 0.293
C 0.088 0.33 0.081 0.37 0.081 0.412
L 0.081 0.549
L 0.055 0.549
C 0.035 0.549 0.018 0.555 0.018 0.579
Z
