M 0.027 0.03
C 0.027 0.061 0.053 0.061 0.068 0.061
L 0.108 0.061
L 0.232 0.222
L 0.114 0.37
L 0.074 0.37
C 0.06 0.37 0.033 0.37 0.033 0.4
C 0.033 0.431 0.059 0.431 0.074 0.431
L 0.191 0.431
C 0.206 0.431 0.231 0.431 0.231 0.401
C 0.231 0.37 0.209 0.37 0.183 0.37
L 0.259 0.269
L 0.333 0.37
C 0.306 0.37 0.284 0.37 0.284 0.401
C 0.284 0.431 0.309 0.431 0.324 0.431
L 0.441 0.431
C 0.456 0.431 0.482 0.431 0.482 0.4
C 0.482 0.37 0.455 0.37 0.441 0.37
L 0.401 0.37
L 0.287 0.222
L 0.415 0.061
L 0.455 0.061
C 0.47 0.061 0.496 0.061 0.496 0.03
C 0.496 0 0.469 0 0.455 0
L 0.338 0
C 0.323 0 0.298 0 0.298 0.03
C 0.298 0.061 0.32 0.061 0.348 0.061
L 0.259 0.184
L 0.173 0.061
C 0.204 0.061 0.225 0.061 0.225 0.03
C 0.225 0 0.2 0 0.185 0
L 0.068 0
C 0.054 0 0.027 0 0.027 0.03
Z
M 0.11 0.56
C 0.11 0.588 0.132 0.611 0.16 0.611
C 0.186 0.611 0.21 0.59 0.21 0.561
C 0.21 0.534 0.189 0.511 0.16 0.511
C 0.134 0.511 0.11 0.531 0.11 0.56
Z
M 0.314 0.56
C 0.314 0.587 0.336 0.611 0.364 0.611
C 0.39 0.611 0.414 0.59 0.414 0.561
C 0.414 0.533 0.393 0.511 0.364 0.511
C 0.334 0.511 0.314 0.535 0.314 0.56
Z
