M 0.033 0.034
C 0.033 0.051 0.034 0.054 0.055 0.074
L 0.367 0.37
L 0.118 0.37
L 0.118 0.344
C 0.118 0.324 0.118 0.303 0.083 0.303
C 0.049 0.303 0.049 0.325 0.049 0.344
L 0.049 0.39
C 0.049 0.423 0.057 0.431 0.09 0.431
L 0.43 0.431
C 0.449 0.431 0.471 0.431 0.471 0.397
C 0.471 0.38 0.47 0.377 0.449 0.357
L 0.137 0.061
L 0.406 0.061
L 0.406 0.099
C 0.406 0.119 0.406 0.14 0.441 0.14
C 0.475 0.14 0.475 0.118 0.475 0.099
L 0.475 0.041
C 0.475 0.026 0.475 0.006 0.453 0
L 0.074 0
C 0.055 0 0.033 0 0.033 0.034
Z
M 0.092 0.527
C 0.092 0.543 0.103 0.55 0.114 0.557
C 0.239 0.64 0.242 0.644 0.254 0.644
L 0.255 0.644
C 0.265 0.644 0.266 0.643 0.394 0.558
C 0.402 0.553 0.417 0.544 0.417 0.526
C 0.417 0.514 0.402 0.488 0.382 0.488
L 0.38 0.488
C 0.359 0.488 0.269 0.568 0.254 0.568
C 0.247 0.568 0.241 0.562 0.223 0.549
C 0.152 0.498 0.141 0.488 0.127 0.488
C 0.107 0.488 0.092 0.513 0.092 0.527
Z
