M 0.018 0.4
C 0.018 0.428 0.041 0.431 0.055 0.431
C 0.058 0.431 0.06 0.43 0.062 0.43
L 0.109 0.43
L 0.109 0.631
C 0.109 0.663 0.13 0.667 0.138 0.667
C 0.145 0.667 0.166 0.663 0.166 0.631
L 0.166 0.43
L 0.271 0.43
C 0.293 0.43 0.304 0.415 0.304 0.4
C 0.304 0.372 0.282 0.369 0.266 0.369
L 0.166 0.369
L 0.166 0.267
L 0.282 0.267
C 0.415 0.267 0.463 0.187 0.463 0.134
C 0.463 0.068 0.399 0 0.285 0
L 0.054 0
C 0.04 0 0.02 0.004 0.02 0.031
C 0.02 0.06 0.043 0.062 0.058 0.062
L 0.109 0.062
L 0.109 0.369
L 0.055 0.369
C 0.041 0.369 0.018 0.371 0.018 0.4
Z
M 0.166 0.062
L 0.266 0.062
C 0.36 0.062 0.393 0.105 0.393 0.134
C 0.393 0.161 0.363 0.207 0.265 0.207
L 0.166 0.207
L 0.166 0.062
Z
