M 0.042 0.727
C 0.042 0.749 0.062 0.754 0.074 0.758
C 0.215 0.806 0.214 0.807 0.224 0.807
C 0.241 0.807 0.258 0.793 0.258 0.772
C 0.258 0.75 0.242 0.741 0.226 0.736
C 0.09 0.69 0.08 0.686 0.074 0.686
C 0.048 0.686 0.042 0.718 0.042 0.727
Z
M 0.032 0.03
C 0.032 0.061 0.056 0.061 0.072 0.061
L 0.109 0.061
L 0.109 0.55
L 0.072 0.55
C 0.057 0.55 0.032 0.55 0.032 0.58
C 0.032 0.611 0.056 0.611 0.072 0.611
L 0.234 0.611
C 0.249 0.611 0.275 0.611 0.275 0.58
C 0.275 0.55 0.248 0.55 0.234 0.55
L 0.178 0.55
L 0.178 0.061
L 0.419 0.061
L 0.419 0.13
C 0.419 0.151 0.419 0.171 0.454 0.171
C 0.488 0.171 0.488 0.15 0.488 0.13
L 0.488 0.041
C 0.488 0.009 0.481 0 0.448 0
L 0.072 0
C 0.057 0 0.032 0 0.032 0.03
Z
