M 0.02 0.031
C 0.02 0.06 0.044 0.062 0.057 0.062
L 0.11 0.062
L 0.11 0.441
C 0.11 0.569 0.211 0.617 0.293 0.617
C 0.412 0.617 0.432 0.568 0.432 0.535
C 0.432 0.508 0.412 0.49 0.388 0.49
C 0.364 0.49 0.343 0.509 0.343 0.534
C 0.343 0.539 0.344 0.544 0.345 0.549
C 0.328 0.553 0.309 0.555 0.288 0.555
C 0.229 0.555 0.166 0.522 0.166 0.443
L 0.166 0.219
L 0.326 0.369
L 0.287 0.369
C 0.274 0.369 0.251 0.37 0.251 0.4
C 0.251 0.428 0.276 0.43 0.286 0.43
L 0.448 0.43
C 0.463 0.43 0.486 0.429 0.486 0.4
C 0.486 0.385 0.478 0.369 0.449 0.369
L 0.428 0.369
C 0.407 0.369 0.41 0.368 0.394 0.354
C 0.309 0.275 0.298 0.264 0.287 0.255
C 0.288 0.254 0.424 0.075 0.432 0.067
C 0.438 0.061 0.442 0.062 0.456 0.062
L 0.472 0.062
C 0.503 0.062 0.508 0.042 0.508 0.031
C 0.508 0.018 0.501 0 0.472 0
L 0.343 0
C 0.312 0 0.308 0.022 0.308 0.031
C 0.308 0.046 0.315 0.062 0.344 0.062
L 0.364 0.062
L 0.246 0.215
C 0.239 0.209 0.232 0.203 0.177 0.151
C 0.17 0.145 0.166 0.142 0.166 0.129
L 0.166 0.062
L 0.217 0.062
C 0.235 0.062 0.256 0.057 0.256 0.031
C 0.256 0.016 0.248 0 0.219 0
L 0.057 0
C 0.028 0 0.02 0.016 0.02 0.031
Z
