M 0.055 0.128
C 0.055 0.224 0.178 0.274 0.355 0.277
C 0.355 0.348 0.303 0.379 0.227 0.379
C 0.218 0.379 0.205 0.379 0.191 0.378
C 0.171 0.376 0.17 0.375 0.17 0.367
C 0.169 0.33 0.141 0.321 0.126 0.321
C 0.102 0.321 0.081 0.337 0.081 0.367
C 0.081 0.44 0.183 0.44 0.226 0.44
C 0.37 0.44 0.424 0.356 0.424 0.285
L 0.424 0.069
C 0.432 0.066 0.442 0.061 0.484 0.061
C 0.499 0.061 0.524 0.061 0.524 0.031
C 0.524 0 0.502 0 0.474 0
C 0.436 0 0.388 0.001 0.366 0.032
C 0.319 0.001 0.257 -0.006 0.22 -0.006
C 0.118 -0.006 0.055 0.059 0.055 0.128
Z
M 0.124 0.128
C 0.124 0.089 0.165 0.055 0.227 0.055
C 0.235 0.055 0.28 0.055 0.316 0.072
C 0.355 0.09 0.355 0.111 0.355 0.134
L 0.355 0.218
C 0.21 0.214 0.124 0.177 0.124 0.128
Z
M 0.084 0.61
C 0.084 0.626 0.098 0.639 0.113 0.639
C 0.136 0.639 0.216 0.562 0.228 0.562
C 0.242 0.562 0.319 0.638 0.344 0.639
C 0.361 0.639 0.373 0.624 0.373 0.61
C 0.373 0.592 0.369 0.592 0.253 0.496
C 0.248 0.492 0.239 0.484 0.228 0.484
L 0.225 0.484
C 0.216 0.484 0.212 0.488 0.103 0.579
C 0.094 0.586 0.084 0.595 0.084 0.61
Z
