M 0.072 0.215
C 0.072 0.342 0.173 0.439 0.291 0.439
C 0.328 0.439 0.365 0.43 0.394 0.412
C 0.408 0.424 0.419 0.436 0.435 0.436
C 0.445 0.436 0.465 0.431 0.465 0.401
L 0.465 0.332
C 0.465 0.313 0.466 0.29 0.427 0.29
C 0.38 0.29 0.411 0.345 0.331 0.371
C 0.318 0.375 0.305 0.377 0.291 0.377
C 0.235 0.377 0.175 0.342 0.15 0.267
L 0.323 0.267
C 0.342 0.267 0.36 0.261 0.36 0.237
C 0.36 0.21 0.338 0.207 0.322 0.207
L 0.142 0.207
C 0.147 0.119 0.219 0.056 0.298 0.056
C 0.343 0.056 0.379 0.076 0.394 0.111
C 0.4 0.125 0.406 0.137 0.429 0.137
C 0.46 0.137 0.465 0.118 0.465 0.11
C 0.465 0.087 0.427 -0.005 0.292 -0.005
C 0.165 -0.005 0.072 0.098 0.072 0.215
Z
