M 0.041 0.126
C 0.041 0.167 0.068 0.204 0.111 0.229
C 0.099 0.237 0.055 0.266 0.055 0.322
C 0.055 0.384 0.122 0.442 0.234 0.442
C 0.309 0.442 0.414 0.431 0.414 0.345
C 0.414 0.312 0.39 0.299 0.37 0.299
C 0.347 0.299 0.325 0.317 0.325 0.343
C 0.325 0.352 0.327 0.357 0.33 0.365
C 0.313 0.372 0.292 0.38 0.235 0.38
C 0.159 0.38 0.125 0.346 0.125 0.322
C 0.125 0.31 0.135 0.267 0.209 0.265
C 0.233 0.264 0.275 0.269 0.275 0.232
C 0.275 0.174 0.189 0.229 0.128 0.163
C 0.118 0.153 0.111 0.14 0.111 0.126
C 0.111 0.096 0.151 0.05 0.233 0.05
C 0.331 0.05 0.375 0.097 0.396 0.098
C 0.436 0.098 0.433 0.063 0.433 0.056
L 0.433 -0.094
C 0.433 -0.119 0.435 -0.165 0.484 -0.165
L 0.493 -0.165
C 0.493 -0.162 0.492 -0.159 0.492 -0.156
C 0.492 -0.13 0.512 -0.111 0.536 -0.111
C 0.556 -0.111 0.581 -0.126 0.581 -0.156
C 0.581 -0.207 0.526 -0.227 0.484 -0.227
C 0.438 -0.227 0.37 -0.197 0.37 -0.095
L 0.37 0.018
C 0.337 0.003 0.288 -0.011 0.233 -0.011
C 0.121 -0.011 0.041 0.052 0.041 0.126
Z
