M 0.035 0.214
C 0.035 0.409 0.049 0.438 0.192 0.439
C 0.247 0.439 0.247 0.43 0.302 0.43
L 0.456 0.43
C 0.468 0.43 0.49 0.428 0.49 0.395
L 0.49 0.36
C 0.49 0.351 0.492 0.321 0.462 0.321
C 0.451 0.321 0.433 0.326 0.433 0.357
L 0.433 0.374
L 0.319 0.374
L 0.319 0.252
L 0.431 0.252
C 0.442 0.252 0.453 0.252 0.46 0.248
C 0.465 0.246 0.475 0.238 0.475 0.223
C 0.475 0.208 0.464 0.195 0.448 0.194
L 0.319 0.194
L 0.319 0.057
L 0.44 0.057
L 0.44 0.076
C 0.44 0.089 0.44 0.116 0.469 0.116
C 0.48 0.116 0.497 0.11 0.497 0.079
L 0.497 0.041
C 0.497 0.018 0.495 0 0.458 0
L 0.302 0
C 0.255 0 0.239 -0.008 0.197 -0.008
L 0.19 -0.008
C 0.081 -0.008 0.056 0.016 0.044 0.075
C 0.035 0.119 0.035 0.164 0.035 0.214
Z
M 0.092 0.219
C 0.092 0.084 0.099 0.055 0.192 0.053
L 0.203 0.053
C 0.251 0.053 0.263 0.066 0.263 0.134
C 0.263 0.14 0.262 0.147 0.262 0.153
L 0.262 0.302
C 0.262 0.374 0.241 0.377 0.201 0.377
C 0.093 0.377 0.092 0.348 0.092 0.219
Z
