M 0.017 0.03
C 0.017 0.06 0.041 0.062 0.054 0.062
L 0.102 0.062
L 0.102 0.369
L 0.055 0.369
C 0.039 0.369 0.017 0.372 0.017 0.4
C 0.017 0.411 0.022 0.43 0.054 0.43
L 0.206 0.43
C 0.219 0.43 0.243 0.43 0.243 0.4
C 0.243 0.371 0.22 0.369 0.207 0.369
L 0.159 0.369
L 0.159 0.267
L 0.364 0.267
L 0.364 0.369
L 0.316 0.369
C 0.306 0.369 0.279 0.37 0.279 0.399
C 0.279 0.428 0.304 0.43 0.317 0.43
L 0.469 0.43
C 0.498 0.43 0.506 0.415 0.506 0.4
C 0.506 0.371 0.482 0.369 0.469 0.369
L 0.421 0.369
L 0.421 -0.037
C 0.421 -0.153 0.378 -0.227 0.315 -0.227
C 0.262 -0.227 0.219 -0.191 0.219 -0.147
C 0.219 -0.118 0.241 -0.102 0.262 -0.102
C 0.286 -0.102 0.305 -0.12 0.305 -0.145
C 0.305 -0.152 0.304 -0.16 0.303 -0.163
C 0.309 -0.165 0.313 -0.165 0.317 -0.165
C 0.336 -0.165 0.364 -0.129 0.364 -0.029
L 0.364 0.207
L 0.159 0.207
L 0.159 0.062
L 0.206 0.062
C 0.218 0.062 0.244 0.061 0.244 0.031
C 0.244 0.006 0.226 0 0.206 0
L 0.056 0
C 0.042 0 0.017 0.001 0.017 0.03
Z
