M 0.215 0.975
C 0.215 1.005 0.24 1.054 0.295 1.054
C 0.352 1.054 0.39 1.021 0.39 0.974
C 0.39 0.916 0.332 0.916 0.321 0.874
C 0.318 0.861 0.327 0.822 0.292 0.822
C 0.279 0.822 0.269 0.831 0.265 0.843
C 0.263 0.85 0.263 0.857 0.263 0.864
C 0.263 0.94 0.332 0.956 0.332 0.976
C 0.332 0.989 0.314 0.997 0.298 0.997
C 0.257 0.997 0.288 0.958 0.253 0.946
C 0.25 0.945 0.247 0.944 0.244 0.944
C 0.229 0.944 0.215 0.957 0.215 0.975
Z
M 0.086 0.702
C 0.086 0.724 0.111 0.732 0.136 0.744
C 0.243 0.797 0.251 0.803 0.262 0.803
C 0.273 0.803 0.296 0.79 0.412 0.733
C 0.422 0.728 0.439 0.721 0.439 0.702
C 0.439 0.688 0.426 0.674 0.411 0.674
C 0.391 0.674 0.277 0.742 0.262 0.742
C 0.256 0.742 0.251 0.738 0.133 0.68
C 0.127 0.677 0.12 0.674 0.113 0.674
C 0.099 0.674 0.086 0.685 0.086 0.702
Z
M 0.056 0.305
C 0.056 0.595 0.077 0.622 0.262 0.622
C 0.447 0.622 0.468 0.594 0.468 0.305
C 0.468 0.016 0.446 -0.011 0.262 -0.011
C 0.077 -0.011 0.056 0.016 0.056 0.305
Z
M 0.125 0.314
C 0.125 0.259 0.125 0.172 0.137 0.121
C 0.149 0.071 0.174 0.05 0.262 0.05
C 0.351 0.05 0.377 0.071 0.388 0.127
C 0.399 0.181 0.399 0.252 0.399 0.314
C 0.399 0.375 0.399 0.45 0.387 0.497
C 0.372 0.552 0.337 0.561 0.262 0.561
C 0.18 0.561 0.149 0.549 0.136 0.49
C 0.125 0.444 0.125 0.376 0.125 0.314
Z
