M -0.01 0.506
C -0.01 0.52 -0.003 0.537 0.025 0.537
L 0.103 0.537
L 0.103 0.549
L 0.047 0.549
C 0.024 0.55 0.013 0.565 0.013 0.58
C 0.013 0.609 0.039 0.611 0.05 0.611
L 0.136 0.611
C 0.174 0.611 0.173 0.588 0.173 0.571
L 0.173 0.537
L 0.46 0.537
C 0.475 0.537 0.497 0.535 0.497 0.506
C 0.497 0.477 0.475 0.475 0.46 0.475
L 0.173 0.475
L 0.173 0.379
C 0.181 0.386 0.233 0.436 0.322 0.436
C 0.44 0.436 0.469 0.365 0.469 0.286
L 0.469 0.205
C 0.465 -0.017 0.366 -0.188 0.242 -0.217
C 0.234 -0.219 0.219 -0.222 0.206 -0.222
C 0.184 -0.222 0.173 -0.207 0.173 -0.192
C 0.173 -0.182 0.178 -0.173 0.186 -0.167
C 0.204 -0.155 0.242 -0.174 0.299 -0.11
C 0.341 -0.063 0.399 0.04 0.399 0.225
L 0.399 0.28
C 0.399 0.325 0.397 0.374 0.318 0.374
C 0.266 0.374 0.173 0.346 0.173 0.235
L 0.173 0.062
L 0.224 0.062
C 0.242 0.062 0.262 0.057 0.262 0.031
C 0.262 0.002 0.237 0 0.227 0
L 0.048 0
C 0.02 0 0.014 0.017 0.014 0.031
C 0.014 0.06 0.037 0.062 0.05 0.062
L 0.103 0.062
L 0.103 0.475
L 0.025 0.475
C -0.003 0.475 -0.01 0.492 -0.01 0.506
Z
