M 0.042 0.029
C 0.042 0.037 0.046 0.057 0.077 0.057
L 0.089 0.057
L 0.089 0.374
L 0.077 0.374
C 0.045 0.374 0.042 0.395 0.042 0.402
C 0.042 0.413 0.047 0.43 0.079 0.43
L 0.231 0.43
C 0.381 0.43 0.429 0.354 0.429 0.308
C 0.429 0.274 0.407 0.239 0.364 0.214
C 0.403 0.184 0.402 0.15 0.402 0.129
L 0.402 0.094
C 0.402 0.083 0.404 0.075 0.412 0.06
C 0.418 0.057 0.423 0.055 0.428 0.055
C 0.458 0.055 0.428 0.103 0.48 0.103
L 0.483 0.103
C 0.496 0.103 0.515 0.097 0.515 0.072
C 0.515 0.041 0.488 -0.008 0.429 -0.008
C 0.394 -0.008 0.332 0.009 0.332 0.098
L 0.332 0.13
C 0.332 0.15 0.33 0.185 0.232 0.185
L 0.159 0.185
L 0.159 0.057
L 0.17 0.057
C 0.202 0.057 0.205 0.037 0.205 0.029
C 0.205 0.02 0.201 0 0.17 0
L 0.076 0
C 0.046 0.001 0.042 0.021 0.042 0.029
Z
M 0.159 0.246
L 0.225 0.246
C 0.321 0.246 0.358 0.281 0.358 0.309
C 0.358 0.336 0.318 0.369 0.226 0.369
L 0.159 0.369
L 0.159 0.246
Z
