M -0.038 0.772
C -0.038 0.793 -0.021 0.807 -0.004 0.807
C 0.006 0.807 0.005 0.806 0.146 0.758
C 0.158 0.754 0.178 0.749 0.178 0.727
C 0.178 0.718 0.172 0.686 0.146 0.686
C 0.14 0.686 0.13 0.69 -0.006 0.736
C -0.022 0.741 -0.038 0.75 -0.038 0.772
Z
M 0.195 0.772
C 0.195 0.793 0.212 0.807 0.229 0.807
C 0.239 0.807 0.238 0.806 0.379 0.758
C 0.391 0.754 0.411 0.749 0.411 0.727
C 0.411 0.718 0.405 0.686 0.379 0.686
C 0.373 0.686 0.363 0.69 0.227 0.736
C 0.211 0.741 0.195 0.75 0.195 0.772
Z
M 0.026 0.03
C 0.026 0.061 0.051 0.061 0.067 0.061
L 0.097 0.061
L 0.097 0.55
L 0.067 0.55
C 0.052 0.55 0.026 0.55 0.026 0.581
C 0.026 0.611 0.052 0.611 0.067 0.611
L 0.44 0.611
C 0.474 0.611 0.48 0.601 0.48 0.57
L 0.48 0.497
C 0.48 0.477 0.48 0.456 0.445 0.456
C 0.411 0.456 0.411 0.478 0.411 0.497
L 0.411 0.55
L 0.166 0.55
L 0.166 0.347
L 0.297 0.347
C 0.297 0.388 0.297 0.404 0.332 0.404
C 0.366 0.404 0.366 0.382 0.366 0.363
L 0.366 0.27
C 0.366 0.251 0.366 0.229 0.332 0.229
C 0.297 0.229 0.297 0.245 0.297 0.286
L 0.166 0.286
L 0.166 0.061
L 0.433 0.061
L 0.433 0.13
C 0.433 0.15 0.433 0.171 0.468 0.171
C 0.502 0.171 0.502 0.149 0.502 0.13
L 0.502 0.041
C 0.502 0.009 0.495 0 0.462 0
L 0.067 0
C 0.052 0 0.026 0 0.026 0.03
Z
