M 0.03 0.036
C 0.03 0.05 0.032 0.054 0.047 0.07
L 0.341 0.369
L 0.115 0.369
L 0.115 0.342
C 0.115 0.326 0.117 0.301 0.079 0.301
L 0.078 0.301
C 0.044 0.301 0.045 0.331 0.045 0.342
L 0.045 0.39
C 0.045 0.409 0.046 0.43 0.082 0.43
L 0.406 0.43
C 0.417 0.43 0.443 0.429 0.443 0.396
C 0.443 0.373 0.441 0.375 0.374 0.307
L 0.132 0.062
L 0.377 0.062
L 0.377 0.101
C 0.377 0.112 0.375 0.14 0.409 0.14
L 0.411 0.14
C 0.444 0.14 0.447 0.12 0.447 0.105
L 0.447 0.043
C 0.447 0.009 0.444 0.034 0.444 -0.005
L 0.444 -0.038
C 0.444 -0.103 0.455 -0.166 0.502 -0.166
C 0.511 -0.166 0.519 -0.164 0.528 -0.163
C 0.527 -0.159 0.527 -0.155 0.527 -0.152
C 0.527 -0.122 0.549 -0.107 0.571 -0.107
C 0.593 -0.107 0.616 -0.123 0.616 -0.152
C 0.616 -0.197 0.572 -0.228 0.503 -0.228
C 0.451 -0.228 0.374 -0.193 0.374 -0.034
L 0.374 0
L 0.068 0
C 0.051 0 0.03 0.001 0.03 0.036
Z
