M 0.058 0.442
C 0.058 0.512 0.101 0.617 0.275 0.617
C 0.385 0.617 0.466 0.564 0.466 0.486
C 0.466 0.457 0.445 0.44 0.421 0.44
C 0.398 0.44 0.377 0.457 0.377 0.484
C 0.377 0.496 0.38 0.503 0.387 0.513
C 0.373 0.528 0.346 0.555 0.276 0.555
C 0.153 0.555 0.128 0.487 0.128 0.442
C 0.128 0.376 0.201 0.338 0.275 0.328
C 0.311 0.323 0.313 0.314 0.313 0.287
L 0.313 0.062
L 0.37 0.062
C 0.38 0.062 0.407 0.061 0.407 0.031
C 0.407 0.021 0.403 0 0.372 0
L 0.185 0
C 0.157 0 0.149 0.015 0.149 0.031
C 0.149 0.06 0.172 0.062 0.186 0.062
L 0.243 0.062
L 0.243 0.27
C 0.069 0.306 0.058 0.408 0.058 0.442
Z
