M 0.11 0.561
C 0.11 0.587 0.131 0.611 0.16 0.611
C 0.186 0.611 0.21 0.59 0.21 0.561
C 0.21 0.532 0.186 0.511 0.16 0.511
C 0.13 0.511 0.11 0.536 0.11 0.561
Z
M 0.314 0.561
C 0.314 0.59 0.338 0.611 0.364 0.611
C 0.39 0.611 0.414 0.59 0.414 0.561
C 0.414 0.532 0.389 0.511 0.365 0.511
C 0.335 0.511 0.314 0.534 0.314 0.561
Z
M 0.007 0.031
C 0.007 0.06 0.033 0.062 0.042 0.062
L 0.072 0.062
L 0.072 0.369
L 0.045 0.369
C 0.027 0.369 0.007 0.374 0.007 0.4
C 0.007 0.411 0.012 0.43 0.044 0.43
L 0.159 0.43
C 0.187 0.43 0.194 0.414 0.194 0.399
C 0.194 0.37 0.17 0.369 0.157 0.369
L 0.129 0.369
L 0.129 0.267
L 0.205 0.267
C 0.303 0.267 0.338 0.189 0.338 0.134
C 0.338 0.066 0.288 0 0.207 0
L 0.042 0
C 0.012 0 0.007 0.02 0.007 0.031
Z
M 0.129 0.062
L 0.178 0.062
C 0.207 0.062 0.225 0.064 0.243 0.08
C 0.259 0.094 0.268 0.113 0.268 0.134
C 0.268 0.17 0.24 0.201 0.204 0.206
C 0.195 0.207 0.185 0.207 0.176 0.207
L 0.129 0.207
L 0.129 0.062
Z
M 0.33 0.031
C 0.33 0.06 0.355 0.062 0.364 0.062
L 0.395 0.062
L 0.395 0.369
L 0.367 0.369
C 0.349 0.369 0.33 0.374 0.33 0.4
C 0.33 0.411 0.334 0.43 0.366 0.43
L 0.482 0.43
C 0.512 0.43 0.517 0.411 0.517 0.4
C 0.517 0.376 0.5 0.369 0.479 0.369
L 0.452 0.369
L 0.452 0.062
L 0.479 0.062
C 0.5 0.062 0.517 0.055 0.517 0.031
C 0.517 0.02 0.512 0 0.482 0
L 0.366 0
C 0.334 0 0.33 0.02 0.33 0.031
Z
