M -0.063 0.499
C -0.063 0.512 -0.055 0.519 -0.003 0.591
C 0.007 0.605 0.015 0.611 0.028 0.611
C 0.045 0.611 0.062 0.598 0.062 0.578
C 0.062 0.56 0.05 0.553 -0.006 0.492
C -0.018 0.48 -0.024 0.473 -0.036 0.473
C -0.05 0.473 -0.063 0.483 -0.063 0.499
Z
M -0.063 0.499
C -0.063 0.512 -0.055 0.519 -0.003 0.591
C 0.007 0.605 0.015 0.611 0.028 0.611
C 0.045 0.611 0.062 0.598 0.062 0.578
C 0.062 0.56 0.05 0.553 -0.006 0.492
C -0.018 0.48 -0.024 0.473 -0.036 0.473
C -0.05 0.473 -0.063 0.483 -0.063 0.499
Z
M 0.058 0.515
C 0.058 0.574 0.098 0.65 0.174 0.65
C 0.256 0.65 0.277 0.555 0.283 0.5
C 0.289 0.554 0.31 0.65 0.391 0.65
C 0.467 0.65 0.507 0.574 0.507 0.514
C 0.507 0.486 0.487 0.484 0.472 0.484
C 0.417 0.484 0.451 0.53 0.423 0.578
C 0.418 0.585 0.408 0.597 0.392 0.597
C 0.331 0.596 0.318 0.489 0.318 0.365
L 0.318 0.062
L 0.358 0.062
C 0.37 0.062 0.394 0.06 0.394 0.031
C 0.394 0.003 0.374 0 0.359 0
L 0.208 0
C 0.196 0 0.172 0 0.172 0.031
C 0.172 0.059 0.196 0.062 0.207 0.062
L 0.248 0.062
L 0.248 0.365
C 0.246 0.426 0.25 0.597 0.175 0.597
C 0.121 0.597 0.133 0.514 0.124 0.498
C 0.119 0.489 0.11 0.484 0.096 0.484
L 0.093 0.484
C 0.082 0.484 0.058 0.484 0.058 0.515
Z
