M 0.013 0.031
C 0.013 0.061 0.036 0.062 0.051 0.062
L 0.103 0.062
L 0.103 0.369
L 0.052 0.369
C 0.038 0.369 0.013 0.37 0.013 0.4
C 0.013 0.41 0.018 0.429 0.047 0.43
L 0.238 0.43
C 0.246 0.43 0.255 0.431 0.263 0.431
C 0.403 0.431 0.441 0.356 0.441 0.319
C 0.441 0.27 0.386 0.244 0.372 0.237
C 0.431 0.21 0.463 0.174 0.463 0.132
C 0.463 0.077 0.412 0 0.294 0
L 0.048 0
C 0.02 0.001 0.013 0.018 0.013 0.031
Z
M 0.159 0.062
L 0.266 0.062
C 0.35 0.062 0.393 0.098 0.393 0.135
C 0.393 0.17 0.353 0.207 0.282 0.207
L 0.159 0.207
L 0.159 0.062
Z
M 0.159 0.267
L 0.232 0.267
C 0.332 0.267 0.371 0.295 0.371 0.319
C 0.371 0.349 0.322 0.369 0.266 0.369
L 0.159 0.369
L 0.159 0.267
Z
