M 0.215 0.795
C 0.215 0.831 0.249 0.873 0.312 0.873
C 0.395 0.873 0.419 0.826 0.419 0.794
C 0.419 0.727 0.338 0.735 0.338 0.682
L 0.338 0.676
C 0.338 0.649 0.321 0.642 0.309 0.642
C 0.285 0.642 0.281 0.663 0.281 0.68
C 0.281 0.764 0.361 0.776 0.361 0.794
C 0.361 0.803 0.346 0.817 0.312 0.817
C 0.254 0.817 0.287 0.775 0.25 0.765
C 0.248 0.765 0.246 0.764 0.244 0.764
C 0.23 0.764 0.215 0.774 0.215 0.795
Z
M 0.085 0.521
C 0.085 0.543 0.11 0.552 0.135 0.564
C 0.242 0.617 0.251 0.623 0.262 0.623
C 0.273 0.623 0.295 0.61 0.411 0.553
C 0.421 0.548 0.438 0.54 0.438 0.521
C 0.438 0.507 0.426 0.493 0.411 0.493
C 0.391 0.493 0.277 0.561 0.262 0.561
C 0.256 0.561 0.251 0.557 0.133 0.499
C 0.127 0.496 0.12 0.493 0.113 0.493
C 0.099 0.493 0.085 0.504 0.085 0.521
Z
M 0.057 0.216
C 0.057 0.341 0.15 0.44 0.262 0.44
C 0.374 0.44 0.467 0.341 0.467 0.216
C 0.467 0.09 0.372 -0.006 0.262 -0.006
C 0.152 -0.006 0.057 0.089 0.057 0.216
Z
M 0.126 0.223
C 0.126 0.13 0.188 0.055 0.262 0.055
C 0.336 0.055 0.398 0.13 0.398 0.223
C 0.398 0.314 0.334 0.379 0.262 0.379
C 0.191 0.379 0.126 0.314 0.126 0.223
Z
