M 0.035 0.18
C 0.035 0.273 0.115 0.366 0.24 0.366
C 0.275 0.366 0.314 0.361 0.357 0.341
L 0.357 0.427
L 0.166 0.427
C 0.134 0.427 0.13 0.446 0.13 0.457
C 0.13 0.473 0.137 0.488 0.165 0.488
L 0.357 0.488
L 0.357 0.549
L 0.31 0.549
C 0.297 0.549 0.273 0.551 0.273 0.58
C 0.273 0.593 0.278 0.611 0.308 0.611
L 0.391 0.611
C 0.421 0.611 0.428 0.598 0.428 0.575
L 0.428 0.488
L 0.475 0.488
C 0.507 0.488 0.512 0.469 0.512 0.457
C 0.512 0.428 0.488 0.427 0.475 0.427
L 0.428 0.427
L 0.428 0.062
L 0.474 0.062
C 0.485 0.062 0.512 0.06 0.512 0.031
C 0.512 0.006 0.495 0 0.475 0
L 0.392 0
C 0.36 0.001 0.357 0.021 0.357 0.034
C 0.336 0.02 0.294 -0.005 0.23 -0.005
C 0.114 -0.005 0.035 0.085 0.035 0.18
Z
M 0.105 0.18
C 0.105 0.116 0.16 0.056 0.236 0.056
C 0.302 0.056 0.357 0.095 0.357 0.137
L 0.357 0.246
C 0.357 0.262 0.358 0.269 0.344 0.28
C 0.33 0.291 0.296 0.304 0.248 0.304
C 0.157 0.304 0.105 0.24 0.105 0.18
Z
