M 0.037 0.031
C 0.037 0.041 0.041 0.061 0.071 0.062
L 0.143 0.062
L 0.143 0.369
L 0.077 0.369
C 0.049 0.37 0.043 0.386 0.043 0.399
C 0.043 0.43 0.068 0.43 0.079 0.43
L 0.177 0.43
C 0.196 0.43 0.213 0.427 0.213 0.395
L 0.213 0.062
L 0.269 0.062
C 0.286 0.062 0.309 0.061 0.309 0.031
C 0.309 0.015 0.3 0 0.273 0
L 0.073 0
C 0.044 0 0.037 0.017 0.037 0.031
Z
M 0.288 -0.152
C 0.288 -0.122 0.31 -0.107 0.332 -0.107
C 0.355 -0.107 0.376 -0.124 0.376 -0.151
C 0.376 -0.156 0.375 -0.161 0.374 -0.166
C 0.394 -0.153 0.396 -0.122 0.396 -0.029
L 0.396 0.369
L 0.344 0.369
C 0.311 0.369 0.307 0.388 0.307 0.4
C 0.307 0.413 0.312 0.43 0.342 0.43
L 0.43 0.43
C 0.466 0.43 0.466 0.407 0.466 0.39
L 0.466 -0.044
C 0.466 -0.112 0.463 -0.181 0.418 -0.213
C 0.405 -0.222 0.388 -0.227 0.372 -0.227
C 0.328 -0.227 0.288 -0.196 0.288 -0.152
Z
M 0.365 0.561
C 0.365 0.591 0.39 0.611 0.415 0.611
C 0.445 0.611 0.465 0.586 0.465 0.561
C 0.465 0.536 0.444 0.511 0.415 0.511
C 0.385 0.511 0.365 0.536 0.365 0.561
Z
M 0.113 0.561
C 0.113 0.591 0.138 0.611 0.163 0.611
C 0.193 0.611 0.213 0.586 0.213 0.561
C 0.213 0.536 0.192 0.511 0.163 0.511
C 0.133 0.511 0.113 0.536 0.113 0.561
Z
