M 0.208 -0.217
C 0.208 -0.186 0.261 -0.207 0.278 -0.141
C 0.273 -0.142 0.269 -0.142 0.265 -0.142
C 0.239 -0.142 0.221 -0.122 0.221 -0.098
C 0.221 -0.077 0.236 -0.055 0.265 -0.055
C 0.3 -0.055 0.323 -0.087 0.323 -0.124
C 0.323 -0.2 0.254 -0.239 0.23 -0.239
C 0.218 -0.239 0.208 -0.227 0.208 -0.217
Z
M 0.072 0.035
L 0.072 0.132
C 0.072 0.152 0.072 0.173 0.107 0.173
C 0.133 0.173 0.137 0.162 0.142 0.144
C 0.167 0.066 0.223 0.055 0.27 0.055
C 0.361 0.055 0.398 0.088 0.398 0.125
C 0.398 0.178 0.318 0.191 0.269 0.199
C 0.177 0.213 0.072 0.23 0.072 0.322
C 0.072 0.358 0.095 0.44 0.262 0.44
C 0.281 0.44 0.325 0.44 0.369 0.419
C 0.371 0.426 0.375 0.44 0.399 0.44
C 0.429 0.44 0.429 0.415 0.429 0.399
L 0.429 0.33
C 0.429 0.31 0.429 0.289 0.394 0.289
C 0.363 0.289 0.361 0.306 0.36 0.323
C 0.357 0.349 0.343 0.379 0.26 0.379
C 0.165 0.379 0.133 0.348 0.133 0.322
C 0.133 0.283 0.201 0.271 0.23 0.267
C 0.255 0.262 0.275 0.259 0.298 0.255
C 0.33 0.25 0.459 0.229 0.459 0.125
C 0.459 0.077 0.427 -0.006 0.269 -0.006
C 0.241 -0.006 0.188 -0.004 0.139 0.032
C 0.127 -0.005 0.111 -0.006 0.102 -0.006
C 0.072 -0.006 0.072 0.019 0.072 0.035
Z
