M 0.177 0.648
C 0.177 0.683 0.21 0.727 0.274 0.727
C 0.357 0.727 0.381 0.68 0.381 0.648
C 0.381 0.581 0.3 0.588 0.3 0.535
L 0.3 0.53
C 0.3 0.503 0.283 0.496 0.271 0.496
C 0.247 0.496 0.243 0.517 0.243 0.534
C 0.243 0.618 0.323 0.63 0.323 0.648
C 0.323 0.657 0.308 0.67 0.274 0.67
C 0.216 0.67 0.249 0.628 0.212 0.618
L 0.206 0.618
C 0.192 0.618 0.177 0.627 0.177 0.648
Z
M 0.056 0.215
C 0.056 0.335 0.145 0.439 0.262 0.439
C 0.3 0.439 0.331 0.428 0.356 0.414
C 0.375 0.422 0.379 0.416 0.393 0.434
C 0.377 0.44 0.362 0.456 0.362 0.48
C 0.362 0.506 0.382 0.529 0.411 0.53
C 0.448 0.53 0.462 0.497 0.462 0.463
C 0.462 0.422 0.443 0.385 0.412 0.368
C 0.446 0.326 0.467 0.277 0.467 0.216
C 0.467 0.088 0.37 -0.005 0.261 -0.005
C 0.153 -0.005 0.056 0.087 0.056 0.215
Z
M 0.126 0.223
C 0.126 0.129 0.189 0.056 0.262 0.056
C 0.334 0.056 0.397 0.128 0.397 0.223
C 0.397 0.313 0.333 0.377 0.262 0.377
C 0.186 0.377 0.126 0.308 0.126 0.223
Z
