M 0.035 0.035
L 0.035 0.604
C 0.036 0.638 0.057 0.639 0.073 0.639
L 0.455 0.639
C 0.485 0.639 0.49 0.621 0.49 0.602
L 0.49 0.04
C 0.49 0.03 0.489 0.02 0.485 0.014
C 0.48 0.006 0.471 0 0.461 0
C 0.456 0 0.444 0.003 0.436 0.016
C 0.432 0.023 0.433 0.032 0.433 0.041
L 0.433 0.582
L 0.092 0.582
L 0.092 0.043
C 0.092 0.036 0.092 0.027 0.09 0.02
C 0.086 0.008 0.075 0 0.063 0
C 0.056 0 0.035 0.004 0.035 0.035
Z
M 0.14 0.025
C 0.14 0.03 0.141 0.035 0.142 0.04
L 0.213 0.515
C 0.217 0.545 0.225 0.554 0.262 0.554
C 0.299 0.554 0.307 0.544 0.311 0.517
L 0.378 0.07
C 0.38 0.056 0.384 0.035 0.384 0.024
C 0.384 0 0.36 0 0.356 0
L 0.172 0
C 0.159 0 0.14 0.004 0.14 0.025
Z
M 0.217 0.068
L 0.308 0.068
L 0.286 0.229
L 0.27 0.387
L 0.262 0.484
L 0.249 0.329
L 0.231 0.168
Z
