M 0.021 0.378
C 0.021 0.418 0.088 0.396 0.114 0.488
C 0.108 0.487 0.101 0.486 0.095 0.486
L 0.094 0.486
C 0.057 0.486 0.031 0.514 0.031 0.548
C 0.031 0.579 0.054 0.611 0.095 0.611
C 0.145 0.611 0.178 0.563 0.178 0.511
C 0.178 0.406 0.083 0.347 0.053 0.347
C 0.036 0.347 0.021 0.363 0.021 0.378
Z
M 0.358 0.379
C 0.358 0.419 0.424 0.395 0.45 0.488
C 0.444 0.487 0.437 0.486 0.431 0.486
L 0.43 0.486
C 0.393 0.486 0.368 0.514 0.368 0.548
C 0.368 0.579 0.39 0.611 0.431 0.611
C 0.471 0.611 0.514 0.575 0.514 0.511
C 0.514 0.406 0.419 0.347 0.389 0.347
C 0.372 0.347 0.358 0.363 0.358 0.379
Z
