M 0.065 0.43
C 0.065 0.45 0.08 0.461 0.092 0.464
C 0.098 0.465 0.105 0.465 0.111 0.465
C 0.14 0.465 0.192 0.461 0.232 0.46
C 0.23 0.497 0.227 0.546 0.227 0.573
C 0.227 0.585 0.229 0.616 0.262 0.616
C 0.274 0.616 0.297 0.608 0.297 0.577
C 0.297 0.547 0.294 0.5 0.292 0.46
C 0.332 0.461 0.384 0.465 0.413 0.465
L 0.417 0.465
C 0.455 0.465 0.458 0.439 0.458 0.43
C 0.458 0.42 0.453 0.395 0.418 0.395
C 0.375 0.395 0.334 0.399 0.292 0.4
C 0.292 0.372 0.296 0.303 0.297 0.261
L 0.297 -0.197
C 0.297 -0.213 0.294 -0.233 0.262 -0.233
C 0.229 -0.233 0.227 -0.212 0.227 -0.198
L 0.227 0.261
C 0.228 0.317 0.232 0.372 0.232 0.4
C 0.19 0.399 0.148 0.395 0.105 0.395
C 0.07 0.396 0.065 0.42 0.065 0.43
Z
