M 0.017 0.031
C 0.017 0.06 0.041 0.062 0.054 0.062
L 0.102 0.062
L 0.102 0.369
L 0.055 0.369
C 0.037 0.369 0.017 0.374 0.017 0.4
C 0.017 0.415 0.025 0.43 0.054 0.43
L 0.208 0.43
C 0.217 0.43 0.243 0.43 0.243 0.4
C 0.243 0.371 0.22 0.369 0.207 0.369
L 0.159 0.369
L 0.159 0.132
C 0.168 0.153 0.173 0.158 0.325 0.327
C 0.341 0.345 0.346 0.35 0.364 0.356
L 0.364 0.369
L 0.317 0.369
C 0.305 0.369 0.279 0.37 0.279 0.4
C 0.279 0.412 0.285 0.43 0.316 0.43
L 0.47 0.43
C 0.479 0.43 0.506 0.429 0.506 0.399
C 0.506 0.37 0.482 0.369 0.469 0.369
L 0.421 0.369
L 0.421 0.062
L 0.468 0.062
C 0.479 0.062 0.506 0.061 0.506 0.031
C 0.506 0.006 0.489 0 0.469 0
L 0.316 0
C 0.284 0 0.279 0.02 0.279 0.031
C 0.279 0.06 0.303 0.062 0.316 0.062
L 0.364 0.062
L 0.364 0.299
C 0.355 0.278 0.349 0.272 0.198 0.104
C 0.181 0.086 0.177 0.08 0.159 0.074
L 0.159 0.062
L 0.206 0.062
C 0.217 0.062 0.244 0.061 0.244 0.031
C 0.244 0.019 0.239 0 0.207 0
L 0.054 0
C 0.025 0 0.017 0.016 0.017 0.031
Z
M 0.313 0.56
C 0.313 0.59 0.338 0.61 0.363 0.61
C 0.393 0.61 0.413 0.585 0.413 0.56
C 0.413 0.535 0.392 0.51 0.363 0.51
C 0.333 0.51 0.313 0.535 0.313 0.56
Z
M 0.109 0.56
C 0.109 0.59 0.134 0.61 0.159 0.61
C 0.189 0.61 0.209 0.585 0.209 0.56
C 0.209 0.535 0.188 0.51 0.159 0.51
C 0.129 0.51 0.109 0.535 0.109 0.56
Z
