M 0.101 0.697
C 0.101 0.709 0.107 0.717 0.121 0.727
C 0.251 0.824 0.253 0.824 0.263 0.824
L 0.265 0.824
C 0.276 0.824 0.277 0.821 0.409 0.726
C 0.415 0.721 0.427 0.712 0.427 0.698
C 0.427 0.682 0.409 0.659 0.391 0.659
C 0.373 0.659 0.305 0.718 0.263 0.751
C 0.159 0.668 0.151 0.659 0.137 0.659
C 0.117 0.659 0.101 0.683 0.101 0.697
Z
M 0.048 0.034
C 0.048 0.044 0.048 0.05 0.058 0.065
L 0.387 0.55
L 0.129 0.55
L 0.129 0.497
C 0.129 0.477 0.129 0.456 0.094 0.456
C 0.06 0.456 0.06 0.478 0.06 0.497
L 0.06 0.57
C 0.06 0.603 0.068 0.611 0.101 0.611
L 0.435 0.611
C 0.454 0.611 0.476 0.611 0.476 0.577
C 0.476 0.567 0.476 0.561 0.466 0.546
L 0.137 0.061
L 0.412 0.061
L 0.412 0.133
C 0.412 0.153 0.412 0.174 0.447 0.174
C 0.481 0.174 0.481 0.152 0.481 0.133
L 0.481 0.041
C 0.481 0.009 0.474 0 0.441 0
L 0.089 0
C 0.07 0 0.048 0 0.048 0.034
Z
